Location,Target,Type,Unit,Bin_start_incl,Bin_end_notincl,Value
National,Season onset,Bin,week,none,none,0.029411765
National,Season onset,Bin,week,40,41,0.029411765
National,Season onset,Bin,week,41,42,0.029411765
National,Season onset,Bin,week,42,43,0.029411765
National,Season onset,Bin,week,43,44,0.029411765
National,Season onset,Bin,week,44,45,0.029411765
National,Season onset,Bin,week,45,46,0.029411765
National,Season onset,Bin,week,46,47,0.029411765
National,Season onset,Bin,week,47,48,0.029411765
National,Season onset,Bin,week,48,49,0.029411765
National,Season onset,Bin,week,49,50,0.029411765
National,Season onset,Bin,week,50,51,0.029411765
National,Season onset,Bin,week,51,52,0.029411765
National,Season onset,Bin,week,52,53,0.029411765
National,Season onset,Bin,week,1,2,0.0765
National,Season onset,Bin,week,2,3,0.0765
National,Season onset,Bin,week,3,4,0.0765
National,Season onset,Bin,week,4,5,0.0765
National,Season onset,Bin,week,5,6,0.0765
National,Season onset,Bin,week,6,7,0.0765
National,Season onset,Bin,week,7,8,0.0765
National,Season onset,Bin,week,8,9,0.0765
National,Season onset,Bin,week,9,10,0.0765
National,Season onset,Bin,week,10,11,0.0765
National,Season onset,Bin,week,11,12,0.0765
National,Season onset,Bin,week,12,13,0.0765
National,Season onset,Bin,week,13,14,0.0765
National,Season onset,Bin,week,14,15,0.0765
National,Season onset,Bin,week,15,16,0.0765
National,Season onset,Bin,week,16,17,0.0765
National,Season onset,Bin,week,17,18,0.0765
National,Season onset,Bin,week,18,19,0.0765
National,Season onset,Bin,week,19,20,0.0765
National,Season onset,Bin,week,20,21,0.0765
National,Season peak week,Bin,week,40,41,0.03030303
National,Season peak week,Bin,week,41,42,0.03030303
National,Season peak week,Bin,week,42,43,0.03030303
National,Season peak week,Bin,week,43,44,0.03030303
National,Season peak week,Bin,week,44,45,0.03030303
National,Season peak week,Bin,week,45,46,0.03030303
National,Season peak week,Bin,week,46,47,0.03030303
National,Season peak week,Bin,week,47,48,0.03030303
National,Season peak week,Bin,week,48,49,0.03030303
National,Season peak week,Bin,week,49,50,0.03030303
National,Season peak week,Bin,week,50,51,0.03030303
National,Season peak week,Bin,week,51,52,0.03030303
National,Season peak week,Bin,week,52,53,0.03030303
National,Season peak week,Bin,week,1,2,0.03030303
National,Season peak week,Bin,week,2,3,0.03030303
National,Season peak week,Bin,week,3,4,0.03030303
National,Season peak week,Bin,week,4,5,0.03030303
National,Season peak week,Bin,week,5,6,0.03030303
National,Season peak week,Bin,week,6,7,0.03030303
National,Season peak week,Bin,week,7,8,0.03030303
National,Season peak week,Bin,week,8,9,0.03030303
National,Season peak week,Bin,week,9,10,0.03030303
National,Season peak week,Bin,week,10,11,0.03030303
National,Season peak week,Bin,week,11,12,0.03030303
National,Season peak week,Bin,week,12,13,0.03030303
National,Season peak week,Bin,week,13,14,0.03030303
National,Season peak week,Bin,week,14,15,0.03030303
National,Season peak week,Bin,week,15,16,0.03030303
National,Season peak week,Bin,week,16,17,0.03030303
National,Season peak week,Bin,week,17,18,0.03030303
National,Season peak week,Bin,week,18,19,0.03030303
National,Season peak week,Bin,week,19,20,0.03030303
National,Season peak week,Bin,week,20,21,0.03030303
National,Season peak percentage,Bin,percent,0.0,0.1,0.007633588
National,Season peak percentage,Bin,percent,0.1,0.2,0.007633588
National,Season peak percentage,Bin,percent,0.2,0.3,0.007633588
National,Season peak percentage,Bin,percent,0.3,0.4,0.007633588
National,Season peak percentage,Bin,percent,0.4,0.5,0.007633588
National,Season peak percentage,Bin,percent,0.5,0.6,0.007633588
National,Season peak percentage,Bin,percent,0.6,0.7,0.007633588
National,Season peak percentage,Bin,percent,0.7,0.8,0.007633588
National,Season peak percentage,Bin,percent,0.8,0.9,0.007633588
National,Season peak percentage,Bin,percent,0.9,1.0,0.007633588
National,Season peak percentage,Bin,percent,1.0,1.1,0.007633588
National,Season peak percentage,Bin,percent,1.1,1.2,0.007633588
National,Season peak percentage,Bin,percent,1.2,1.3,0.007633588
National,Season peak percentage,Bin,percent,1.3,1.4,0.007633588
National,Season peak percentage,Bin,percent,1.4,1.5,0.007633588
National,Season peak percentage,Bin,percent,1.5,1.6,0.007633588
National,Season peak percentage,Bin,percent,1.6,1.7,0.007633588
National,Season peak percentage,Bin,percent,1.7,1.8,0.007633588
National,Season peak percentage,Bin,percent,1.8,1.9,0.007633588
National,Season peak percentage,Bin,percent,1.9,2.0,0.007633588
National,Season peak percentage,Bin,percent,2.0,2.1,0.007633588
National,Season peak percentage,Bin,percent,2.1,2.2,0.007633588
National,Season peak percentage,Bin,percent,2.2,2.3,0.007633588
National,Season peak percentage,Bin,percent,2.3,2.4,0.007633588
National,Season peak percentage,Bin,percent,2.4,2.5,0.007633588
National,Season peak percentage,Bin,percent,2.5,2.6,0.007633588
National,Season peak percentage,Bin,percent,2.6,2.7,0.007633588
National,Season peak percentage,Bin,percent,2.7,2.8,0.007633588
National,Season peak percentage,Bin,percent,2.8,2.9,0.007633588
National,Season peak percentage,Bin,percent,2.9,3.0,0.007633588
National,Season peak percentage,Bin,percent,3.0,3.1,0.007633588
National,Season peak percentage,Bin,percent,3.1,3.2,0.007633588
National,Season peak percentage,Bin,percent,3.2,3.3,0.007633588
National,Season peak percentage,Bin,percent,3.3,3.4,0.007633588
National,Season peak percentage,Bin,percent,3.4,3.5,0.007633588
National,Season peak percentage,Bin,percent,3.5,3.6,0.007633588
National,Season peak percentage,Bin,percent,3.6,3.7,0.007633588
National,Season peak percentage,Bin,percent,3.7,3.8,0.007633588
National,Season peak percentage,Bin,percent,3.8,3.9,0.007633588
National,Season peak percentage,Bin,percent,3.9,4.0,0.007633588
National,Season peak percentage,Bin,percent,4.0,4.1,0.007633588
National,Season peak percentage,Bin,percent,4.1,4.2,0.007633588
National,Season peak percentage,Bin,percent,4.2,4.3,0.007633588
National,Season peak percentage,Bin,percent,4.3,4.4,0.007633588
National,Season peak percentage,Bin,percent,4.4,4.5,0.007633588
National,Season peak percentage,Bin,percent,4.5,4.6,0.007633588
National,Season peak percentage,Bin,percent,4.6,4.7,0.007633588
National,Season peak percentage,Bin,percent,4.7,4.8,0.007633588
National,Season peak percentage,Bin,percent,4.8,4.9,0.007633588
National,Season peak percentage,Bin,percent,4.9,5.0,0.007633588
National,Season peak percentage,Bin,percent,5.0,5.1,0.007633588
National,Season peak percentage,Bin,percent,5.1,5.2,0.007633588
National,Season peak percentage,Bin,percent,5.2,5.3,0.007633588
National,Season peak percentage,Bin,percent,5.3,5.4,0.007633588
National,Season peak percentage,Bin,percent,5.4,5.5,0.007633588
National,Season peak percentage,Bin,percent,5.5,5.6,0.007633588
National,Season peak percentage,Bin,percent,5.6,5.7,0.007633588
National,Season peak percentage,Bin,percent,5.7,5.8,0.007633588
National,Season peak percentage,Bin,percent,5.8,5.9,0.007633588
National,Season peak percentage,Bin,percent,5.9,6.0,0.007633588
National,Season peak percentage,Bin,percent,6.0,6.1,0.007633588
National,Season peak percentage,Bin,percent,6.1,6.2,0.007633588
National,Season peak percentage,Bin,percent,6.2,6.3,0.007633588
National,Season peak percentage,Bin,percent,6.3,6.4,0.007633588
National,Season peak percentage,Bin,percent,6.4,6.5,0.007633588
National,Season peak percentage,Bin,percent,6.5,6.6,0.007633588
National,Season peak percentage,Bin,percent,6.6,6.7,0.007633588
National,Season peak percentage,Bin,percent,6.7,6.8,0.007633588
National,Season peak percentage,Bin,percent,6.8,6.9,0.007633588
National,Season peak percentage,Bin,percent,6.9,7.0,0.007633588
National,Season peak percentage,Bin,percent,7.0,7.1,0.007633588
National,Season peak percentage,Bin,percent,7.1,7.2,0.007633588
National,Season peak percentage,Bin,percent,7.2,7.3,0.007633588
National,Season peak percentage,Bin,percent,7.3,7.4,0.007633588
National,Season peak percentage,Bin,percent,7.4,7.5,0.007633588
National,Season peak percentage,Bin,percent,7.5,7.6,0.007633588
National,Season peak percentage,Bin,percent,7.6,7.7,0.007633588
National,Season peak percentage,Bin,percent,7.7,7.8,0.007633588
National,Season peak percentage,Bin,percent,7.8,7.9,0.007633588
National,Season peak percentage,Bin,percent,7.9,8.0,0.007633588
National,Season peak percentage,Bin,percent,8.0,8.1,0.007633588
National,Season peak percentage,Bin,percent,8.1,8.2,0.007633588
National,Season peak percentage,Bin,percent,8.2,8.3,0.007633588
National,Season peak percentage,Bin,percent,8.3,8.4,0.007633588
National,Season peak percentage,Bin,percent,8.4,8.5,0.007633588
National,Season peak percentage,Bin,percent,8.5,8.6,0.007633588
National,Season peak percentage,Bin,percent,8.6,8.7,0.007633588
National,Season peak percentage,Bin,percent,8.7,8.8,0.007633588
National,Season peak percentage,Bin,percent,8.8,8.9,0.007633588
National,Season peak percentage,Bin,percent,8.9,9.0,0.007633588
National,Season peak percentage,Bin,percent,9.0,9.1,0.007633588
National,Season peak percentage,Bin,percent,9.1,9.2,0.007633588
National,Season peak percentage,Bin,percent,9.2,9.3,0.007633588
National,Season peak percentage,Bin,percent,9.3,9.4,0.007633588
National,Season peak percentage,Bin,percent,9.4,9.5,0.007633588
National,Season peak percentage,Bin,percent,9.5,9.6,0.007633588
National,Season peak percentage,Bin,percent,9.6,9.7,0.007633588
National,Season peak percentage,Bin,percent,9.7,9.8,0.007633588
National,Season peak percentage,Bin,percent,9.8,9.9,0.007633588
National,Season peak percentage,Bin,percent,9.9,10.0,0.007633588
National,Season peak percentage,Bin,percent,10.0,10.1,0.007633588
National,Season peak percentage,Bin,percent,10.1,10.2,0.007633588
National,Season peak percentage,Bin,percent,10.2,10.3,0.007633588
National,Season peak percentage,Bin,percent,10.3,10.4,0.007633588
National,Season peak percentage,Bin,percent,10.4,10.5,0.007633588
National,Season peak percentage,Bin,percent,10.5,10.6,0.007633588
National,Season peak percentage,Bin,percent,10.6,10.7,0.007633588
National,Season peak percentage,Bin,percent,10.7,10.8,0.007633588
National,Season peak percentage,Bin,percent,10.8,10.9,0.007633588
National,Season peak percentage,Bin,percent,10.9,11.0,0.007633588
National,Season peak percentage,Bin,percent,11.0,11.1,0.007633588
National,Season peak percentage,Bin,percent,11.1,11.2,0.007633588
National,Season peak percentage,Bin,percent,11.2,11.3,0.007633588
National,Season peak percentage,Bin,percent,11.3,11.4,0.007633588
National,Season peak percentage,Bin,percent,11.4,11.5,0.007633588
National,Season peak percentage,Bin,percent,11.5,11.6,0.007633588
National,Season peak percentage,Bin,percent,11.6,11.7,0.007633588
National,Season peak percentage,Bin,percent,11.7,11.8,0.007633588
National,Season peak percentage,Bin,percent,11.8,11.9,0.007633588
National,Season peak percentage,Bin,percent,11.9,12.0,0.007633588
National,Season peak percentage,Bin,percent,12.0,12.1,0.007633588
National,Season peak percentage,Bin,percent,12.1,12.2,0.007633588
National,Season peak percentage,Bin,percent,12.2,12.3,0.007633588
National,Season peak percentage,Bin,percent,12.3,12.4,0.007633588
National,Season peak percentage,Bin,percent,12.4,12.5,0.007633588
National,Season peak percentage,Bin,percent,12.5,12.6,0.007633588
National,Season peak percentage,Bin,percent,12.6,12.7,0.007633588
National,Season peak percentage,Bin,percent,12.7,12.8,0.007633588
National,Season peak percentage,Bin,percent,12.8,12.9,0.007633588
National,Season peak percentage,Bin,percent,12.9,13.0,0.007633588
National,Season peak percentage,Bin,percent,13.0,100.0,0.007633588
National,1 wk ahead,Point,percent,,,2.3038841093963116
National,1 wk ahead,Bin,percent,0.0,0.1,1.0000000000000002e-06
National,1 wk ahead,Bin,percent,0.1,0.2,1.0000000000000002e-06
National,1 wk ahead,Bin,percent,0.2,0.3,1.0000000000000002e-06
National,1 wk ahead,Bin,percent,0.3,0.4,1.0000000000000002e-06
National,1 wk ahead,Bin,percent,0.4,0.5,1.0000000000000002e-06
National,1 wk ahead,Bin,percent,0.5,0.6,1.0000000000000002e-06
National,1 wk ahead,Bin,percent,0.6,0.7,1.0000000000000002e-06
National,1 wk ahead,Bin,percent,0.7,0.8,1.0000000000000002e-06
National,1 wk ahead,Bin,percent,0.8,0.9,1.0000000000000002e-06
National,1 wk ahead,Bin,percent,0.9,1.0,1.0000000000000002e-06
National,1 wk ahead,Bin,percent,1.0,1.1,1.0000000000000002e-06
National,1 wk ahead,Bin,percent,1.1,1.2,1.0000000000000002e-06
National,1 wk ahead,Bin,percent,1.2,1.3,1.0000000000000002e-06
National,1 wk ahead,Bin,percent,1.3,1.4,1.0000000000000002e-06
National,1 wk ahead,Bin,percent,1.4,1.5,1.0000000000000002e-06
National,1 wk ahead,Bin,percent,1.5,1.6,1.0000000000000002e-06
National,1 wk ahead,Bin,percent,1.6,1.7,1.0000000000000002e-06
National,1 wk ahead,Bin,percent,1.7,1.8,1.0000000000000002e-06
National,1 wk ahead,Bin,percent,1.8,1.9,1.0000000000000002e-06
National,1 wk ahead,Bin,percent,1.9,2.0,1.0000000000000002e-06
National,1 wk ahead,Bin,percent,2.0,2.1,1.0000000000000002e-06
National,1 wk ahead,Bin,percent,2.1,2.2,1.0000000000000002e-06
National,1 wk ahead,Bin,percent,2.2,2.3,1.0000000000000002e-06
National,1 wk ahead,Bin,percent,2.3,2.4,1.0000000000000002e-06
National,1 wk ahead,Bin,percent,2.4,2.5,1.0000000000000002e-06
National,1 wk ahead,Bin,percent,2.5,2.6,1.0000000000000002e-06
National,1 wk ahead,Bin,percent,2.6,2.7,1.0000000000000002e-06
National,1 wk ahead,Bin,percent,2.7,2.8,1.0000000000000002e-06
National,1 wk ahead,Bin,percent,2.8,2.9,1.0000000000000002e-06
National,1 wk ahead,Bin,percent,2.9,3.0,1.0000000000000002e-06
National,1 wk ahead,Bin,percent,3.0,3.1,1.0000000000000002e-06
National,1 wk ahead,Bin,percent,3.1,3.2,1.0000000000000002e-06
National,1 wk ahead,Bin,percent,3.2,3.3,1.0000000000000002e-06
National,1 wk ahead,Bin,percent,3.3,3.4,0.00010099900000000001
National,1 wk ahead,Bin,percent,3.4,3.5,0.00010099900000000001
National,1 wk ahead,Bin,percent,3.5,3.6,0.000300997
National,1 wk ahead,Bin,percent,3.6,3.7,0.0007009929999999999
National,1 wk ahead,Bin,percent,3.7,3.8,0.00300097
National,1 wk ahead,Bin,percent,3.8,3.9,0.004300957
National,1 wk ahead,Bin,percent,3.9,4.0,0.007500925
National,1 wk ahead,Bin,percent,4.0,4.1,0.013000870000000003
National,1 wk ahead,Bin,percent,4.1,4.2,0.014900851000000001
National,1 wk ahead,Bin,percent,4.2,4.3,0.013800862000000002
National,1 wk ahead,Bin,percent,4.3,4.4,0.015100849000000003
National,1 wk ahead,Bin,percent,4.4,4.5,0.010700893
National,1 wk ahead,Bin,percent,4.5,4.6,0.006600934
National,1 wk ahead,Bin,percent,4.6,4.7,0.004900951000000001
National,1 wk ahead,Bin,percent,4.7,4.8,0.002200978
National,1 wk ahead,Bin,percent,4.8,4.9,0.0013009870000000002
National,1 wk ahead,Bin,percent,4.9,5.0,0.000600994
National,1 wk ahead,Bin,percent,5.0,5.1,0.000300997
National,1 wk ahead,Bin,percent,5.1,5.2,0.000400996
National,1 wk ahead,Bin,percent,5.2,5.3,0.00010099900000000001
National,1 wk ahead,Bin,percent,5.3,5.4,1.0000000000000002e-06
National,1 wk ahead,Bin,percent,5.4,5.5,1.0000000000000002e-06
National,1 wk ahead,Bin,percent,5.5,5.6,1.0000000000000002e-06
National,1 wk ahead,Bin,percent,5.6,5.7,0.00010099900000000001
National,1 wk ahead,Bin,percent,5.7,5.8,1.0000000000000002e-06
National,1 wk ahead,Bin,percent,5.8,5.9,1.0000000000000002e-06
National,1 wk ahead,Bin,percent,5.9,6.0,1.0000000000000002e-06
National,1 wk ahead,Bin,percent,6.0,6.1,1.0000000000000002e-06
National,1 wk ahead,Bin,percent,6.1,6.2,1.0000000000000002e-06
National,1 wk ahead,Bin,percent,6.2,6.3,1.0000000000000002e-06
National,1 wk ahead,Bin,percent,6.3,6.4,1.0000000000000002e-06
National,1 wk ahead,Bin,percent,6.4,6.5,1.0000000000000002e-06
National,1 wk ahead,Bin,percent,6.5,6.6,1.0000000000000002e-06
National,1 wk ahead,Bin,percent,6.6,6.7,1.0000000000000002e-06
National,1 wk ahead,Bin,percent,6.7,6.8,1.0000000000000002e-06
National,1 wk ahead,Bin,percent,6.8,6.9,1.0000000000000002e-06
National,1 wk ahead,Bin,percent,6.9,7.0,1.0000000000000002e-06
National,1 wk ahead,Bin,percent,7.0,7.1,1.0000000000000002e-06
National,1 wk ahead,Bin,percent,7.1,7.2,1.0000000000000002e-06
National,1 wk ahead,Bin,percent,7.2,7.3,1.0000000000000002e-06
National,1 wk ahead,Bin,percent,7.3,7.4,1.0000000000000002e-06
National,1 wk ahead,Bin,percent,7.4,7.5,1.0000000000000002e-06
National,1 wk ahead,Bin,percent,7.5,7.6,1.0000000000000002e-06
National,1 wk ahead,Bin,percent,7.6,7.7,1.0000000000000002e-06
National,1 wk ahead,Bin,percent,7.7,7.8,1.0000000000000002e-06
National,1 wk ahead,Bin,percent,7.8,7.9,1.0000000000000002e-06
National,1 wk ahead,Bin,percent,7.9,8.0,1.0000000000000002e-06
National,1 wk ahead,Bin,percent,8.0,8.1,1.0000000000000002e-06
National,1 wk ahead,Bin,percent,8.1,8.2,1.0000000000000002e-06
National,1 wk ahead,Bin,percent,8.2,8.3,1.0000000000000002e-06
National,1 wk ahead,Bin,percent,8.3,8.4,1.0000000000000002e-06
National,1 wk ahead,Bin,percent,8.4,8.5,1.0000000000000002e-06
National,1 wk ahead,Bin,percent,8.5,8.6,1.0000000000000002e-06
National,1 wk ahead,Bin,percent,8.6,8.7,1.0000000000000002e-06
National,1 wk ahead,Bin,percent,8.7,8.8,1.0000000000000002e-06
National,1 wk ahead,Bin,percent,8.8,8.9,1.0000000000000002e-06
National,1 wk ahead,Bin,percent,8.9,9.0,1.0000000000000002e-06
National,1 wk ahead,Bin,percent,9.0,9.1,1.0000000000000002e-06
National,1 wk ahead,Bin,percent,9.1,9.2,1.0000000000000002e-06
National,1 wk ahead,Bin,percent,9.2,9.3,1.0000000000000002e-06
National,1 wk ahead,Bin,percent,9.3,9.4,1.0000000000000002e-06
National,1 wk ahead,Bin,percent,9.4,9.5,1.0000000000000002e-06
National,1 wk ahead,Bin,percent,9.5,9.6,1.0000000000000002e-06
National,1 wk ahead,Bin,percent,9.6,9.7,1.0000000000000002e-06
National,1 wk ahead,Bin,percent,9.7,9.8,1.0000000000000002e-06
National,1 wk ahead,Bin,percent,9.8,9.9,1.0000000000000002e-06
National,1 wk ahead,Bin,percent,9.9,10.0,1.0000000000000002e-06
National,1 wk ahead,Bin,percent,10.0,10.1,1.0000000000000002e-06
National,1 wk ahead,Bin,percent,10.1,10.2,1.0000000000000002e-06
National,1 wk ahead,Bin,percent,10.2,10.3,1.0000000000000002e-06
National,1 wk ahead,Bin,percent,10.3,10.4,1.0000000000000002e-06
National,1 wk ahead,Bin,percent,10.4,10.5,1.0000000000000002e-06
National,1 wk ahead,Bin,percent,10.5,10.6,1.0000000000000002e-06
National,1 wk ahead,Bin,percent,10.6,10.7,1.0000000000000002e-06
National,1 wk ahead,Bin,percent,10.7,10.8,1.0000000000000002e-06
National,1 wk ahead,Bin,percent,10.8,10.9,1.0000000000000002e-06
National,1 wk ahead,Bin,percent,10.9,11.0,1.0000000000000002e-06
National,1 wk ahead,Bin,percent,11.0,11.1,1.0000000000000002e-06
National,1 wk ahead,Bin,percent,11.1,11.2,1.0000000000000002e-06
National,1 wk ahead,Bin,percent,11.2,11.3,1.0000000000000002e-06
National,1 wk ahead,Bin,percent,11.3,11.4,1.0000000000000002e-06
National,1 wk ahead,Bin,percent,11.4,11.5,1.0000000000000002e-06
National,1 wk ahead,Bin,percent,11.5,11.6,1.0000000000000002e-06
National,1 wk ahead,Bin,percent,11.6,11.7,1.0000000000000002e-06
National,1 wk ahead,Bin,percent,11.7,11.8,1.0000000000000002e-06
National,1 wk ahead,Bin,percent,11.8,11.9,1.0000000000000002e-06
National,1 wk ahead,Bin,percent,11.9,12.0,1.0000000000000002e-06
National,1 wk ahead,Bin,percent,12.0,12.1,1.0000000000000002e-06
National,1 wk ahead,Bin,percent,12.1,12.2,1.0000000000000002e-06
National,1 wk ahead,Bin,percent,12.2,12.3,1.0000000000000002e-06
National,1 wk ahead,Bin,percent,12.3,12.4,1.0000000000000002e-06
National,1 wk ahead,Bin,percent,12.4,12.5,1.0000000000000002e-06
National,1 wk ahead,Bin,percent,12.5,12.6,1.0000000000000002e-06
National,1 wk ahead,Bin,percent,12.6,12.7,1.0000000000000002e-06
National,1 wk ahead,Bin,percent,12.7,12.8,1.0000000000000002e-06
National,1 wk ahead,Bin,percent,12.8,12.9,1.0000000000000002e-06
National,1 wk ahead,Bin,percent,12.9,13.0,1.0000000000000002e-06
National,1 wk ahead,Bin,percent,13.0,100,1.0000000000000002e-06
National,2 wk ahead,Point,percent,,,2.797597277188206
National,2 wk ahead,Bin,percent,0.0,0.1,1.0000000000000002e-06
National,2 wk ahead,Bin,percent,0.1,0.2,1.0000000000000002e-06
National,2 wk ahead,Bin,percent,0.2,0.3,1.0000000000000002e-06
National,2 wk ahead,Bin,percent,0.3,0.4,1.0000000000000002e-06
National,2 wk ahead,Bin,percent,0.4,0.5,1.0000000000000002e-06
National,2 wk ahead,Bin,percent,0.5,0.6,1.0000000000000002e-06
National,2 wk ahead,Bin,percent,0.6,0.7,1.0000000000000002e-06
National,2 wk ahead,Bin,percent,0.7,0.8,1.0000000000000002e-06
National,2 wk ahead,Bin,percent,0.8,0.9,1.0000000000000002e-06
National,2 wk ahead,Bin,percent,0.9,1.0,1.0000000000000002e-06
National,2 wk ahead,Bin,percent,1.0,1.1,1.0000000000000002e-06
National,2 wk ahead,Bin,percent,1.1,1.2,1.0000000000000002e-06
National,2 wk ahead,Bin,percent,1.2,1.3,1.0000000000000002e-06
National,2 wk ahead,Bin,percent,1.3,1.4,1.0000000000000002e-06
National,2 wk ahead,Bin,percent,1.4,1.5,1.0000000000000002e-06
National,2 wk ahead,Bin,percent,1.5,1.6,1.0000000000000002e-06
National,2 wk ahead,Bin,percent,1.6,1.7,1.0000000000000002e-06
National,2 wk ahead,Bin,percent,1.7,1.8,1.0000000000000002e-06
National,2 wk ahead,Bin,percent,1.8,1.9,1.0000000000000002e-06
National,2 wk ahead,Bin,percent,1.9,2.0,1.0000000000000002e-06
National,2 wk ahead,Bin,percent,2.0,2.1,1.0000000000000002e-06
National,2 wk ahead,Bin,percent,2.1,2.2,1.0000000000000002e-06
National,2 wk ahead,Bin,percent,2.2,2.3,1.0000000000000002e-06
National,2 wk ahead,Bin,percent,2.3,2.4,1.0000000000000002e-06
National,2 wk ahead,Bin,percent,2.4,2.5,0.00010099900000000001
National,2 wk ahead,Bin,percent,2.5,2.6,0.000300997
National,2 wk ahead,Bin,percent,2.6,2.7,0.000300997
National,2 wk ahead,Bin,percent,2.7,2.8,0.000400996
National,2 wk ahead,Bin,percent,2.8,2.9,0.001200988
National,2 wk ahead,Bin,percent,2.9,3.0,0.0013009870000000002
National,2 wk ahead,Bin,percent,3.0,3.1,0.0016009840000000002
National,2 wk ahead,Bin,percent,3.1,3.2,0.0027009729999999997
National,2 wk ahead,Bin,percent,3.2,3.3,0.002500975
National,2 wk ahead,Bin,percent,3.3,3.4,0.004600954000000001
National,2 wk ahead,Bin,percent,3.4,3.5,0.004400956
National,2 wk ahead,Bin,percent,3.5,3.6,0.004500955
National,2 wk ahead,Bin,percent,3.6,3.7,0.006300937000000001
National,2 wk ahead,Bin,percent,3.7,3.8,0.005600944
National,2 wk ahead,Bin,percent,3.8,3.9,0.007900921
National,2 wk ahead,Bin,percent,3.9,4.0,0.006300937000000001
National,2 wk ahead,Bin,percent,4.0,4.1,0.007500925
National,2 wk ahead,Bin,percent,4.1,4.2,0.006800932
National,2 wk ahead,Bin,percent,4.2,4.3,0.005700943000000001
National,2 wk ahead,Bin,percent,4.3,4.4,0.004200958
National,2 wk ahead,Bin,percent,4.4,4.5,0.004800952000000001
National,2 wk ahead,Bin,percent,4.5,4.6,0.004400956
National,2 wk ahead,Bin,percent,4.6,4.7,0.0033009670000000006
National,2 wk ahead,Bin,percent,4.7,4.8,0.0027009729999999997
National,2 wk ahead,Bin,percent,4.8,4.9,0.002100979
National,2 wk ahead,Bin,percent,4.9,5.0,0.001900981
National,2 wk ahead,Bin,percent,5.0,5.1,0.001700983
National,2 wk ahead,Bin,percent,5.1,5.2,0.00100099
National,2 wk ahead,Bin,percent,5.2,5.3,0.001200988
National,2 wk ahead,Bin,percent,5.3,5.4,0.000500995
National,2 wk ahead,Bin,percent,5.4,5.5,0.000400996
National,2 wk ahead,Bin,percent,5.5,5.6,0.000400996
National,2 wk ahead,Bin,percent,5.6,5.7,0.00020099800000000003
National,2 wk ahead,Bin,percent,5.7,5.8,0.000300997
National,2 wk ahead,Bin,percent,5.8,5.9,0.000400996
National,2 wk ahead,Bin,percent,5.9,6.0,0.00020099800000000003
National,2 wk ahead,Bin,percent,6.0,6.1,0.00010099900000000001
National,2 wk ahead,Bin,percent,6.1,6.2,1.0000000000000002e-06
National,2 wk ahead,Bin,percent,6.2,6.3,0.00020099800000000003
National,2 wk ahead,Bin,percent,6.3,6.4,1.0000000000000002e-06
National,2 wk ahead,Bin,percent,6.4,6.5,1.0000000000000002e-06
National,2 wk ahead,Bin,percent,6.5,6.6,1.0000000000000002e-06
National,2 wk ahead,Bin,percent,6.6,6.7,1.0000000000000002e-06
National,2 wk ahead,Bin,percent,6.7,6.8,1.0000000000000002e-06
National,2 wk ahead,Bin,percent,6.8,6.9,1.0000000000000002e-06
National,2 wk ahead,Bin,percent,6.9,7.0,1.0000000000000002e-06
National,2 wk ahead,Bin,percent,7.0,7.1,1.0000000000000002e-06
National,2 wk ahead,Bin,percent,7.1,7.2,1.0000000000000002e-06
National,2 wk ahead,Bin,percent,7.2,7.3,1.0000000000000002e-06
National,2 wk ahead,Bin,percent,7.3,7.4,1.0000000000000002e-06
National,2 wk ahead,Bin,percent,7.4,7.5,1.0000000000000002e-06
National,2 wk ahead,Bin,percent,7.5,7.6,1.0000000000000002e-06
National,2 wk ahead,Bin,percent,7.6,7.7,1.0000000000000002e-06
National,2 wk ahead,Bin,percent,7.7,7.8,1.0000000000000002e-06
National,2 wk ahead,Bin,percent,7.8,7.9,1.0000000000000002e-06
National,2 wk ahead,Bin,percent,7.9,8.0,1.0000000000000002e-06
National,2 wk ahead,Bin,percent,8.0,8.1,1.0000000000000002e-06
National,2 wk ahead,Bin,percent,8.1,8.2,1.0000000000000002e-06
National,2 wk ahead,Bin,percent,8.2,8.3,1.0000000000000002e-06
National,2 wk ahead,Bin,percent,8.3,8.4,1.0000000000000002e-06
National,2 wk ahead,Bin,percent,8.4,8.5,1.0000000000000002e-06
National,2 wk ahead,Bin,percent,8.5,8.6,1.0000000000000002e-06
National,2 wk ahead,Bin,percent,8.6,8.7,1.0000000000000002e-06
National,2 wk ahead,Bin,percent,8.7,8.8,1.0000000000000002e-06
National,2 wk ahead,Bin,percent,8.8,8.9,1.0000000000000002e-06
National,2 wk ahead,Bin,percent,8.9,9.0,1.0000000000000002e-06
National,2 wk ahead,Bin,percent,9.0,9.1,1.0000000000000002e-06
National,2 wk ahead,Bin,percent,9.1,9.2,1.0000000000000002e-06
National,2 wk ahead,Bin,percent,9.2,9.3,1.0000000000000002e-06
National,2 wk ahead,Bin,percent,9.3,9.4,1.0000000000000002e-06
National,2 wk ahead,Bin,percent,9.4,9.5,1.0000000000000002e-06
National,2 wk ahead,Bin,percent,9.5,9.6,1.0000000000000002e-06
National,2 wk ahead,Bin,percent,9.6,9.7,1.0000000000000002e-06
National,2 wk ahead,Bin,percent,9.7,9.8,1.0000000000000002e-06
National,2 wk ahead,Bin,percent,9.8,9.9,1.0000000000000002e-06
National,2 wk ahead,Bin,percent,9.9,10.0,1.0000000000000002e-06
National,2 wk ahead,Bin,percent,10.0,10.1,1.0000000000000002e-06
National,2 wk ahead,Bin,percent,10.1,10.2,1.0000000000000002e-06
National,2 wk ahead,Bin,percent,10.2,10.3,1.0000000000000002e-06
National,2 wk ahead,Bin,percent,10.3,10.4,1.0000000000000002e-06
National,2 wk ahead,Bin,percent,10.4,10.5,1.0000000000000002e-06
National,2 wk ahead,Bin,percent,10.5,10.6,1.0000000000000002e-06
National,2 wk ahead,Bin,percent,10.6,10.7,1.0000000000000002e-06
National,2 wk ahead,Bin,percent,10.7,10.8,1.0000000000000002e-06
National,2 wk ahead,Bin,percent,10.8,10.9,1.0000000000000002e-06
National,2 wk ahead,Bin,percent,10.9,11.0,1.0000000000000002e-06
National,2 wk ahead,Bin,percent,11.0,11.1,1.0000000000000002e-06
National,2 wk ahead,Bin,percent,11.1,11.2,1.0000000000000002e-06
National,2 wk ahead,Bin,percent,11.2,11.3,1.0000000000000002e-06
National,2 wk ahead,Bin,percent,11.3,11.4,1.0000000000000002e-06
National,2 wk ahead,Bin,percent,11.4,11.5,1.0000000000000002e-06
National,2 wk ahead,Bin,percent,11.5,11.6,1.0000000000000002e-06
National,2 wk ahead,Bin,percent,11.6,11.7,1.0000000000000002e-06
National,2 wk ahead,Bin,percent,11.7,11.8,1.0000000000000002e-06
National,2 wk ahead,Bin,percent,11.8,11.9,1.0000000000000002e-06
National,2 wk ahead,Bin,percent,11.9,12.0,1.0000000000000002e-06
National,2 wk ahead,Bin,percent,12.0,12.1,1.0000000000000002e-06
National,2 wk ahead,Bin,percent,12.1,12.2,1.0000000000000002e-06
National,2 wk ahead,Bin,percent,12.2,12.3,1.0000000000000002e-06
National,2 wk ahead,Bin,percent,12.3,12.4,1.0000000000000002e-06
National,2 wk ahead,Bin,percent,12.4,12.5,1.0000000000000002e-06
National,2 wk ahead,Bin,percent,12.5,12.6,1.0000000000000002e-06
National,2 wk ahead,Bin,percent,12.6,12.7,1.0000000000000002e-06
National,2 wk ahead,Bin,percent,12.7,12.8,1.0000000000000002e-06
National,2 wk ahead,Bin,percent,12.8,12.9,1.0000000000000002e-06
National,2 wk ahead,Bin,percent,12.9,13.0,1.0000000000000002e-06
National,2 wk ahead,Bin,percent,13.0,100,1.0000000000000002e-06
National,3 wk ahead,Point,percent,,,2.93405768524916
National,3 wk ahead,Bin,percent,0.0,0.1,1.0000000000000002e-06
National,3 wk ahead,Bin,percent,0.1,0.2,1.0000000000000002e-06
National,3 wk ahead,Bin,percent,0.2,0.3,1.0000000000000002e-06
National,3 wk ahead,Bin,percent,0.3,0.4,1.0000000000000002e-06
National,3 wk ahead,Bin,percent,0.4,0.5,1.0000000000000002e-06
National,3 wk ahead,Bin,percent,0.5,0.6,1.0000000000000002e-06
National,3 wk ahead,Bin,percent,0.6,0.7,1.0000000000000002e-06
National,3 wk ahead,Bin,percent,0.7,0.8,1.0000000000000002e-06
National,3 wk ahead,Bin,percent,0.8,0.9,1.0000000000000002e-06
National,3 wk ahead,Bin,percent,0.9,1.0,1.0000000000000002e-06
National,3 wk ahead,Bin,percent,1.0,1.1,1.0000000000000002e-06
National,3 wk ahead,Bin,percent,1.1,1.2,1.0000000000000002e-06
National,3 wk ahead,Bin,percent,1.2,1.3,1.0000000000000002e-06
National,3 wk ahead,Bin,percent,1.3,1.4,1.0000000000000002e-06
National,3 wk ahead,Bin,percent,1.4,1.5,1.0000000000000002e-06
National,3 wk ahead,Bin,percent,1.5,1.6,1.0000000000000002e-06
National,3 wk ahead,Bin,percent,1.6,1.7,1.0000000000000002e-06
National,3 wk ahead,Bin,percent,1.7,1.8,1.0000000000000002e-06
National,3 wk ahead,Bin,percent,1.8,1.9,1.0000000000000002e-06
National,3 wk ahead,Bin,percent,1.9,2.0,1.0000000000000002e-06
National,3 wk ahead,Bin,percent,2.0,2.1,1.0000000000000002e-06
National,3 wk ahead,Bin,percent,2.1,2.2,1.0000000000000002e-06
National,3 wk ahead,Bin,percent,2.2,2.3,1.0000000000000002e-06
National,3 wk ahead,Bin,percent,2.3,2.4,1.0000000000000002e-06
National,3 wk ahead,Bin,percent,2.4,2.5,1.0000000000000002e-06
National,3 wk ahead,Bin,percent,2.5,2.6,0.00010099900000000001
National,3 wk ahead,Bin,percent,2.6,2.7,0.00010099900000000001
National,3 wk ahead,Bin,percent,2.7,2.8,0.00100099
National,3 wk ahead,Bin,percent,2.8,2.9,0.0026009740000000003
National,3 wk ahead,Bin,percent,2.9,3.0,0.004700953
National,3 wk ahead,Bin,percent,3.0,3.1,0.005900941000000001
National,3 wk ahead,Bin,percent,3.1,3.2,0.007200928
National,3 wk ahead,Bin,percent,3.2,3.3,0.009800902
National,3 wk ahead,Bin,percent,3.3,3.4,0.008800912
National,3 wk ahead,Bin,percent,3.4,3.5,0.009500905
National,3 wk ahead,Bin,percent,3.5,3.6,0.0100009
National,3 wk ahead,Bin,percent,3.6,3.7,0.008400916
National,3 wk ahead,Bin,percent,3.7,3.8,0.008300917000000001
National,3 wk ahead,Bin,percent,3.8,3.9,0.006800932
National,3 wk ahead,Bin,percent,3.9,4.0,0.004800952000000001
National,3 wk ahead,Bin,percent,4.0,4.1,0.0039009610000000005
National,3 wk ahead,Bin,percent,4.1,4.2,0.002500975
National,3 wk ahead,Bin,percent,4.2,4.3,0.001900981
National,3 wk ahead,Bin,percent,4.3,4.4,0.00100099
National,3 wk ahead,Bin,percent,4.4,4.5,0.001200988
National,3 wk ahead,Bin,percent,4.5,4.6,0.000300997
National,3 wk ahead,Bin,percent,4.6,4.7,0.0007009929999999999
National,3 wk ahead,Bin,percent,4.7,4.8,0.00020099800000000003
National,3 wk ahead,Bin,percent,4.8,4.9,0.00020099800000000003
National,3 wk ahead,Bin,percent,4.9,5.0,1.0000000000000002e-06
National,3 wk ahead,Bin,percent,5.0,5.1,1.0000000000000002e-06
National,3 wk ahead,Bin,percent,5.1,5.2,1.0000000000000002e-06
National,3 wk ahead,Bin,percent,5.2,5.3,1.0000000000000002e-06
National,3 wk ahead,Bin,percent,5.3,5.4,1.0000000000000002e-06
National,3 wk ahead,Bin,percent,5.4,5.5,0.00010099900000000001
National,3 wk ahead,Bin,percent,5.5,5.6,1.0000000000000002e-06
National,3 wk ahead,Bin,percent,5.6,5.7,1.0000000000000002e-06
National,3 wk ahead,Bin,percent,5.7,5.8,1.0000000000000002e-06
National,3 wk ahead,Bin,percent,5.8,5.9,1.0000000000000002e-06
National,3 wk ahead,Bin,percent,5.9,6.0,1.0000000000000002e-06
National,3 wk ahead,Bin,percent,6.0,6.1,1.0000000000000002e-06
National,3 wk ahead,Bin,percent,6.1,6.2,1.0000000000000002e-06
National,3 wk ahead,Bin,percent,6.2,6.3,1.0000000000000002e-06
National,3 wk ahead,Bin,percent,6.3,6.4,1.0000000000000002e-06
National,3 wk ahead,Bin,percent,6.4,6.5,1.0000000000000002e-06
National,3 wk ahead,Bin,percent,6.5,6.6,1.0000000000000002e-06
National,3 wk ahead,Bin,percent,6.6,6.7,1.0000000000000002e-06
National,3 wk ahead,Bin,percent,6.7,6.8,1.0000000000000002e-06
National,3 wk ahead,Bin,percent,6.8,6.9,1.0000000000000002e-06
National,3 wk ahead,Bin,percent,6.9,7.0,1.0000000000000002e-06
National,3 wk ahead,Bin,percent,7.0,7.1,1.0000000000000002e-06
National,3 wk ahead,Bin,percent,7.1,7.2,1.0000000000000002e-06
National,3 wk ahead,Bin,percent,7.2,7.3,1.0000000000000002e-06
National,3 wk ahead,Bin,percent,7.3,7.4,1.0000000000000002e-06
National,3 wk ahead,Bin,percent,7.4,7.5,1.0000000000000002e-06
National,3 wk ahead,Bin,percent,7.5,7.6,1.0000000000000002e-06
National,3 wk ahead,Bin,percent,7.6,7.7,1.0000000000000002e-06
National,3 wk ahead,Bin,percent,7.7,7.8,1.0000000000000002e-06
National,3 wk ahead,Bin,percent,7.8,7.9,1.0000000000000002e-06
National,3 wk ahead,Bin,percent,7.9,8.0,1.0000000000000002e-06
National,3 wk ahead,Bin,percent,8.0,8.1,1.0000000000000002e-06
National,3 wk ahead,Bin,percent,8.1,8.2,1.0000000000000002e-06
National,3 wk ahead,Bin,percent,8.2,8.3,1.0000000000000002e-06
National,3 wk ahead,Bin,percent,8.3,8.4,1.0000000000000002e-06
National,3 wk ahead,Bin,percent,8.4,8.5,1.0000000000000002e-06
National,3 wk ahead,Bin,percent,8.5,8.6,1.0000000000000002e-06
National,3 wk ahead,Bin,percent,8.6,8.7,1.0000000000000002e-06
National,3 wk ahead,Bin,percent,8.7,8.8,1.0000000000000002e-06
National,3 wk ahead,Bin,percent,8.8,8.9,1.0000000000000002e-06
National,3 wk ahead,Bin,percent,8.9,9.0,1.0000000000000002e-06
National,3 wk ahead,Bin,percent,9.0,9.1,1.0000000000000002e-06
National,3 wk ahead,Bin,percent,9.1,9.2,1.0000000000000002e-06
National,3 wk ahead,Bin,percent,9.2,9.3,1.0000000000000002e-06
National,3 wk ahead,Bin,percent,9.3,9.4,1.0000000000000002e-06
National,3 wk ahead,Bin,percent,9.4,9.5,1.0000000000000002e-06
National,3 wk ahead,Bin,percent,9.5,9.6,1.0000000000000002e-06
National,3 wk ahead,Bin,percent,9.6,9.7,1.0000000000000002e-06
National,3 wk ahead,Bin,percent,9.7,9.8,1.0000000000000002e-06
National,3 wk ahead,Bin,percent,9.8,9.9,1.0000000000000002e-06
National,3 wk ahead,Bin,percent,9.9,10.0,1.0000000000000002e-06
National,3 wk ahead,Bin,percent,10.0,10.1,1.0000000000000002e-06
National,3 wk ahead,Bin,percent,10.1,10.2,1.0000000000000002e-06
National,3 wk ahead,Bin,percent,10.2,10.3,1.0000000000000002e-06
National,3 wk ahead,Bin,percent,10.3,10.4,1.0000000000000002e-06
National,3 wk ahead,Bin,percent,10.4,10.5,1.0000000000000002e-06
National,3 wk ahead,Bin,percent,10.5,10.6,1.0000000000000002e-06
National,3 wk ahead,Bin,percent,10.6,10.7,1.0000000000000002e-06
National,3 wk ahead,Bin,percent,10.7,10.8,1.0000000000000002e-06
National,3 wk ahead,Bin,percent,10.8,10.9,1.0000000000000002e-06
National,3 wk ahead,Bin,percent,10.9,11.0,1.0000000000000002e-06
National,3 wk ahead,Bin,percent,11.0,11.1,1.0000000000000002e-06
National,3 wk ahead,Bin,percent,11.1,11.2,1.0000000000000002e-06
National,3 wk ahead,Bin,percent,11.2,11.3,1.0000000000000002e-06
National,3 wk ahead,Bin,percent,11.3,11.4,1.0000000000000002e-06
National,3 wk ahead,Bin,percent,11.4,11.5,1.0000000000000002e-06
National,3 wk ahead,Bin,percent,11.5,11.6,1.0000000000000002e-06
National,3 wk ahead,Bin,percent,11.6,11.7,1.0000000000000002e-06
National,3 wk ahead,Bin,percent,11.7,11.8,1.0000000000000002e-06
National,3 wk ahead,Bin,percent,11.8,11.9,1.0000000000000002e-06
National,3 wk ahead,Bin,percent,11.9,12.0,1.0000000000000002e-06
National,3 wk ahead,Bin,percent,12.0,12.1,1.0000000000000002e-06
National,3 wk ahead,Bin,percent,12.1,12.2,1.0000000000000002e-06
National,3 wk ahead,Bin,percent,12.2,12.3,1.0000000000000002e-06
National,3 wk ahead,Bin,percent,12.3,12.4,1.0000000000000002e-06
National,3 wk ahead,Bin,percent,12.4,12.5,1.0000000000000002e-06
National,3 wk ahead,Bin,percent,12.5,12.6,1.0000000000000002e-06
National,3 wk ahead,Bin,percent,12.6,12.7,1.0000000000000002e-06
National,3 wk ahead,Bin,percent,12.7,12.8,1.0000000000000002e-06
National,3 wk ahead,Bin,percent,12.8,12.9,1.0000000000000002e-06
National,3 wk ahead,Bin,percent,12.9,13.0,1.0000000000000002e-06
National,3 wk ahead,Bin,percent,13.0,100,1.0000000000000002e-06
National,4 wk ahead,Point,percent,,,2.8467409516440463
National,4 wk ahead,Bin,percent,0.0,0.1,0.045300547000000004
National,4 wk ahead,Bin,percent,0.1,0.2,0.005400946
National,4 wk ahead,Bin,percent,0.2,0.3,0.002900971
National,4 wk ahead,Bin,percent,0.3,0.4,0.002500975
National,4 wk ahead,Bin,percent,0.4,0.5,0.0013009870000000002
National,4 wk ahead,Bin,percent,0.5,0.6,0.000400996
National,4 wk ahead,Bin,percent,0.6,0.7,0.0016009840000000002
National,4 wk ahead,Bin,percent,0.7,0.8,0.000600994
National,4 wk ahead,Bin,percent,0.8,0.9,0.000600994
National,4 wk ahead,Bin,percent,0.9,1.0,0.00100099
National,4 wk ahead,Bin,percent,1.0,1.1,0.000900991
National,4 wk ahead,Bin,percent,1.1,1.2,0.0007009929999999999
National,4 wk ahead,Bin,percent,1.2,1.3,0.000900991
National,4 wk ahead,Bin,percent,1.3,1.4,0.000600994
National,4 wk ahead,Bin,percent,1.4,1.5,0.000600994
National,4 wk ahead,Bin,percent,1.5,1.6,0.0007009929999999999
National,4 wk ahead,Bin,percent,1.6,1.7,0.000400996
National,4 wk ahead,Bin,percent,1.7,1.8,0.00010099900000000001
National,4 wk ahead,Bin,percent,1.8,1.9,0.000600994
National,4 wk ahead,Bin,percent,1.9,2.0,0.00020099800000000003
National,4 wk ahead,Bin,percent,2.0,2.1,0.000500995
National,4 wk ahead,Bin,percent,2.1,2.2,0.000400996
National,4 wk ahead,Bin,percent,2.2,2.3,0.000800992
National,4 wk ahead,Bin,percent,2.3,2.4,0.00020099800000000003
National,4 wk ahead,Bin,percent,2.4,2.5,0.00020099800000000003
National,4 wk ahead,Bin,percent,2.5,2.6,0.000300997
National,4 wk ahead,Bin,percent,2.6,2.7,0.00020099800000000003
National,4 wk ahead,Bin,percent,2.7,2.8,0.00010099900000000001
National,4 wk ahead,Bin,percent,2.8,2.9,0.000600994
National,4 wk ahead,Bin,percent,2.9,3.0,0.00020099800000000003
National,4 wk ahead,Bin,percent,3.0,3.1,1.0000000000000002e-06
National,4 wk ahead,Bin,percent,3.1,3.2,0.00020099800000000003
National,4 wk ahead,Bin,percent,3.2,3.3,0.000400996
National,4 wk ahead,Bin,percent,3.3,3.4,0.00010099900000000001
National,4 wk ahead,Bin,percent,3.4,3.5,0.000400996
National,4 wk ahead,Bin,percent,3.5,3.6,0.00020099800000000003
National,4 wk ahead,Bin,percent,3.6,3.7,0.000500995
National,4 wk ahead,Bin,percent,3.7,3.8,0.00010099900000000001
National,4 wk ahead,Bin,percent,3.8,3.9,0.00010099900000000001
National,4 wk ahead,Bin,percent,3.9,4.0,0.00010099900000000001
National,4 wk ahead,Bin,percent,4.0,4.1,1.0000000000000002e-06
National,4 wk ahead,Bin,percent,4.1,4.2,1.0000000000000002e-06
National,4 wk ahead,Bin,percent,4.2,4.3,1.0000000000000002e-06
National,4 wk ahead,Bin,percent,4.3,4.4,0.00010099900000000001
National,4 wk ahead,Bin,percent,4.4,4.5,0.00020099800000000003
National,4 wk ahead,Bin,percent,4.5,4.6,0.00010099900000000001
National,4 wk ahead,Bin,percent,4.6,4.7,0.00020099800000000003
National,4 wk ahead,Bin,percent,4.7,4.8,0.00010099900000000001
National,4 wk ahead,Bin,percent,4.8,4.9,0.00020099800000000003
National,4 wk ahead,Bin,percent,4.9,5.0,0.00010099900000000001
National,4 wk ahead,Bin,percent,5.0,5.1,0.00010099900000000001
National,4 wk ahead,Bin,percent,5.1,5.2,0.00020099800000000003
National,4 wk ahead,Bin,percent,5.2,5.3,1.0000000000000002e-06
National,4 wk ahead,Bin,percent,5.3,5.4,1.0000000000000002e-06
National,4 wk ahead,Bin,percent,5.4,5.5,0.000400996
National,4 wk ahead,Bin,percent,5.5,5.6,1.0000000000000002e-06
National,4 wk ahead,Bin,percent,5.6,5.7,1.0000000000000002e-06
National,4 wk ahead,Bin,percent,5.7,5.8,1.0000000000000002e-06
National,4 wk ahead,Bin,percent,5.8,5.9,0.00010099900000000001
National,4 wk ahead,Bin,percent,5.9,6.0,0.00010099900000000001
National,4 wk ahead,Bin,percent,6.0,6.1,0.00020099800000000003
National,4 wk ahead,Bin,percent,6.1,6.2,0.00020099800000000003
National,4 wk ahead,Bin,percent,6.2,6.3,1.0000000000000002e-06
National,4 wk ahead,Bin,percent,6.3,6.4,0.00010099900000000001
National,4 wk ahead,Bin,percent,6.4,6.5,0.00010099900000000001
National,4 wk ahead,Bin,percent,6.5,6.6,1.0000000000000002e-06
National,4 wk ahead,Bin,percent,6.6,6.7,0.000300997
National,4 wk ahead,Bin,percent,6.7,6.8,1.0000000000000002e-06
National,4 wk ahead,Bin,percent,6.8,6.9,1.0000000000000002e-06
National,4 wk ahead,Bin,percent,6.9,7.0,0.00020099800000000003
National,4 wk ahead,Bin,percent,7.0,7.1,1.0000000000000002e-06
National,4 wk ahead,Bin,percent,7.1,7.2,0.00010099900000000001
National,4 wk ahead,Bin,percent,7.2,7.3,1.0000000000000002e-06
National,4 wk ahead,Bin,percent,7.3,7.4,0.00010099900000000001
National,4 wk ahead,Bin,percent,7.4,7.5,0.00010099900000000001
National,4 wk ahead,Bin,percent,7.5,7.6,0.00010099900000000001
National,4 wk ahead,Bin,percent,7.6,7.7,1.0000000000000002e-06
National,4 wk ahead,Bin,percent,7.7,7.8,0.00020099800000000003
National,4 wk ahead,Bin,percent,7.8,7.9,0.00010099900000000001
National,4 wk ahead,Bin,percent,7.9,8.0,0.00020099800000000003
National,4 wk ahead,Bin,percent,8.0,8.1,1.0000000000000002e-06
National,4 wk ahead,Bin,percent,8.1,8.2,1.0000000000000002e-06
National,4 wk ahead,Bin,percent,8.2,8.3,0.00010099900000000001
National,4 wk ahead,Bin,percent,8.3,8.4,0.000300997
National,4 wk ahead,Bin,percent,8.4,8.5,0.00010099900000000001
National,4 wk ahead,Bin,percent,8.5,8.6,0.000400996
National,4 wk ahead,Bin,percent,8.6,8.7,0.00020099800000000003
National,4 wk ahead,Bin,percent,8.7,8.8,1.0000000000000002e-06
National,4 wk ahead,Bin,percent,8.8,8.9,1.0000000000000002e-06
National,4 wk ahead,Bin,percent,8.9,9.0,0.00010099900000000001
National,4 wk ahead,Bin,percent,9.0,9.1,0.00020099800000000003
National,4 wk ahead,Bin,percent,9.1,9.2,1.0000000000000002e-06
National,4 wk ahead,Bin,percent,9.2,9.3,0.00010099900000000001
National,4 wk ahead,Bin,percent,9.3,9.4,1.0000000000000002e-06
National,4 wk ahead,Bin,percent,9.4,9.5,0.00020099800000000003
National,4 wk ahead,Bin,percent,9.5,9.6,0.00010099900000000001
National,4 wk ahead,Bin,percent,9.6,9.7,1.0000000000000002e-06
National,4 wk ahead,Bin,percent,9.7,9.8,0.00020099800000000003
National,4 wk ahead,Bin,percent,9.8,9.9,0.00010099900000000001
National,4 wk ahead,Bin,percent,9.9,10.0,1.0000000000000002e-06
National,4 wk ahead,Bin,percent,10.0,10.1,1.0000000000000002e-06
National,4 wk ahead,Bin,percent,10.1,10.2,1.0000000000000002e-06
National,4 wk ahead,Bin,percent,10.2,10.3,1.0000000000000002e-06
National,4 wk ahead,Bin,percent,10.3,10.4,1.0000000000000002e-06
National,4 wk ahead,Bin,percent,10.4,10.5,1.0000000000000002e-06
National,4 wk ahead,Bin,percent,10.5,10.6,1.0000000000000002e-06
National,4 wk ahead,Bin,percent,10.6,10.7,0.00020099800000000003
National,4 wk ahead,Bin,percent,10.7,10.8,0.00010099900000000001
National,4 wk ahead,Bin,percent,10.8,10.9,0.00010099900000000001
National,4 wk ahead,Bin,percent,10.9,11.0,1.0000000000000002e-06
National,4 wk ahead,Bin,percent,11.0,11.1,0.00010099900000000001
National,4 wk ahead,Bin,percent,11.1,11.2,0.00010099900000000001
National,4 wk ahead,Bin,percent,11.2,11.3,0.00010099900000000001
National,4 wk ahead,Bin,percent,11.3,11.4,0.00010099900000000001
National,4 wk ahead,Bin,percent,11.4,11.5,0.00010099900000000001
National,4 wk ahead,Bin,percent,11.5,11.6,1.0000000000000002e-06
National,4 wk ahead,Bin,percent,11.6,11.7,1.0000000000000002e-06
National,4 wk ahead,Bin,percent,11.7,11.8,0.00010099900000000001
National,4 wk ahead,Bin,percent,11.8,11.9,0.00010099900000000001
National,4 wk ahead,Bin,percent,11.9,12.0,1.0000000000000002e-06
National,4 wk ahead,Bin,percent,12.0,12.1,1.0000000000000002e-06
National,4 wk ahead,Bin,percent,12.1,12.2,1.0000000000000002e-06
National,4 wk ahead,Bin,percent,12.2,12.3,0.00010099900000000001
National,4 wk ahead,Bin,percent,12.3,12.4,1.0000000000000002e-06
National,4 wk ahead,Bin,percent,12.4,12.5,0.00020099800000000003
National,4 wk ahead,Bin,percent,12.5,12.6,0.00020099800000000003
National,4 wk ahead,Bin,percent,12.6,12.7,1.0000000000000002e-06
National,4 wk ahead,Bin,percent,12.7,12.8,1.0000000000000002e-06
National,4 wk ahead,Bin,percent,12.8,12.9,1.0000000000000002e-06
National,4 wk ahead,Bin,percent,12.9,13.0,1.0000000000000002e-06
National,4 wk ahead,Bin,percent,13.0,100,0.008900911000000001
Region 1,Season onset,Bin,week,none,none,0.029411765
Region 1,Season onset,Bin,week,40,41,0.029411765
Region 1,Season onset,Bin,week,41,42,0.029411765
Region 1,Season onset,Bin,week,42,43,0.029411765
Region 1,Season onset,Bin,week,43,44,0.029411765
Region 1,Season onset,Bin,week,44,45,0.029411765
Region 1,Season onset,Bin,week,45,46,0.029411765
Region 1,Season onset,Bin,week,46,47,0.029411765
Region 1,Season onset,Bin,week,47,48,0.029411765
Region 1,Season onset,Bin,week,48,49,0.029411765
Region 1,Season onset,Bin,week,49,50,0.029411765
Region 1,Season onset,Bin,week,50,51,0.029411765
Region 1,Season onset,Bin,week,51,52,0.029411765
Region 1,Season onset,Bin,week,52,53,0.029411765
Region 1,Season onset,Bin,week,1,2,0.0765
Region 1,Season onset,Bin,week,2,3,0.0765
Region 1,Season onset,Bin,week,3,4,0.0765
Region 1,Season onset,Bin,week,4,5,0.0765
Region 1,Season onset,Bin,week,5,6,0.0765
Region 1,Season onset,Bin,week,6,7,0.0765
Region 1,Season onset,Bin,week,7,8,0.0765
Region 1,Season onset,Bin,week,8,9,0.0765
Region 1,Season onset,Bin,week,9,10,0.0765
Region 1,Season onset,Bin,week,10,11,0.0765
Region 1,Season onset,Bin,week,11,12,0.0765
Region 1,Season onset,Bin,week,12,13,0.0765
Region 1,Season onset,Bin,week,13,14,0.0765
Region 1,Season onset,Bin,week,14,15,0.0765
Region 1,Season onset,Bin,week,15,16,0.0765
Region 1,Season onset,Bin,week,16,17,0.0765
Region 1,Season onset,Bin,week,17,18,0.0765
Region 1,Season onset,Bin,week,18,19,0.0765
Region 1,Season onset,Bin,week,19,20,0.0765
Region 1,Season onset,Bin,week,20,21,0.0765
Region 1,Season peak week,Bin,week,40,41,0.03030303
Region 1,Season peak week,Bin,week,41,42,0.03030303
Region 1,Season peak week,Bin,week,42,43,0.03030303
Region 1,Season peak week,Bin,week,43,44,0.03030303
Region 1,Season peak week,Bin,week,44,45,0.03030303
Region 1,Season peak week,Bin,week,45,46,0.03030303
Region 1,Season peak week,Bin,week,46,47,0.03030303
Region 1,Season peak week,Bin,week,47,48,0.03030303
Region 1,Season peak week,Bin,week,48,49,0.03030303
Region 1,Season peak week,Bin,week,49,50,0.03030303
Region 1,Season peak week,Bin,week,50,51,0.03030303
Region 1,Season peak week,Bin,week,51,52,0.03030303
Region 1,Season peak week,Bin,week,52,53,0.03030303
Region 1,Season peak week,Bin,week,1,2,0.03030303
Region 1,Season peak week,Bin,week,2,3,0.03030303
Region 1,Season peak week,Bin,week,3,4,0.03030303
Region 1,Season peak week,Bin,week,4,5,0.03030303
Region 1,Season peak week,Bin,week,5,6,0.03030303
Region 1,Season peak week,Bin,week,6,7,0.03030303
Region 1,Season peak week,Bin,week,7,8,0.03030303
Region 1,Season peak week,Bin,week,8,9,0.03030303
Region 1,Season peak week,Bin,week,9,10,0.03030303
Region 1,Season peak week,Bin,week,10,11,0.03030303
Region 1,Season peak week,Bin,week,11,12,0.03030303
Region 1,Season peak week,Bin,week,12,13,0.03030303
Region 1,Season peak week,Bin,week,13,14,0.03030303
Region 1,Season peak week,Bin,week,14,15,0.03030303
Region 1,Season peak week,Bin,week,15,16,0.03030303
Region 1,Season peak week,Bin,week,16,17,0.03030303
Region 1,Season peak week,Bin,week,17,18,0.03030303
Region 1,Season peak week,Bin,week,18,19,0.03030303
Region 1,Season peak week,Bin,week,19,20,0.03030303
Region 1,Season peak week,Bin,week,20,21,0.03030303
Region 1,Season peak percentage,Bin,percent,0.0,0.1,0.007633588
Region 1,Season peak percentage,Bin,percent,0.1,0.2,0.007633588
Region 1,Season peak percentage,Bin,percent,0.2,0.3,0.007633588
Region 1,Season peak percentage,Bin,percent,0.3,0.4,0.007633588
Region 1,Season peak percentage,Bin,percent,0.4,0.5,0.007633588
Region 1,Season peak percentage,Bin,percent,0.5,0.6,0.007633588
Region 1,Season peak percentage,Bin,percent,0.6,0.7,0.007633588
Region 1,Season peak percentage,Bin,percent,0.7,0.8,0.007633588
Region 1,Season peak percentage,Bin,percent,0.8,0.9,0.007633588
Region 1,Season peak percentage,Bin,percent,0.9,1.0,0.007633588
Region 1,Season peak percentage,Bin,percent,1.0,1.1,0.007633588
Region 1,Season peak percentage,Bin,percent,1.1,1.2,0.007633588
Region 1,Season peak percentage,Bin,percent,1.2,1.3,0.007633588
Region 1,Season peak percentage,Bin,percent,1.3,1.4,0.007633588
Region 1,Season peak percentage,Bin,percent,1.4,1.5,0.007633588
Region 1,Season peak percentage,Bin,percent,1.5,1.6,0.007633588
Region 1,Season peak percentage,Bin,percent,1.6,1.7,0.007633588
Region 1,Season peak percentage,Bin,percent,1.7,1.8,0.007633588
Region 1,Season peak percentage,Bin,percent,1.8,1.9,0.007633588
Region 1,Season peak percentage,Bin,percent,1.9,2.0,0.007633588
Region 1,Season peak percentage,Bin,percent,2.0,2.1,0.007633588
Region 1,Season peak percentage,Bin,percent,2.1,2.2,0.007633588
Region 1,Season peak percentage,Bin,percent,2.2,2.3,0.007633588
Region 1,Season peak percentage,Bin,percent,2.3,2.4,0.007633588
Region 1,Season peak percentage,Bin,percent,2.4,2.5,0.007633588
Region 1,Season peak percentage,Bin,percent,2.5,2.6,0.007633588
Region 1,Season peak percentage,Bin,percent,2.6,2.7,0.007633588
Region 1,Season peak percentage,Bin,percent,2.7,2.8,0.007633588
Region 1,Season peak percentage,Bin,percent,2.8,2.9,0.007633588
Region 1,Season peak percentage,Bin,percent,2.9,3.0,0.007633588
Region 1,Season peak percentage,Bin,percent,3.0,3.1,0.007633588
Region 1,Season peak percentage,Bin,percent,3.1,3.2,0.007633588
Region 1,Season peak percentage,Bin,percent,3.2,3.3,0.007633588
Region 1,Season peak percentage,Bin,percent,3.3,3.4,0.007633588
Region 1,Season peak percentage,Bin,percent,3.4,3.5,0.007633588
Region 1,Season peak percentage,Bin,percent,3.5,3.6,0.007633588
Region 1,Season peak percentage,Bin,percent,3.6,3.7,0.007633588
Region 1,Season peak percentage,Bin,percent,3.7,3.8,0.007633588
Region 1,Season peak percentage,Bin,percent,3.8,3.9,0.007633588
Region 1,Season peak percentage,Bin,percent,3.9,4.0,0.007633588
Region 1,Season peak percentage,Bin,percent,4.0,4.1,0.007633588
Region 1,Season peak percentage,Bin,percent,4.1,4.2,0.007633588
Region 1,Season peak percentage,Bin,percent,4.2,4.3,0.007633588
Region 1,Season peak percentage,Bin,percent,4.3,4.4,0.007633588
Region 1,Season peak percentage,Bin,percent,4.4,4.5,0.007633588
Region 1,Season peak percentage,Bin,percent,4.5,4.6,0.007633588
Region 1,Season peak percentage,Bin,percent,4.6,4.7,0.007633588
Region 1,Season peak percentage,Bin,percent,4.7,4.8,0.007633588
Region 1,Season peak percentage,Bin,percent,4.8,4.9,0.007633588
Region 1,Season peak percentage,Bin,percent,4.9,5.0,0.007633588
Region 1,Season peak percentage,Bin,percent,5.0,5.1,0.007633588
Region 1,Season peak percentage,Bin,percent,5.1,5.2,0.007633588
Region 1,Season peak percentage,Bin,percent,5.2,5.3,0.007633588
Region 1,Season peak percentage,Bin,percent,5.3,5.4,0.007633588
Region 1,Season peak percentage,Bin,percent,5.4,5.5,0.007633588
Region 1,Season peak percentage,Bin,percent,5.5,5.6,0.007633588
Region 1,Season peak percentage,Bin,percent,5.6,5.7,0.007633588
Region 1,Season peak percentage,Bin,percent,5.7,5.8,0.007633588
Region 1,Season peak percentage,Bin,percent,5.8,5.9,0.007633588
Region 1,Season peak percentage,Bin,percent,5.9,6.0,0.007633588
Region 1,Season peak percentage,Bin,percent,6.0,6.1,0.007633588
Region 1,Season peak percentage,Bin,percent,6.1,6.2,0.007633588
Region 1,Season peak percentage,Bin,percent,6.2,6.3,0.007633588
Region 1,Season peak percentage,Bin,percent,6.3,6.4,0.007633588
Region 1,Season peak percentage,Bin,percent,6.4,6.5,0.007633588
Region 1,Season peak percentage,Bin,percent,6.5,6.6,0.007633588
Region 1,Season peak percentage,Bin,percent,6.6,6.7,0.007633588
Region 1,Season peak percentage,Bin,percent,6.7,6.8,0.007633588
Region 1,Season peak percentage,Bin,percent,6.8,6.9,0.007633588
Region 1,Season peak percentage,Bin,percent,6.9,7.0,0.007633588
Region 1,Season peak percentage,Bin,percent,7.0,7.1,0.007633588
Region 1,Season peak percentage,Bin,percent,7.1,7.2,0.007633588
Region 1,Season peak percentage,Bin,percent,7.2,7.3,0.007633588
Region 1,Season peak percentage,Bin,percent,7.3,7.4,0.007633588
Region 1,Season peak percentage,Bin,percent,7.4,7.5,0.007633588
Region 1,Season peak percentage,Bin,percent,7.5,7.6,0.007633588
Region 1,Season peak percentage,Bin,percent,7.6,7.7,0.007633588
Region 1,Season peak percentage,Bin,percent,7.7,7.8,0.007633588
Region 1,Season peak percentage,Bin,percent,7.8,7.9,0.007633588
Region 1,Season peak percentage,Bin,percent,7.9,8.0,0.007633588
Region 1,Season peak percentage,Bin,percent,8.0,8.1,0.007633588
Region 1,Season peak percentage,Bin,percent,8.1,8.2,0.007633588
Region 1,Season peak percentage,Bin,percent,8.2,8.3,0.007633588
Region 1,Season peak percentage,Bin,percent,8.3,8.4,0.007633588
Region 1,Season peak percentage,Bin,percent,8.4,8.5,0.007633588
Region 1,Season peak percentage,Bin,percent,8.5,8.6,0.007633588
Region 1,Season peak percentage,Bin,percent,8.6,8.7,0.007633588
Region 1,Season peak percentage,Bin,percent,8.7,8.8,0.007633588
Region 1,Season peak percentage,Bin,percent,8.8,8.9,0.007633588
Region 1,Season peak percentage,Bin,percent,8.9,9.0,0.007633588
Region 1,Season peak percentage,Bin,percent,9.0,9.1,0.007633588
Region 1,Season peak percentage,Bin,percent,9.1,9.2,0.007633588
Region 1,Season peak percentage,Bin,percent,9.2,9.3,0.007633588
Region 1,Season peak percentage,Bin,percent,9.3,9.4,0.007633588
Region 1,Season peak percentage,Bin,percent,9.4,9.5,0.007633588
Region 1,Season peak percentage,Bin,percent,9.5,9.6,0.007633588
Region 1,Season peak percentage,Bin,percent,9.6,9.7,0.007633588
Region 1,Season peak percentage,Bin,percent,9.7,9.8,0.007633588
Region 1,Season peak percentage,Bin,percent,9.8,9.9,0.007633588
Region 1,Season peak percentage,Bin,percent,9.9,10.0,0.007633588
Region 1,Season peak percentage,Bin,percent,10.0,10.1,0.007633588
Region 1,Season peak percentage,Bin,percent,10.1,10.2,0.007633588
Region 1,Season peak percentage,Bin,percent,10.2,10.3,0.007633588
Region 1,Season peak percentage,Bin,percent,10.3,10.4,0.007633588
Region 1,Season peak percentage,Bin,percent,10.4,10.5,0.007633588
Region 1,Season peak percentage,Bin,percent,10.5,10.6,0.007633588
Region 1,Season peak percentage,Bin,percent,10.6,10.7,0.007633588
Region 1,Season peak percentage,Bin,percent,10.7,10.8,0.007633588
Region 1,Season peak percentage,Bin,percent,10.8,10.9,0.007633588
Region 1,Season peak percentage,Bin,percent,10.9,11.0,0.007633588
Region 1,Season peak percentage,Bin,percent,11.0,11.1,0.007633588
Region 1,Season peak percentage,Bin,percent,11.1,11.2,0.007633588
Region 1,Season peak percentage,Bin,percent,11.2,11.3,0.007633588
Region 1,Season peak percentage,Bin,percent,11.3,11.4,0.007633588
Region 1,Season peak percentage,Bin,percent,11.4,11.5,0.007633588
Region 1,Season peak percentage,Bin,percent,11.5,11.6,0.007633588
Region 1,Season peak percentage,Bin,percent,11.6,11.7,0.007633588
Region 1,Season peak percentage,Bin,percent,11.7,11.8,0.007633588
Region 1,Season peak percentage,Bin,percent,11.8,11.9,0.007633588
Region 1,Season peak percentage,Bin,percent,11.9,12.0,0.007633588
Region 1,Season peak percentage,Bin,percent,12.0,12.1,0.007633588
Region 1,Season peak percentage,Bin,percent,12.1,12.2,0.007633588
Region 1,Season peak percentage,Bin,percent,12.2,12.3,0.007633588
Region 1,Season peak percentage,Bin,percent,12.3,12.4,0.007633588
Region 1,Season peak percentage,Bin,percent,12.4,12.5,0.007633588
Region 1,Season peak percentage,Bin,percent,12.5,12.6,0.007633588
Region 1,Season peak percentage,Bin,percent,12.6,12.7,0.007633588
Region 1,Season peak percentage,Bin,percent,12.7,12.8,0.007633588
Region 1,Season peak percentage,Bin,percent,12.8,12.9,0.007633588
Region 1,Season peak percentage,Bin,percent,12.9,13.0,0.007633588
Region 1,Season peak percentage,Bin,percent,13.0,100.0,0.007633588
Region 1,1 wk ahead,Point,percent,,,1.3005770059695165
Region 1,1 wk ahead,Bin,percent,0.0,0.1,1.0000000000000002e-06
Region 1,1 wk ahead,Bin,percent,0.1,0.2,1.0000000000000002e-06
Region 1,1 wk ahead,Bin,percent,0.2,0.3,1.0000000000000002e-06
Region 1,1 wk ahead,Bin,percent,0.3,0.4,1.0000000000000002e-06
Region 1,1 wk ahead,Bin,percent,0.4,0.5,1.0000000000000002e-06
Region 1,1 wk ahead,Bin,percent,0.5,0.6,1.0000000000000002e-06
Region 1,1 wk ahead,Bin,percent,0.6,0.7,1.0000000000000002e-06
Region 1,1 wk ahead,Bin,percent,0.7,0.8,1.0000000000000002e-06
Region 1,1 wk ahead,Bin,percent,0.8,0.9,1.0000000000000002e-06
Region 1,1 wk ahead,Bin,percent,0.9,1.0,1.0000000000000002e-06
Region 1,1 wk ahead,Bin,percent,1.0,1.1,1.0000000000000002e-06
Region 1,1 wk ahead,Bin,percent,1.1,1.2,1.0000000000000002e-06
Region 1,1 wk ahead,Bin,percent,1.2,1.3,1.0000000000000002e-06
Region 1,1 wk ahead,Bin,percent,1.3,1.4,1.0000000000000002e-06
Region 1,1 wk ahead,Bin,percent,1.4,1.5,1.0000000000000002e-06
Region 1,1 wk ahead,Bin,percent,1.5,1.6,0.000300997
Region 1,1 wk ahead,Bin,percent,1.6,1.7,0.0013009870000000002
Region 1,1 wk ahead,Bin,percent,1.7,1.8,0.0026009740000000003
Region 1,1 wk ahead,Bin,percent,1.8,1.9,0.007200928
Region 1,1 wk ahead,Bin,percent,1.9,2.0,0.016500835000000002
Region 1,1 wk ahead,Bin,percent,2.0,2.1,0.024400756000000003
Region 1,1 wk ahead,Bin,percent,2.1,2.2,0.021400786
Region 1,1 wk ahead,Bin,percent,2.2,2.3,0.015100849000000003
Region 1,1 wk ahead,Bin,percent,2.3,2.4,0.005800942000000001
Region 1,1 wk ahead,Bin,percent,2.4,2.5,0.002900971
Region 1,1 wk ahead,Bin,percent,2.5,2.6,0.0013009870000000002
Region 1,1 wk ahead,Bin,percent,2.6,2.7,0.000500995
Region 1,1 wk ahead,Bin,percent,2.7,2.8,0.00010099900000000001
Region 1,1 wk ahead,Bin,percent,2.8,2.9,0.000300997
Region 1,1 wk ahead,Bin,percent,2.9,3.0,0.000300997
Region 1,1 wk ahead,Bin,percent,3.0,3.1,1.0000000000000002e-06
Region 1,1 wk ahead,Bin,percent,3.1,3.2,1.0000000000000002e-06
Region 1,1 wk ahead,Bin,percent,3.2,3.3,1.0000000000000002e-06
Region 1,1 wk ahead,Bin,percent,3.3,3.4,1.0000000000000002e-06
Region 1,1 wk ahead,Bin,percent,3.4,3.5,1.0000000000000002e-06
Region 1,1 wk ahead,Bin,percent,3.5,3.6,1.0000000000000002e-06
Region 1,1 wk ahead,Bin,percent,3.6,3.7,1.0000000000000002e-06
Region 1,1 wk ahead,Bin,percent,3.7,3.8,1.0000000000000002e-06
Region 1,1 wk ahead,Bin,percent,3.8,3.9,1.0000000000000002e-06
Region 1,1 wk ahead,Bin,percent,3.9,4.0,1.0000000000000002e-06
Region 1,1 wk ahead,Bin,percent,4.0,4.1,1.0000000000000002e-06
Region 1,1 wk ahead,Bin,percent,4.1,4.2,1.0000000000000002e-06
Region 1,1 wk ahead,Bin,percent,4.2,4.3,1.0000000000000002e-06
Region 1,1 wk ahead,Bin,percent,4.3,4.4,1.0000000000000002e-06
Region 1,1 wk ahead,Bin,percent,4.4,4.5,1.0000000000000002e-06
Region 1,1 wk ahead,Bin,percent,4.5,4.6,1.0000000000000002e-06
Region 1,1 wk ahead,Bin,percent,4.6,4.7,1.0000000000000002e-06
Region 1,1 wk ahead,Bin,percent,4.7,4.8,1.0000000000000002e-06
Region 1,1 wk ahead,Bin,percent,4.8,4.9,1.0000000000000002e-06
Region 1,1 wk ahead,Bin,percent,4.9,5.0,1.0000000000000002e-06
Region 1,1 wk ahead,Bin,percent,5.0,5.1,1.0000000000000002e-06
Region 1,1 wk ahead,Bin,percent,5.1,5.2,1.0000000000000002e-06
Region 1,1 wk ahead,Bin,percent,5.2,5.3,1.0000000000000002e-06
Region 1,1 wk ahead,Bin,percent,5.3,5.4,1.0000000000000002e-06
Region 1,1 wk ahead,Bin,percent,5.4,5.5,1.0000000000000002e-06
Region 1,1 wk ahead,Bin,percent,5.5,5.6,1.0000000000000002e-06
Region 1,1 wk ahead,Bin,percent,5.6,5.7,1.0000000000000002e-06
Region 1,1 wk ahead,Bin,percent,5.7,5.8,1.0000000000000002e-06
Region 1,1 wk ahead,Bin,percent,5.8,5.9,1.0000000000000002e-06
Region 1,1 wk ahead,Bin,percent,5.9,6.0,1.0000000000000002e-06
Region 1,1 wk ahead,Bin,percent,6.0,6.1,1.0000000000000002e-06
Region 1,1 wk ahead,Bin,percent,6.1,6.2,1.0000000000000002e-06
Region 1,1 wk ahead,Bin,percent,6.2,6.3,1.0000000000000002e-06
Region 1,1 wk ahead,Bin,percent,6.3,6.4,1.0000000000000002e-06
Region 1,1 wk ahead,Bin,percent,6.4,6.5,1.0000000000000002e-06
Region 1,1 wk ahead,Bin,percent,6.5,6.6,1.0000000000000002e-06
Region 1,1 wk ahead,Bin,percent,6.6,6.7,1.0000000000000002e-06
Region 1,1 wk ahead,Bin,percent,6.7,6.8,1.0000000000000002e-06
Region 1,1 wk ahead,Bin,percent,6.8,6.9,1.0000000000000002e-06
Region 1,1 wk ahead,Bin,percent,6.9,7.0,1.0000000000000002e-06
Region 1,1 wk ahead,Bin,percent,7.0,7.1,1.0000000000000002e-06
Region 1,1 wk ahead,Bin,percent,7.1,7.2,1.0000000000000002e-06
Region 1,1 wk ahead,Bin,percent,7.2,7.3,1.0000000000000002e-06
Region 1,1 wk ahead,Bin,percent,7.3,7.4,1.0000000000000002e-06
Region 1,1 wk ahead,Bin,percent,7.4,7.5,1.0000000000000002e-06
Region 1,1 wk ahead,Bin,percent,7.5,7.6,1.0000000000000002e-06
Region 1,1 wk ahead,Bin,percent,7.6,7.7,1.0000000000000002e-06
Region 1,1 wk ahead,Bin,percent,7.7,7.8,1.0000000000000002e-06
Region 1,1 wk ahead,Bin,percent,7.8,7.9,1.0000000000000002e-06
Region 1,1 wk ahead,Bin,percent,7.9,8.0,1.0000000000000002e-06
Region 1,1 wk ahead,Bin,percent,8.0,8.1,1.0000000000000002e-06
Region 1,1 wk ahead,Bin,percent,8.1,8.2,1.0000000000000002e-06
Region 1,1 wk ahead,Bin,percent,8.2,8.3,1.0000000000000002e-06
Region 1,1 wk ahead,Bin,percent,8.3,8.4,1.0000000000000002e-06
Region 1,1 wk ahead,Bin,percent,8.4,8.5,1.0000000000000002e-06
Region 1,1 wk ahead,Bin,percent,8.5,8.6,1.0000000000000002e-06
Region 1,1 wk ahead,Bin,percent,8.6,8.7,1.0000000000000002e-06
Region 1,1 wk ahead,Bin,percent,8.7,8.8,1.0000000000000002e-06
Region 1,1 wk ahead,Bin,percent,8.8,8.9,1.0000000000000002e-06
Region 1,1 wk ahead,Bin,percent,8.9,9.0,1.0000000000000002e-06
Region 1,1 wk ahead,Bin,percent,9.0,9.1,1.0000000000000002e-06
Region 1,1 wk ahead,Bin,percent,9.1,9.2,1.0000000000000002e-06
Region 1,1 wk ahead,Bin,percent,9.2,9.3,1.0000000000000002e-06
Region 1,1 wk ahead,Bin,percent,9.3,9.4,1.0000000000000002e-06
Region 1,1 wk ahead,Bin,percent,9.4,9.5,1.0000000000000002e-06
Region 1,1 wk ahead,Bin,percent,9.5,9.6,1.0000000000000002e-06
Region 1,1 wk ahead,Bin,percent,9.6,9.7,1.0000000000000002e-06
Region 1,1 wk ahead,Bin,percent,9.7,9.8,1.0000000000000002e-06
Region 1,1 wk ahead,Bin,percent,9.8,9.9,1.0000000000000002e-06
Region 1,1 wk ahead,Bin,percent,9.9,10.0,1.0000000000000002e-06
Region 1,1 wk ahead,Bin,percent,10.0,10.1,1.0000000000000002e-06
Region 1,1 wk ahead,Bin,percent,10.1,10.2,1.0000000000000002e-06
Region 1,1 wk ahead,Bin,percent,10.2,10.3,1.0000000000000002e-06
Region 1,1 wk ahead,Bin,percent,10.3,10.4,1.0000000000000002e-06
Region 1,1 wk ahead,Bin,percent,10.4,10.5,1.0000000000000002e-06
Region 1,1 wk ahead,Bin,percent,10.5,10.6,1.0000000000000002e-06
Region 1,1 wk ahead,Bin,percent,10.6,10.7,1.0000000000000002e-06
Region 1,1 wk ahead,Bin,percent,10.7,10.8,1.0000000000000002e-06
Region 1,1 wk ahead,Bin,percent,10.8,10.9,1.0000000000000002e-06
Region 1,1 wk ahead,Bin,percent,10.9,11.0,1.0000000000000002e-06
Region 1,1 wk ahead,Bin,percent,11.0,11.1,1.0000000000000002e-06
Region 1,1 wk ahead,Bin,percent,11.1,11.2,1.0000000000000002e-06
Region 1,1 wk ahead,Bin,percent,11.2,11.3,1.0000000000000002e-06
Region 1,1 wk ahead,Bin,percent,11.3,11.4,1.0000000000000002e-06
Region 1,1 wk ahead,Bin,percent,11.4,11.5,1.0000000000000002e-06
Region 1,1 wk ahead,Bin,percent,11.5,11.6,1.0000000000000002e-06
Region 1,1 wk ahead,Bin,percent,11.6,11.7,1.0000000000000002e-06
Region 1,1 wk ahead,Bin,percent,11.7,11.8,1.0000000000000002e-06
Region 1,1 wk ahead,Bin,percent,11.8,11.9,1.0000000000000002e-06
Region 1,1 wk ahead,Bin,percent,11.9,12.0,1.0000000000000002e-06
Region 1,1 wk ahead,Bin,percent,12.0,12.1,1.0000000000000002e-06
Region 1,1 wk ahead,Bin,percent,12.1,12.2,1.0000000000000002e-06
Region 1,1 wk ahead,Bin,percent,12.2,12.3,1.0000000000000002e-06
Region 1,1 wk ahead,Bin,percent,12.3,12.4,1.0000000000000002e-06
Region 1,1 wk ahead,Bin,percent,12.4,12.5,1.0000000000000002e-06
Region 1,1 wk ahead,Bin,percent,12.5,12.6,1.0000000000000002e-06
Region 1,1 wk ahead,Bin,percent,12.6,12.7,1.0000000000000002e-06
Region 1,1 wk ahead,Bin,percent,12.7,12.8,1.0000000000000002e-06
Region 1,1 wk ahead,Bin,percent,12.8,12.9,1.0000000000000002e-06
Region 1,1 wk ahead,Bin,percent,12.9,13.0,1.0000000000000002e-06
Region 1,1 wk ahead,Bin,percent,13.0,100,1.0000000000000002e-06
Region 1,2 wk ahead,Point,percent,,,1.4966442609043378
Region 1,2 wk ahead,Bin,percent,0.0,0.1,1.0000000000000002e-06
Region 1,2 wk ahead,Bin,percent,0.1,0.2,1.0000000000000002e-06
Region 1,2 wk ahead,Bin,percent,0.2,0.3,1.0000000000000002e-06
Region 1,2 wk ahead,Bin,percent,0.3,0.4,1.0000000000000002e-06
Region 1,2 wk ahead,Bin,percent,0.4,0.5,1.0000000000000002e-06
Region 1,2 wk ahead,Bin,percent,0.5,0.6,1.0000000000000002e-06
Region 1,2 wk ahead,Bin,percent,0.6,0.7,1.0000000000000002e-06
Region 1,2 wk ahead,Bin,percent,0.7,0.8,1.0000000000000002e-06
Region 1,2 wk ahead,Bin,percent,0.8,0.9,1.0000000000000002e-06
Region 1,2 wk ahead,Bin,percent,0.9,1.0,1.0000000000000002e-06
Region 1,2 wk ahead,Bin,percent,1.0,1.1,1.0000000000000002e-06
Region 1,2 wk ahead,Bin,percent,1.1,1.2,1.0000000000000002e-06
Region 1,2 wk ahead,Bin,percent,1.2,1.3,1.0000000000000002e-06
Region 1,2 wk ahead,Bin,percent,1.3,1.4,1.0000000000000002e-06
Region 1,2 wk ahead,Bin,percent,1.4,1.5,1.0000000000000002e-06
Region 1,2 wk ahead,Bin,percent,1.5,1.6,1.0000000000000002e-06
Region 1,2 wk ahead,Bin,percent,1.6,1.7,1.0000000000000002e-06
Region 1,2 wk ahead,Bin,percent,1.7,1.8,0.00010099900000000001
Region 1,2 wk ahead,Bin,percent,1.8,1.9,0.000800992
Region 1,2 wk ahead,Bin,percent,1.9,2.0,0.0027009729999999997
Region 1,2 wk ahead,Bin,percent,2.0,2.1,0.006900931000000001
Region 1,2 wk ahead,Bin,percent,2.1,2.2,0.014700853000000003
Region 1,2 wk ahead,Bin,percent,2.2,2.3,0.020200798000000002
Region 1,2 wk ahead,Bin,percent,2.3,2.4,0.019000810000000003
Region 1,2 wk ahead,Bin,percent,2.4,2.5,0.014800852000000003
Region 1,2 wk ahead,Bin,percent,2.5,2.6,0.011300887
Region 1,2 wk ahead,Bin,percent,2.6,2.7,0.005500945000000001
Region 1,2 wk ahead,Bin,percent,2.7,2.8,0.0027009729999999997
Region 1,2 wk ahead,Bin,percent,2.8,2.9,0.000500995
Region 1,2 wk ahead,Bin,percent,2.9,3.0,0.000500995
Region 1,2 wk ahead,Bin,percent,3.0,3.1,0.00020099800000000003
Region 1,2 wk ahead,Bin,percent,3.1,3.2,1.0000000000000002e-06
Region 1,2 wk ahead,Bin,percent,3.2,3.3,0.00010099900000000001
Region 1,2 wk ahead,Bin,percent,3.3,3.4,1.0000000000000002e-06
Region 1,2 wk ahead,Bin,percent,3.4,3.5,1.0000000000000002e-06
Region 1,2 wk ahead,Bin,percent,3.5,3.6,1.0000000000000002e-06
Region 1,2 wk ahead,Bin,percent,3.6,3.7,1.0000000000000002e-06
Region 1,2 wk ahead,Bin,percent,3.7,3.8,1.0000000000000002e-06
Region 1,2 wk ahead,Bin,percent,3.8,3.9,1.0000000000000002e-06
Region 1,2 wk ahead,Bin,percent,3.9,4.0,1.0000000000000002e-06
Region 1,2 wk ahead,Bin,percent,4.0,4.1,1.0000000000000002e-06
Region 1,2 wk ahead,Bin,percent,4.1,4.2,1.0000000000000002e-06
Region 1,2 wk ahead,Bin,percent,4.2,4.3,1.0000000000000002e-06
Region 1,2 wk ahead,Bin,percent,4.3,4.4,1.0000000000000002e-06
Region 1,2 wk ahead,Bin,percent,4.4,4.5,1.0000000000000002e-06
Region 1,2 wk ahead,Bin,percent,4.5,4.6,1.0000000000000002e-06
Region 1,2 wk ahead,Bin,percent,4.6,4.7,1.0000000000000002e-06
Region 1,2 wk ahead,Bin,percent,4.7,4.8,1.0000000000000002e-06
Region 1,2 wk ahead,Bin,percent,4.8,4.9,1.0000000000000002e-06
Region 1,2 wk ahead,Bin,percent,4.9,5.0,1.0000000000000002e-06
Region 1,2 wk ahead,Bin,percent,5.0,5.1,1.0000000000000002e-06
Region 1,2 wk ahead,Bin,percent,5.1,5.2,1.0000000000000002e-06
Region 1,2 wk ahead,Bin,percent,5.2,5.3,1.0000000000000002e-06
Region 1,2 wk ahead,Bin,percent,5.3,5.4,1.0000000000000002e-06
Region 1,2 wk ahead,Bin,percent,5.4,5.5,1.0000000000000002e-06
Region 1,2 wk ahead,Bin,percent,5.5,5.6,1.0000000000000002e-06
Region 1,2 wk ahead,Bin,percent,5.6,5.7,1.0000000000000002e-06
Region 1,2 wk ahead,Bin,percent,5.7,5.8,1.0000000000000002e-06
Region 1,2 wk ahead,Bin,percent,5.8,5.9,1.0000000000000002e-06
Region 1,2 wk ahead,Bin,percent,5.9,6.0,1.0000000000000002e-06
Region 1,2 wk ahead,Bin,percent,6.0,6.1,1.0000000000000002e-06
Region 1,2 wk ahead,Bin,percent,6.1,6.2,1.0000000000000002e-06
Region 1,2 wk ahead,Bin,percent,6.2,6.3,1.0000000000000002e-06
Region 1,2 wk ahead,Bin,percent,6.3,6.4,1.0000000000000002e-06
Region 1,2 wk ahead,Bin,percent,6.4,6.5,1.0000000000000002e-06
Region 1,2 wk ahead,Bin,percent,6.5,6.6,1.0000000000000002e-06
Region 1,2 wk ahead,Bin,percent,6.6,6.7,1.0000000000000002e-06
Region 1,2 wk ahead,Bin,percent,6.7,6.8,1.0000000000000002e-06
Region 1,2 wk ahead,Bin,percent,6.8,6.9,1.0000000000000002e-06
Region 1,2 wk ahead,Bin,percent,6.9,7.0,1.0000000000000002e-06
Region 1,2 wk ahead,Bin,percent,7.0,7.1,1.0000000000000002e-06
Region 1,2 wk ahead,Bin,percent,7.1,7.2,1.0000000000000002e-06
Region 1,2 wk ahead,Bin,percent,7.2,7.3,1.0000000000000002e-06
Region 1,2 wk ahead,Bin,percent,7.3,7.4,1.0000000000000002e-06
Region 1,2 wk ahead,Bin,percent,7.4,7.5,1.0000000000000002e-06
Region 1,2 wk ahead,Bin,percent,7.5,7.6,1.0000000000000002e-06
Region 1,2 wk ahead,Bin,percent,7.6,7.7,1.0000000000000002e-06
Region 1,2 wk ahead,Bin,percent,7.7,7.8,1.0000000000000002e-06
Region 1,2 wk ahead,Bin,percent,7.8,7.9,1.0000000000000002e-06
Region 1,2 wk ahead,Bin,percent,7.9,8.0,1.0000000000000002e-06
Region 1,2 wk ahead,Bin,percent,8.0,8.1,1.0000000000000002e-06
Region 1,2 wk ahead,Bin,percent,8.1,8.2,1.0000000000000002e-06
Region 1,2 wk ahead,Bin,percent,8.2,8.3,1.0000000000000002e-06
Region 1,2 wk ahead,Bin,percent,8.3,8.4,1.0000000000000002e-06
Region 1,2 wk ahead,Bin,percent,8.4,8.5,1.0000000000000002e-06
Region 1,2 wk ahead,Bin,percent,8.5,8.6,1.0000000000000002e-06
Region 1,2 wk ahead,Bin,percent,8.6,8.7,1.0000000000000002e-06
Region 1,2 wk ahead,Bin,percent,8.7,8.8,1.0000000000000002e-06
Region 1,2 wk ahead,Bin,percent,8.8,8.9,1.0000000000000002e-06
Region 1,2 wk ahead,Bin,percent,8.9,9.0,1.0000000000000002e-06
Region 1,2 wk ahead,Bin,percent,9.0,9.1,1.0000000000000002e-06
Region 1,2 wk ahead,Bin,percent,9.1,9.2,1.0000000000000002e-06
Region 1,2 wk ahead,Bin,percent,9.2,9.3,1.0000000000000002e-06
Region 1,2 wk ahead,Bin,percent,9.3,9.4,1.0000000000000002e-06
Region 1,2 wk ahead,Bin,percent,9.4,9.5,1.0000000000000002e-06
Region 1,2 wk ahead,Bin,percent,9.5,9.6,1.0000000000000002e-06
Region 1,2 wk ahead,Bin,percent,9.6,9.7,1.0000000000000002e-06
Region 1,2 wk ahead,Bin,percent,9.7,9.8,1.0000000000000002e-06
Region 1,2 wk ahead,Bin,percent,9.8,9.9,1.0000000000000002e-06
Region 1,2 wk ahead,Bin,percent,9.9,10.0,1.0000000000000002e-06
Region 1,2 wk ahead,Bin,percent,10.0,10.1,1.0000000000000002e-06
Region 1,2 wk ahead,Bin,percent,10.1,10.2,1.0000000000000002e-06
Region 1,2 wk ahead,Bin,percent,10.2,10.3,1.0000000000000002e-06
Region 1,2 wk ahead,Bin,percent,10.3,10.4,1.0000000000000002e-06
Region 1,2 wk ahead,Bin,percent,10.4,10.5,1.0000000000000002e-06
Region 1,2 wk ahead,Bin,percent,10.5,10.6,1.0000000000000002e-06
Region 1,2 wk ahead,Bin,percent,10.6,10.7,1.0000000000000002e-06
Region 1,2 wk ahead,Bin,percent,10.7,10.8,1.0000000000000002e-06
Region 1,2 wk ahead,Bin,percent,10.8,10.9,1.0000000000000002e-06
Region 1,2 wk ahead,Bin,percent,10.9,11.0,1.0000000000000002e-06
Region 1,2 wk ahead,Bin,percent,11.0,11.1,1.0000000000000002e-06
Region 1,2 wk ahead,Bin,percent,11.1,11.2,1.0000000000000002e-06
Region 1,2 wk ahead,Bin,percent,11.2,11.3,1.0000000000000002e-06
Region 1,2 wk ahead,Bin,percent,11.3,11.4,1.0000000000000002e-06
Region 1,2 wk ahead,Bin,percent,11.4,11.5,1.0000000000000002e-06
Region 1,2 wk ahead,Bin,percent,11.5,11.6,1.0000000000000002e-06
Region 1,2 wk ahead,Bin,percent,11.6,11.7,1.0000000000000002e-06
Region 1,2 wk ahead,Bin,percent,11.7,11.8,1.0000000000000002e-06
Region 1,2 wk ahead,Bin,percent,11.8,11.9,1.0000000000000002e-06
Region 1,2 wk ahead,Bin,percent,11.9,12.0,1.0000000000000002e-06
Region 1,2 wk ahead,Bin,percent,12.0,12.1,1.0000000000000002e-06
Region 1,2 wk ahead,Bin,percent,12.1,12.2,1.0000000000000002e-06
Region 1,2 wk ahead,Bin,percent,12.2,12.3,1.0000000000000002e-06
Region 1,2 wk ahead,Bin,percent,12.3,12.4,1.0000000000000002e-06
Region 1,2 wk ahead,Bin,percent,12.4,12.5,1.0000000000000002e-06
Region 1,2 wk ahead,Bin,percent,12.5,12.6,1.0000000000000002e-06
Region 1,2 wk ahead,Bin,percent,12.6,12.7,1.0000000000000002e-06
Region 1,2 wk ahead,Bin,percent,12.7,12.8,1.0000000000000002e-06
Region 1,2 wk ahead,Bin,percent,12.8,12.9,1.0000000000000002e-06
Region 1,2 wk ahead,Bin,percent,12.9,13.0,1.0000000000000002e-06
Region 1,2 wk ahead,Bin,percent,13.0,100,1.0000000000000002e-06
Region 1,3 wk ahead,Point,percent,,,1.6264474143335117
Region 1,3 wk ahead,Bin,percent,0.0,0.1,1.0000000000000002e-06
Region 1,3 wk ahead,Bin,percent,0.1,0.2,1.0000000000000002e-06
Region 1,3 wk ahead,Bin,percent,0.2,0.3,1.0000000000000002e-06
Region 1,3 wk ahead,Bin,percent,0.3,0.4,1.0000000000000002e-06
Region 1,3 wk ahead,Bin,percent,0.4,0.5,1.0000000000000002e-06
Region 1,3 wk ahead,Bin,percent,0.5,0.6,1.0000000000000002e-06
Region 1,3 wk ahead,Bin,percent,0.6,0.7,1.0000000000000002e-06
Region 1,3 wk ahead,Bin,percent,0.7,0.8,1.0000000000000002e-06
Region 1,3 wk ahead,Bin,percent,0.8,0.9,1.0000000000000002e-06
Region 1,3 wk ahead,Bin,percent,0.9,1.0,1.0000000000000002e-06
Region 1,3 wk ahead,Bin,percent,1.0,1.1,1.0000000000000002e-06
Region 1,3 wk ahead,Bin,percent,1.1,1.2,1.0000000000000002e-06
Region 1,3 wk ahead,Bin,percent,1.2,1.3,1.0000000000000002e-06
Region 1,3 wk ahead,Bin,percent,1.3,1.4,1.0000000000000002e-06
Region 1,3 wk ahead,Bin,percent,1.4,1.5,1.0000000000000002e-06
Region 1,3 wk ahead,Bin,percent,1.5,1.6,1.0000000000000002e-06
Region 1,3 wk ahead,Bin,percent,1.6,1.7,1.0000000000000002e-06
Region 1,3 wk ahead,Bin,percent,1.7,1.8,1.0000000000000002e-06
Region 1,3 wk ahead,Bin,percent,1.8,1.9,1.0000000000000002e-06
Region 1,3 wk ahead,Bin,percent,1.9,2.0,0.000300997
Region 1,3 wk ahead,Bin,percent,2.0,2.1,0.008900911000000001
Region 1,3 wk ahead,Bin,percent,2.1,2.2,0.028200718000000003
Region 1,3 wk ahead,Bin,percent,2.2,2.3,0.035600644
Region 1,3 wk ahead,Bin,percent,2.3,2.4,0.020400796000000002
Region 1,3 wk ahead,Bin,percent,2.4,2.5,0.005700943000000001
Region 1,3 wk ahead,Bin,percent,2.5,2.6,0.000800992
Region 1,3 wk ahead,Bin,percent,2.6,2.7,0.00010099900000000001
Region 1,3 wk ahead,Bin,percent,2.7,2.8,1.0000000000000002e-06
Region 1,3 wk ahead,Bin,percent,2.8,2.9,1.0000000000000002e-06
Region 1,3 wk ahead,Bin,percent,2.9,3.0,1.0000000000000002e-06
Region 1,3 wk ahead,Bin,percent,3.0,3.1,1.0000000000000002e-06
Region 1,3 wk ahead,Bin,percent,3.1,3.2,1.0000000000000002e-06
Region 1,3 wk ahead,Bin,percent,3.2,3.3,1.0000000000000002e-06
Region 1,3 wk ahead,Bin,percent,3.3,3.4,1.0000000000000002e-06
Region 1,3 wk ahead,Bin,percent,3.4,3.5,1.0000000000000002e-06
Region 1,3 wk ahead,Bin,percent,3.5,3.6,1.0000000000000002e-06
Region 1,3 wk ahead,Bin,percent,3.6,3.7,1.0000000000000002e-06
Region 1,3 wk ahead,Bin,percent,3.7,3.8,1.0000000000000002e-06
Region 1,3 wk ahead,Bin,percent,3.8,3.9,1.0000000000000002e-06
Region 1,3 wk ahead,Bin,percent,3.9,4.0,1.0000000000000002e-06
Region 1,3 wk ahead,Bin,percent,4.0,4.1,1.0000000000000002e-06
Region 1,3 wk ahead,Bin,percent,4.1,4.2,1.0000000000000002e-06
Region 1,3 wk ahead,Bin,percent,4.2,4.3,1.0000000000000002e-06
Region 1,3 wk ahead,Bin,percent,4.3,4.4,1.0000000000000002e-06
Region 1,3 wk ahead,Bin,percent,4.4,4.5,1.0000000000000002e-06
Region 1,3 wk ahead,Bin,percent,4.5,4.6,1.0000000000000002e-06
Region 1,3 wk ahead,Bin,percent,4.6,4.7,1.0000000000000002e-06
Region 1,3 wk ahead,Bin,percent,4.7,4.8,1.0000000000000002e-06
Region 1,3 wk ahead,Bin,percent,4.8,4.9,1.0000000000000002e-06
Region 1,3 wk ahead,Bin,percent,4.9,5.0,1.0000000000000002e-06
Region 1,3 wk ahead,Bin,percent,5.0,5.1,1.0000000000000002e-06
Region 1,3 wk ahead,Bin,percent,5.1,5.2,1.0000000000000002e-06
Region 1,3 wk ahead,Bin,percent,5.2,5.3,1.0000000000000002e-06
Region 1,3 wk ahead,Bin,percent,5.3,5.4,1.0000000000000002e-06
Region 1,3 wk ahead,Bin,percent,5.4,5.5,1.0000000000000002e-06
Region 1,3 wk ahead,Bin,percent,5.5,5.6,1.0000000000000002e-06
Region 1,3 wk ahead,Bin,percent,5.6,5.7,1.0000000000000002e-06
Region 1,3 wk ahead,Bin,percent,5.7,5.8,1.0000000000000002e-06
Region 1,3 wk ahead,Bin,percent,5.8,5.9,1.0000000000000002e-06
Region 1,3 wk ahead,Bin,percent,5.9,6.0,1.0000000000000002e-06
Region 1,3 wk ahead,Bin,percent,6.0,6.1,1.0000000000000002e-06
Region 1,3 wk ahead,Bin,percent,6.1,6.2,1.0000000000000002e-06
Region 1,3 wk ahead,Bin,percent,6.2,6.3,1.0000000000000002e-06
Region 1,3 wk ahead,Bin,percent,6.3,6.4,1.0000000000000002e-06
Region 1,3 wk ahead,Bin,percent,6.4,6.5,1.0000000000000002e-06
Region 1,3 wk ahead,Bin,percent,6.5,6.6,1.0000000000000002e-06
Region 1,3 wk ahead,Bin,percent,6.6,6.7,1.0000000000000002e-06
Region 1,3 wk ahead,Bin,percent,6.7,6.8,1.0000000000000002e-06
Region 1,3 wk ahead,Bin,percent,6.8,6.9,1.0000000000000002e-06
Region 1,3 wk ahead,Bin,percent,6.9,7.0,1.0000000000000002e-06
Region 1,3 wk ahead,Bin,percent,7.0,7.1,1.0000000000000002e-06
Region 1,3 wk ahead,Bin,percent,7.1,7.2,1.0000000000000002e-06
Region 1,3 wk ahead,Bin,percent,7.2,7.3,1.0000000000000002e-06
Region 1,3 wk ahead,Bin,percent,7.3,7.4,1.0000000000000002e-06
Region 1,3 wk ahead,Bin,percent,7.4,7.5,1.0000000000000002e-06
Region 1,3 wk ahead,Bin,percent,7.5,7.6,1.0000000000000002e-06
Region 1,3 wk ahead,Bin,percent,7.6,7.7,1.0000000000000002e-06
Region 1,3 wk ahead,Bin,percent,7.7,7.8,1.0000000000000002e-06
Region 1,3 wk ahead,Bin,percent,7.8,7.9,1.0000000000000002e-06
Region 1,3 wk ahead,Bin,percent,7.9,8.0,1.0000000000000002e-06
Region 1,3 wk ahead,Bin,percent,8.0,8.1,1.0000000000000002e-06
Region 1,3 wk ahead,Bin,percent,8.1,8.2,1.0000000000000002e-06
Region 1,3 wk ahead,Bin,percent,8.2,8.3,1.0000000000000002e-06
Region 1,3 wk ahead,Bin,percent,8.3,8.4,1.0000000000000002e-06
Region 1,3 wk ahead,Bin,percent,8.4,8.5,1.0000000000000002e-06
Region 1,3 wk ahead,Bin,percent,8.5,8.6,1.0000000000000002e-06
Region 1,3 wk ahead,Bin,percent,8.6,8.7,1.0000000000000002e-06
Region 1,3 wk ahead,Bin,percent,8.7,8.8,1.0000000000000002e-06
Region 1,3 wk ahead,Bin,percent,8.8,8.9,1.0000000000000002e-06
Region 1,3 wk ahead,Bin,percent,8.9,9.0,1.0000000000000002e-06
Region 1,3 wk ahead,Bin,percent,9.0,9.1,1.0000000000000002e-06
Region 1,3 wk ahead,Bin,percent,9.1,9.2,1.0000000000000002e-06
Region 1,3 wk ahead,Bin,percent,9.2,9.3,1.0000000000000002e-06
Region 1,3 wk ahead,Bin,percent,9.3,9.4,1.0000000000000002e-06
Region 1,3 wk ahead,Bin,percent,9.4,9.5,1.0000000000000002e-06
Region 1,3 wk ahead,Bin,percent,9.5,9.6,1.0000000000000002e-06
Region 1,3 wk ahead,Bin,percent,9.6,9.7,1.0000000000000002e-06
Region 1,3 wk ahead,Bin,percent,9.7,9.8,1.0000000000000002e-06
Region 1,3 wk ahead,Bin,percent,9.8,9.9,1.0000000000000002e-06
Region 1,3 wk ahead,Bin,percent,9.9,10.0,1.0000000000000002e-06
Region 1,3 wk ahead,Bin,percent,10.0,10.1,1.0000000000000002e-06
Region 1,3 wk ahead,Bin,percent,10.1,10.2,1.0000000000000002e-06
Region 1,3 wk ahead,Bin,percent,10.2,10.3,1.0000000000000002e-06
Region 1,3 wk ahead,Bin,percent,10.3,10.4,1.0000000000000002e-06
Region 1,3 wk ahead,Bin,percent,10.4,10.5,1.0000000000000002e-06
Region 1,3 wk ahead,Bin,percent,10.5,10.6,1.0000000000000002e-06
Region 1,3 wk ahead,Bin,percent,10.6,10.7,1.0000000000000002e-06
Region 1,3 wk ahead,Bin,percent,10.7,10.8,1.0000000000000002e-06
Region 1,3 wk ahead,Bin,percent,10.8,10.9,1.0000000000000002e-06
Region 1,3 wk ahead,Bin,percent,10.9,11.0,1.0000000000000002e-06
Region 1,3 wk ahead,Bin,percent,11.0,11.1,1.0000000000000002e-06
Region 1,3 wk ahead,Bin,percent,11.1,11.2,1.0000000000000002e-06
Region 1,3 wk ahead,Bin,percent,11.2,11.3,1.0000000000000002e-06
Region 1,3 wk ahead,Bin,percent,11.3,11.4,1.0000000000000002e-06
Region 1,3 wk ahead,Bin,percent,11.4,11.5,1.0000000000000002e-06
Region 1,3 wk ahead,Bin,percent,11.5,11.6,1.0000000000000002e-06
Region 1,3 wk ahead,Bin,percent,11.6,11.7,1.0000000000000002e-06
Region 1,3 wk ahead,Bin,percent,11.7,11.8,1.0000000000000002e-06
Region 1,3 wk ahead,Bin,percent,11.8,11.9,1.0000000000000002e-06
Region 1,3 wk ahead,Bin,percent,11.9,12.0,1.0000000000000002e-06
Region 1,3 wk ahead,Bin,percent,12.0,12.1,1.0000000000000002e-06
Region 1,3 wk ahead,Bin,percent,12.1,12.2,1.0000000000000002e-06
Region 1,3 wk ahead,Bin,percent,12.2,12.3,1.0000000000000002e-06
Region 1,3 wk ahead,Bin,percent,12.3,12.4,1.0000000000000002e-06
Region 1,3 wk ahead,Bin,percent,12.4,12.5,1.0000000000000002e-06
Region 1,3 wk ahead,Bin,percent,12.5,12.6,1.0000000000000002e-06
Region 1,3 wk ahead,Bin,percent,12.6,12.7,1.0000000000000002e-06
Region 1,3 wk ahead,Bin,percent,12.7,12.8,1.0000000000000002e-06
Region 1,3 wk ahead,Bin,percent,12.8,12.9,1.0000000000000002e-06
Region 1,3 wk ahead,Bin,percent,12.9,13.0,1.0000000000000002e-06
Region 1,3 wk ahead,Bin,percent,13.0,100,1.0000000000000002e-06
Region 1,4 wk ahead,Point,percent,,,1.804774710032622
Region 1,4 wk ahead,Bin,percent,0.0,0.1,1.0000000000000002e-06
Region 1,4 wk ahead,Bin,percent,0.1,0.2,1.0000000000000002e-06
Region 1,4 wk ahead,Bin,percent,0.2,0.3,1.0000000000000002e-06
Region 1,4 wk ahead,Bin,percent,0.3,0.4,1.0000000000000002e-06
Region 1,4 wk ahead,Bin,percent,0.4,0.5,1.0000000000000002e-06
Region 1,4 wk ahead,Bin,percent,0.5,0.6,1.0000000000000002e-06
Region 1,4 wk ahead,Bin,percent,0.6,0.7,1.0000000000000002e-06
Region 1,4 wk ahead,Bin,percent,0.7,0.8,1.0000000000000002e-06
Region 1,4 wk ahead,Bin,percent,0.8,0.9,1.0000000000000002e-06
Region 1,4 wk ahead,Bin,percent,0.9,1.0,1.0000000000000002e-06
Region 1,4 wk ahead,Bin,percent,1.0,1.1,1.0000000000000002e-06
Region 1,4 wk ahead,Bin,percent,1.1,1.2,1.0000000000000002e-06
Region 1,4 wk ahead,Bin,percent,1.2,1.3,1.0000000000000002e-06
Region 1,4 wk ahead,Bin,percent,1.3,1.4,1.0000000000000002e-06
Region 1,4 wk ahead,Bin,percent,1.4,1.5,1.0000000000000002e-06
Region 1,4 wk ahead,Bin,percent,1.5,1.6,1.0000000000000002e-06
Region 1,4 wk ahead,Bin,percent,1.6,1.7,1.0000000000000002e-06
Region 1,4 wk ahead,Bin,percent,1.7,1.8,1.0000000000000002e-06
Region 1,4 wk ahead,Bin,percent,1.8,1.9,1.0000000000000002e-06
Region 1,4 wk ahead,Bin,percent,1.9,2.0,1.0000000000000002e-06
Region 1,4 wk ahead,Bin,percent,2.0,2.1,0.000500995
Region 1,4 wk ahead,Bin,percent,2.1,2.2,0.0039009610000000005
Region 1,4 wk ahead,Bin,percent,2.2,2.3,0.020600794
Region 1,4 wk ahead,Bin,percent,2.3,2.4,0.039000610000000005
Region 1,4 wk ahead,Bin,percent,2.4,2.5,0.027600724000000004
Region 1,4 wk ahead,Bin,percent,2.5,2.6,0.0073009270000000005
Region 1,4 wk ahead,Bin,percent,2.6,2.7,0.001100989
Region 1,4 wk ahead,Bin,percent,2.7,2.8,1.0000000000000002e-06
Region 1,4 wk ahead,Bin,percent,2.8,2.9,1.0000000000000002e-06
Region 1,4 wk ahead,Bin,percent,2.9,3.0,1.0000000000000002e-06
Region 1,4 wk ahead,Bin,percent,3.0,3.1,1.0000000000000002e-06
Region 1,4 wk ahead,Bin,percent,3.1,3.2,1.0000000000000002e-06
Region 1,4 wk ahead,Bin,percent,3.2,3.3,1.0000000000000002e-06
Region 1,4 wk ahead,Bin,percent,3.3,3.4,1.0000000000000002e-06
Region 1,4 wk ahead,Bin,percent,3.4,3.5,1.0000000000000002e-06
Region 1,4 wk ahead,Bin,percent,3.5,3.6,1.0000000000000002e-06
Region 1,4 wk ahead,Bin,percent,3.6,3.7,1.0000000000000002e-06
Region 1,4 wk ahead,Bin,percent,3.7,3.8,1.0000000000000002e-06
Region 1,4 wk ahead,Bin,percent,3.8,3.9,1.0000000000000002e-06
Region 1,4 wk ahead,Bin,percent,3.9,4.0,1.0000000000000002e-06
Region 1,4 wk ahead,Bin,percent,4.0,4.1,1.0000000000000002e-06
Region 1,4 wk ahead,Bin,percent,4.1,4.2,1.0000000000000002e-06
Region 1,4 wk ahead,Bin,percent,4.2,4.3,1.0000000000000002e-06
Region 1,4 wk ahead,Bin,percent,4.3,4.4,1.0000000000000002e-06
Region 1,4 wk ahead,Bin,percent,4.4,4.5,1.0000000000000002e-06
Region 1,4 wk ahead,Bin,percent,4.5,4.6,1.0000000000000002e-06
Region 1,4 wk ahead,Bin,percent,4.6,4.7,1.0000000000000002e-06
Region 1,4 wk ahead,Bin,percent,4.7,4.8,1.0000000000000002e-06
Region 1,4 wk ahead,Bin,percent,4.8,4.9,1.0000000000000002e-06
Region 1,4 wk ahead,Bin,percent,4.9,5.0,1.0000000000000002e-06
Region 1,4 wk ahead,Bin,percent,5.0,5.1,1.0000000000000002e-06
Region 1,4 wk ahead,Bin,percent,5.1,5.2,1.0000000000000002e-06
Region 1,4 wk ahead,Bin,percent,5.2,5.3,1.0000000000000002e-06
Region 1,4 wk ahead,Bin,percent,5.3,5.4,1.0000000000000002e-06
Region 1,4 wk ahead,Bin,percent,5.4,5.5,1.0000000000000002e-06
Region 1,4 wk ahead,Bin,percent,5.5,5.6,1.0000000000000002e-06
Region 1,4 wk ahead,Bin,percent,5.6,5.7,1.0000000000000002e-06
Region 1,4 wk ahead,Bin,percent,5.7,5.8,1.0000000000000002e-06
Region 1,4 wk ahead,Bin,percent,5.8,5.9,1.0000000000000002e-06
Region 1,4 wk ahead,Bin,percent,5.9,6.0,1.0000000000000002e-06
Region 1,4 wk ahead,Bin,percent,6.0,6.1,1.0000000000000002e-06
Region 1,4 wk ahead,Bin,percent,6.1,6.2,1.0000000000000002e-06
Region 1,4 wk ahead,Bin,percent,6.2,6.3,1.0000000000000002e-06
Region 1,4 wk ahead,Bin,percent,6.3,6.4,1.0000000000000002e-06
Region 1,4 wk ahead,Bin,percent,6.4,6.5,1.0000000000000002e-06
Region 1,4 wk ahead,Bin,percent,6.5,6.6,1.0000000000000002e-06
Region 1,4 wk ahead,Bin,percent,6.6,6.7,1.0000000000000002e-06
Region 1,4 wk ahead,Bin,percent,6.7,6.8,1.0000000000000002e-06
Region 1,4 wk ahead,Bin,percent,6.8,6.9,1.0000000000000002e-06
Region 1,4 wk ahead,Bin,percent,6.9,7.0,1.0000000000000002e-06
Region 1,4 wk ahead,Bin,percent,7.0,7.1,1.0000000000000002e-06
Region 1,4 wk ahead,Bin,percent,7.1,7.2,1.0000000000000002e-06
Region 1,4 wk ahead,Bin,percent,7.2,7.3,1.0000000000000002e-06
Region 1,4 wk ahead,Bin,percent,7.3,7.4,1.0000000000000002e-06
Region 1,4 wk ahead,Bin,percent,7.4,7.5,1.0000000000000002e-06
Region 1,4 wk ahead,Bin,percent,7.5,7.6,1.0000000000000002e-06
Region 1,4 wk ahead,Bin,percent,7.6,7.7,1.0000000000000002e-06
Region 1,4 wk ahead,Bin,percent,7.7,7.8,1.0000000000000002e-06
Region 1,4 wk ahead,Bin,percent,7.8,7.9,1.0000000000000002e-06
Region 1,4 wk ahead,Bin,percent,7.9,8.0,1.0000000000000002e-06
Region 1,4 wk ahead,Bin,percent,8.0,8.1,1.0000000000000002e-06
Region 1,4 wk ahead,Bin,percent,8.1,8.2,1.0000000000000002e-06
Region 1,4 wk ahead,Bin,percent,8.2,8.3,1.0000000000000002e-06
Region 1,4 wk ahead,Bin,percent,8.3,8.4,1.0000000000000002e-06
Region 1,4 wk ahead,Bin,percent,8.4,8.5,1.0000000000000002e-06
Region 1,4 wk ahead,Bin,percent,8.5,8.6,1.0000000000000002e-06
Region 1,4 wk ahead,Bin,percent,8.6,8.7,1.0000000000000002e-06
Region 1,4 wk ahead,Bin,percent,8.7,8.8,1.0000000000000002e-06
Region 1,4 wk ahead,Bin,percent,8.8,8.9,1.0000000000000002e-06
Region 1,4 wk ahead,Bin,percent,8.9,9.0,1.0000000000000002e-06
Region 1,4 wk ahead,Bin,percent,9.0,9.1,1.0000000000000002e-06
Region 1,4 wk ahead,Bin,percent,9.1,9.2,1.0000000000000002e-06
Region 1,4 wk ahead,Bin,percent,9.2,9.3,1.0000000000000002e-06
Region 1,4 wk ahead,Bin,percent,9.3,9.4,1.0000000000000002e-06
Region 1,4 wk ahead,Bin,percent,9.4,9.5,1.0000000000000002e-06
Region 1,4 wk ahead,Bin,percent,9.5,9.6,1.0000000000000002e-06
Region 1,4 wk ahead,Bin,percent,9.6,9.7,1.0000000000000002e-06
Region 1,4 wk ahead,Bin,percent,9.7,9.8,1.0000000000000002e-06
Region 1,4 wk ahead,Bin,percent,9.8,9.9,1.0000000000000002e-06
Region 1,4 wk ahead,Bin,percent,9.9,10.0,1.0000000000000002e-06
Region 1,4 wk ahead,Bin,percent,10.0,10.1,1.0000000000000002e-06
Region 1,4 wk ahead,Bin,percent,10.1,10.2,1.0000000000000002e-06
Region 1,4 wk ahead,Bin,percent,10.2,10.3,1.0000000000000002e-06
Region 1,4 wk ahead,Bin,percent,10.3,10.4,1.0000000000000002e-06
Region 1,4 wk ahead,Bin,percent,10.4,10.5,1.0000000000000002e-06
Region 1,4 wk ahead,Bin,percent,10.5,10.6,1.0000000000000002e-06
Region 1,4 wk ahead,Bin,percent,10.6,10.7,1.0000000000000002e-06
Region 1,4 wk ahead,Bin,percent,10.7,10.8,1.0000000000000002e-06
Region 1,4 wk ahead,Bin,percent,10.8,10.9,1.0000000000000002e-06
Region 1,4 wk ahead,Bin,percent,10.9,11.0,1.0000000000000002e-06
Region 1,4 wk ahead,Bin,percent,11.0,11.1,1.0000000000000002e-06
Region 1,4 wk ahead,Bin,percent,11.1,11.2,1.0000000000000002e-06
Region 1,4 wk ahead,Bin,percent,11.2,11.3,1.0000000000000002e-06
Region 1,4 wk ahead,Bin,percent,11.3,11.4,1.0000000000000002e-06
Region 1,4 wk ahead,Bin,percent,11.4,11.5,1.0000000000000002e-06
Region 1,4 wk ahead,Bin,percent,11.5,11.6,1.0000000000000002e-06
Region 1,4 wk ahead,Bin,percent,11.6,11.7,1.0000000000000002e-06
Region 1,4 wk ahead,Bin,percent,11.7,11.8,1.0000000000000002e-06
Region 1,4 wk ahead,Bin,percent,11.8,11.9,1.0000000000000002e-06
Region 1,4 wk ahead,Bin,percent,11.9,12.0,1.0000000000000002e-06
Region 1,4 wk ahead,Bin,percent,12.0,12.1,1.0000000000000002e-06
Region 1,4 wk ahead,Bin,percent,12.1,12.2,1.0000000000000002e-06
Region 1,4 wk ahead,Bin,percent,12.2,12.3,1.0000000000000002e-06
Region 1,4 wk ahead,Bin,percent,12.3,12.4,1.0000000000000002e-06
Region 1,4 wk ahead,Bin,percent,12.4,12.5,1.0000000000000002e-06
Region 1,4 wk ahead,Bin,percent,12.5,12.6,1.0000000000000002e-06
Region 1,4 wk ahead,Bin,percent,12.6,12.7,1.0000000000000002e-06
Region 1,4 wk ahead,Bin,percent,12.7,12.8,1.0000000000000002e-06
Region 1,4 wk ahead,Bin,percent,12.8,12.9,1.0000000000000002e-06
Region 1,4 wk ahead,Bin,percent,12.9,13.0,1.0000000000000002e-06
Region 1,4 wk ahead,Bin,percent,13.0,100,1.0000000000000002e-06
Region 10,Season onset,Bin,week,none,none,0.029411765
Region 10,Season onset,Bin,week,40,41,0.029411765
Region 10,Season onset,Bin,week,41,42,0.029411765
Region 10,Season onset,Bin,week,42,43,0.029411765
Region 10,Season onset,Bin,week,43,44,0.029411765
Region 10,Season onset,Bin,week,44,45,0.029411765
Region 10,Season onset,Bin,week,45,46,0.029411765
Region 10,Season onset,Bin,week,46,47,0.029411765
Region 10,Season onset,Bin,week,47,48,0.029411765
Region 10,Season onset,Bin,week,48,49,0.029411765
Region 10,Season onset,Bin,week,49,50,0.029411765
Region 10,Season onset,Bin,week,50,51,0.029411765
Region 10,Season onset,Bin,week,51,52,0.029411765
Region 10,Season onset,Bin,week,52,53,0.029411765
Region 10,Season onset,Bin,week,1,2,0.0765
Region 10,Season onset,Bin,week,2,3,0.0765
Region 10,Season onset,Bin,week,3,4,0.0765
Region 10,Season onset,Bin,week,4,5,0.0765
Region 10,Season onset,Bin,week,5,6,0.0765
Region 10,Season onset,Bin,week,6,7,0.0765
Region 10,Season onset,Bin,week,7,8,0.0765
Region 10,Season onset,Bin,week,8,9,0.0765
Region 10,Season onset,Bin,week,9,10,0.0765
Region 10,Season onset,Bin,week,10,11,0.0765
Region 10,Season onset,Bin,week,11,12,0.0765
Region 10,Season onset,Bin,week,12,13,0.0765
Region 10,Season onset,Bin,week,13,14,0.0765
Region 10,Season onset,Bin,week,14,15,0.0765
Region 10,Season onset,Bin,week,15,16,0.0765
Region 10,Season onset,Bin,week,16,17,0.0765
Region 10,Season onset,Bin,week,17,18,0.0765
Region 10,Season onset,Bin,week,18,19,0.0765
Region 10,Season onset,Bin,week,19,20,0.0765
Region 10,Season onset,Bin,week,20,21,0.0765
Region 10,Season peak week,Bin,week,40,41,0.03030303
Region 10,Season peak week,Bin,week,41,42,0.03030303
Region 10,Season peak week,Bin,week,42,43,0.03030303
Region 10,Season peak week,Bin,week,43,44,0.03030303
Region 10,Season peak week,Bin,week,44,45,0.03030303
Region 10,Season peak week,Bin,week,45,46,0.03030303
Region 10,Season peak week,Bin,week,46,47,0.03030303
Region 10,Season peak week,Bin,week,47,48,0.03030303
Region 10,Season peak week,Bin,week,48,49,0.03030303
Region 10,Season peak week,Bin,week,49,50,0.03030303
Region 10,Season peak week,Bin,week,50,51,0.03030303
Region 10,Season peak week,Bin,week,51,52,0.03030303
Region 10,Season peak week,Bin,week,52,53,0.03030303
Region 10,Season peak week,Bin,week,1,2,0.03030303
Region 10,Season peak week,Bin,week,2,3,0.03030303
Region 10,Season peak week,Bin,week,3,4,0.03030303
Region 10,Season peak week,Bin,week,4,5,0.03030303
Region 10,Season peak week,Bin,week,5,6,0.03030303
Region 10,Season peak week,Bin,week,6,7,0.03030303
Region 10,Season peak week,Bin,week,7,8,0.03030303
Region 10,Season peak week,Bin,week,8,9,0.03030303
Region 10,Season peak week,Bin,week,9,10,0.03030303
Region 10,Season peak week,Bin,week,10,11,0.03030303
Region 10,Season peak week,Bin,week,11,12,0.03030303
Region 10,Season peak week,Bin,week,12,13,0.03030303
Region 10,Season peak week,Bin,week,13,14,0.03030303
Region 10,Season peak week,Bin,week,14,15,0.03030303
Region 10,Season peak week,Bin,week,15,16,0.03030303
Region 10,Season peak week,Bin,week,16,17,0.03030303
Region 10,Season peak week,Bin,week,17,18,0.03030303
Region 10,Season peak week,Bin,week,18,19,0.03030303
Region 10,Season peak week,Bin,week,19,20,0.03030303
Region 10,Season peak week,Bin,week,20,21,0.03030303
Region 10,Season peak percentage,Bin,percent,0.0,0.1,0.007633588
Region 10,Season peak percentage,Bin,percent,0.1,0.2,0.007633588
Region 10,Season peak percentage,Bin,percent,0.2,0.3,0.007633588
Region 10,Season peak percentage,Bin,percent,0.3,0.4,0.007633588
Region 10,Season peak percentage,Bin,percent,0.4,0.5,0.007633588
Region 10,Season peak percentage,Bin,percent,0.5,0.6,0.007633588
Region 10,Season peak percentage,Bin,percent,0.6,0.7,0.007633588
Region 10,Season peak percentage,Bin,percent,0.7,0.8,0.007633588
Region 10,Season peak percentage,Bin,percent,0.8,0.9,0.007633588
Region 10,Season peak percentage,Bin,percent,0.9,1.0,0.007633588
Region 10,Season peak percentage,Bin,percent,1.0,1.1,0.007633588
Region 10,Season peak percentage,Bin,percent,1.1,1.2,0.007633588
Region 10,Season peak percentage,Bin,percent,1.2,1.3,0.007633588
Region 10,Season peak percentage,Bin,percent,1.3,1.4,0.007633588
Region 10,Season peak percentage,Bin,percent,1.4,1.5,0.007633588
Region 10,Season peak percentage,Bin,percent,1.5,1.6,0.007633588
Region 10,Season peak percentage,Bin,percent,1.6,1.7,0.007633588
Region 10,Season peak percentage,Bin,percent,1.7,1.8,0.007633588
Region 10,Season peak percentage,Bin,percent,1.8,1.9,0.007633588
Region 10,Season peak percentage,Bin,percent,1.9,2.0,0.007633588
Region 10,Season peak percentage,Bin,percent,2.0,2.1,0.007633588
Region 10,Season peak percentage,Bin,percent,2.1,2.2,0.007633588
Region 10,Season peak percentage,Bin,percent,2.2,2.3,0.007633588
Region 10,Season peak percentage,Bin,percent,2.3,2.4,0.007633588
Region 10,Season peak percentage,Bin,percent,2.4,2.5,0.007633588
Region 10,Season peak percentage,Bin,percent,2.5,2.6,0.007633588
Region 10,Season peak percentage,Bin,percent,2.6,2.7,0.007633588
Region 10,Season peak percentage,Bin,percent,2.7,2.8,0.007633588
Region 10,Season peak percentage,Bin,percent,2.8,2.9,0.007633588
Region 10,Season peak percentage,Bin,percent,2.9,3.0,0.007633588
Region 10,Season peak percentage,Bin,percent,3.0,3.1,0.007633588
Region 10,Season peak percentage,Bin,percent,3.1,3.2,0.007633588
Region 10,Season peak percentage,Bin,percent,3.2,3.3,0.007633588
Region 10,Season peak percentage,Bin,percent,3.3,3.4,0.007633588
Region 10,Season peak percentage,Bin,percent,3.4,3.5,0.007633588
Region 10,Season peak percentage,Bin,percent,3.5,3.6,0.007633588
Region 10,Season peak percentage,Bin,percent,3.6,3.7,0.007633588
Region 10,Season peak percentage,Bin,percent,3.7,3.8,0.007633588
Region 10,Season peak percentage,Bin,percent,3.8,3.9,0.007633588
Region 10,Season peak percentage,Bin,percent,3.9,4.0,0.007633588
Region 10,Season peak percentage,Bin,percent,4.0,4.1,0.007633588
Region 10,Season peak percentage,Bin,percent,4.1,4.2,0.007633588
Region 10,Season peak percentage,Bin,percent,4.2,4.3,0.007633588
Region 10,Season peak percentage,Bin,percent,4.3,4.4,0.007633588
Region 10,Season peak percentage,Bin,percent,4.4,4.5,0.007633588
Region 10,Season peak percentage,Bin,percent,4.5,4.6,0.007633588
Region 10,Season peak percentage,Bin,percent,4.6,4.7,0.007633588
Region 10,Season peak percentage,Bin,percent,4.7,4.8,0.007633588
Region 10,Season peak percentage,Bin,percent,4.8,4.9,0.007633588
Region 10,Season peak percentage,Bin,percent,4.9,5.0,0.007633588
Region 10,Season peak percentage,Bin,percent,5.0,5.1,0.007633588
Region 10,Season peak percentage,Bin,percent,5.1,5.2,0.007633588
Region 10,Season peak percentage,Bin,percent,5.2,5.3,0.007633588
Region 10,Season peak percentage,Bin,percent,5.3,5.4,0.007633588
Region 10,Season peak percentage,Bin,percent,5.4,5.5,0.007633588
Region 10,Season peak percentage,Bin,percent,5.5,5.6,0.007633588
Region 10,Season peak percentage,Bin,percent,5.6,5.7,0.007633588
Region 10,Season peak percentage,Bin,percent,5.7,5.8,0.007633588
Region 10,Season peak percentage,Bin,percent,5.8,5.9,0.007633588
Region 10,Season peak percentage,Bin,percent,5.9,6.0,0.007633588
Region 10,Season peak percentage,Bin,percent,6.0,6.1,0.007633588
Region 10,Season peak percentage,Bin,percent,6.1,6.2,0.007633588
Region 10,Season peak percentage,Bin,percent,6.2,6.3,0.007633588
Region 10,Season peak percentage,Bin,percent,6.3,6.4,0.007633588
Region 10,Season peak percentage,Bin,percent,6.4,6.5,0.007633588
Region 10,Season peak percentage,Bin,percent,6.5,6.6,0.007633588
Region 10,Season peak percentage,Bin,percent,6.6,6.7,0.007633588
Region 10,Season peak percentage,Bin,percent,6.7,6.8,0.007633588
Region 10,Season peak percentage,Bin,percent,6.8,6.9,0.007633588
Region 10,Season peak percentage,Bin,percent,6.9,7.0,0.007633588
Region 10,Season peak percentage,Bin,percent,7.0,7.1,0.007633588
Region 10,Season peak percentage,Bin,percent,7.1,7.2,0.007633588
Region 10,Season peak percentage,Bin,percent,7.2,7.3,0.007633588
Region 10,Season peak percentage,Bin,percent,7.3,7.4,0.007633588
Region 10,Season peak percentage,Bin,percent,7.4,7.5,0.007633588
Region 10,Season peak percentage,Bin,percent,7.5,7.6,0.007633588
Region 10,Season peak percentage,Bin,percent,7.6,7.7,0.007633588
Region 10,Season peak percentage,Bin,percent,7.7,7.8,0.007633588
Region 10,Season peak percentage,Bin,percent,7.8,7.9,0.007633588
Region 10,Season peak percentage,Bin,percent,7.9,8.0,0.007633588
Region 10,Season peak percentage,Bin,percent,8.0,8.1,0.007633588
Region 10,Season peak percentage,Bin,percent,8.1,8.2,0.007633588
Region 10,Season peak percentage,Bin,percent,8.2,8.3,0.007633588
Region 10,Season peak percentage,Bin,percent,8.3,8.4,0.007633588
Region 10,Season peak percentage,Bin,percent,8.4,8.5,0.007633588
Region 10,Season peak percentage,Bin,percent,8.5,8.6,0.007633588
Region 10,Season peak percentage,Bin,percent,8.6,8.7,0.007633588
Region 10,Season peak percentage,Bin,percent,8.7,8.8,0.007633588
Region 10,Season peak percentage,Bin,percent,8.8,8.9,0.007633588
Region 10,Season peak percentage,Bin,percent,8.9,9.0,0.007633588
Region 10,Season peak percentage,Bin,percent,9.0,9.1,0.007633588
Region 10,Season peak percentage,Bin,percent,9.1,9.2,0.007633588
Region 10,Season peak percentage,Bin,percent,9.2,9.3,0.007633588
Region 10,Season peak percentage,Bin,percent,9.3,9.4,0.007633588
Region 10,Season peak percentage,Bin,percent,9.4,9.5,0.007633588
Region 10,Season peak percentage,Bin,percent,9.5,9.6,0.007633588
Region 10,Season peak percentage,Bin,percent,9.6,9.7,0.007633588
Region 10,Season peak percentage,Bin,percent,9.7,9.8,0.007633588
Region 10,Season peak percentage,Bin,percent,9.8,9.9,0.007633588
Region 10,Season peak percentage,Bin,percent,9.9,10.0,0.007633588
Region 10,Season peak percentage,Bin,percent,10.0,10.1,0.007633588
Region 10,Season peak percentage,Bin,percent,10.1,10.2,0.007633588
Region 10,Season peak percentage,Bin,percent,10.2,10.3,0.007633588
Region 10,Season peak percentage,Bin,percent,10.3,10.4,0.007633588
Region 10,Season peak percentage,Bin,percent,10.4,10.5,0.007633588
Region 10,Season peak percentage,Bin,percent,10.5,10.6,0.007633588
Region 10,Season peak percentage,Bin,percent,10.6,10.7,0.007633588
Region 10,Season peak percentage,Bin,percent,10.7,10.8,0.007633588
Region 10,Season peak percentage,Bin,percent,10.8,10.9,0.007633588
Region 10,Season peak percentage,Bin,percent,10.9,11.0,0.007633588
Region 10,Season peak percentage,Bin,percent,11.0,11.1,0.007633588
Region 10,Season peak percentage,Bin,percent,11.1,11.2,0.007633588
Region 10,Season peak percentage,Bin,percent,11.2,11.3,0.007633588
Region 10,Season peak percentage,Bin,percent,11.3,11.4,0.007633588
Region 10,Season peak percentage,Bin,percent,11.4,11.5,0.007633588
Region 10,Season peak percentage,Bin,percent,11.5,11.6,0.007633588
Region 10,Season peak percentage,Bin,percent,11.6,11.7,0.007633588
Region 10,Season peak percentage,Bin,percent,11.7,11.8,0.007633588
Region 10,Season peak percentage,Bin,percent,11.8,11.9,0.007633588
Region 10,Season peak percentage,Bin,percent,11.9,12.0,0.007633588
Region 10,Season peak percentage,Bin,percent,12.0,12.1,0.007633588
Region 10,Season peak percentage,Bin,percent,12.1,12.2,0.007633588
Region 10,Season peak percentage,Bin,percent,12.2,12.3,0.007633588
Region 10,Season peak percentage,Bin,percent,12.3,12.4,0.007633588
Region 10,Season peak percentage,Bin,percent,12.4,12.5,0.007633588
Region 10,Season peak percentage,Bin,percent,12.5,12.6,0.007633588
Region 10,Season peak percentage,Bin,percent,12.6,12.7,0.007633588
Region 10,Season peak percentage,Bin,percent,12.7,12.8,0.007633588
Region 10,Season peak percentage,Bin,percent,12.8,12.9,0.007633588
Region 10,Season peak percentage,Bin,percent,12.9,13.0,0.007633588
Region 10,Season peak percentage,Bin,percent,13.0,100.0,0.007633588
Region 10,1 wk ahead,Point,percent,,,0.9273570453921889
Region 10,1 wk ahead,Bin,percent,0.0,0.1,1.0000000000000002e-06
Region 10,1 wk ahead,Bin,percent,0.1,0.2,1.0000000000000002e-06
Region 10,1 wk ahead,Bin,percent,0.2,0.3,1.0000000000000002e-06
Region 10,1 wk ahead,Bin,percent,0.3,0.4,1.0000000000000002e-06
Region 10,1 wk ahead,Bin,percent,0.4,0.5,1.0000000000000002e-06
Region 10,1 wk ahead,Bin,percent,0.5,0.6,1.0000000000000002e-06
Region 10,1 wk ahead,Bin,percent,0.6,0.7,0.000400996
Region 10,1 wk ahead,Bin,percent,0.7,0.8,0.000400996
Region 10,1 wk ahead,Bin,percent,0.8,0.9,0.000900991
Region 10,1 wk ahead,Bin,percent,0.9,1.0,0.0027009729999999997
Region 10,1 wk ahead,Bin,percent,1.0,1.1,0.002500975
Region 10,1 wk ahead,Bin,percent,1.1,1.2,0.005900941000000001
Region 10,1 wk ahead,Bin,percent,1.2,1.3,0.007200928
Region 10,1 wk ahead,Bin,percent,1.3,1.4,0.009500905
Region 10,1 wk ahead,Bin,percent,1.4,1.5,0.0100009
Region 10,1 wk ahead,Bin,percent,1.5,1.6,0.011300887
Region 10,1 wk ahead,Bin,percent,1.6,1.7,0.009700903
Region 10,1 wk ahead,Bin,percent,1.7,1.8,0.009900901
Region 10,1 wk ahead,Bin,percent,1.8,1.9,0.00700093
Region 10,1 wk ahead,Bin,percent,1.9,2.0,0.006900931000000001
Region 10,1 wk ahead,Bin,percent,2.0,2.1,0.004700953
Region 10,1 wk ahead,Bin,percent,2.1,2.2,0.002900971
Region 10,1 wk ahead,Bin,percent,2.2,2.3,0.002400976
Region 10,1 wk ahead,Bin,percent,2.3,2.4,0.002100979
Region 10,1 wk ahead,Bin,percent,2.4,2.5,0.001700983
Region 10,1 wk ahead,Bin,percent,2.5,2.6,1.0000000000000002e-06
Region 10,1 wk ahead,Bin,percent,2.6,2.7,0.000500995
Region 10,1 wk ahead,Bin,percent,2.7,2.8,0.000500995
Region 10,1 wk ahead,Bin,percent,2.8,2.9,0.000300997
Region 10,1 wk ahead,Bin,percent,2.9,3.0,1.0000000000000002e-06
Region 10,1 wk ahead,Bin,percent,3.0,3.1,0.00020099800000000003
Region 10,1 wk ahead,Bin,percent,3.1,3.2,0.00010099900000000001
Region 10,1 wk ahead,Bin,percent,3.2,3.3,0.00010099900000000001
Region 10,1 wk ahead,Bin,percent,3.3,3.4,1.0000000000000002e-06
Region 10,1 wk ahead,Bin,percent,3.4,3.5,1.0000000000000002e-06
Region 10,1 wk ahead,Bin,percent,3.5,3.6,0.00010099900000000001
Region 10,1 wk ahead,Bin,percent,3.6,3.7,1.0000000000000002e-06
Region 10,1 wk ahead,Bin,percent,3.7,3.8,0.00010099900000000001
Region 10,1 wk ahead,Bin,percent,3.8,3.9,1.0000000000000002e-06
Region 10,1 wk ahead,Bin,percent,3.9,4.0,1.0000000000000002e-06
Region 10,1 wk ahead,Bin,percent,4.0,4.1,1.0000000000000002e-06
Region 10,1 wk ahead,Bin,percent,4.1,4.2,1.0000000000000002e-06
Region 10,1 wk ahead,Bin,percent,4.2,4.3,1.0000000000000002e-06
Region 10,1 wk ahead,Bin,percent,4.3,4.4,1.0000000000000002e-06
Region 10,1 wk ahead,Bin,percent,4.4,4.5,1.0000000000000002e-06
Region 10,1 wk ahead,Bin,percent,4.5,4.6,1.0000000000000002e-06
Region 10,1 wk ahead,Bin,percent,4.6,4.7,1.0000000000000002e-06
Region 10,1 wk ahead,Bin,percent,4.7,4.8,1.0000000000000002e-06
Region 10,1 wk ahead,Bin,percent,4.8,4.9,1.0000000000000002e-06
Region 10,1 wk ahead,Bin,percent,4.9,5.0,1.0000000000000002e-06
Region 10,1 wk ahead,Bin,percent,5.0,5.1,1.0000000000000002e-06
Region 10,1 wk ahead,Bin,percent,5.1,5.2,1.0000000000000002e-06
Region 10,1 wk ahead,Bin,percent,5.2,5.3,1.0000000000000002e-06
Region 10,1 wk ahead,Bin,percent,5.3,5.4,1.0000000000000002e-06
Region 10,1 wk ahead,Bin,percent,5.4,5.5,1.0000000000000002e-06
Region 10,1 wk ahead,Bin,percent,5.5,5.6,1.0000000000000002e-06
Region 10,1 wk ahead,Bin,percent,5.6,5.7,1.0000000000000002e-06
Region 10,1 wk ahead,Bin,percent,5.7,5.8,1.0000000000000002e-06
Region 10,1 wk ahead,Bin,percent,5.8,5.9,1.0000000000000002e-06
Region 10,1 wk ahead,Bin,percent,5.9,6.0,1.0000000000000002e-06
Region 10,1 wk ahead,Bin,percent,6.0,6.1,1.0000000000000002e-06
Region 10,1 wk ahead,Bin,percent,6.1,6.2,1.0000000000000002e-06
Region 10,1 wk ahead,Bin,percent,6.2,6.3,1.0000000000000002e-06
Region 10,1 wk ahead,Bin,percent,6.3,6.4,1.0000000000000002e-06
Region 10,1 wk ahead,Bin,percent,6.4,6.5,1.0000000000000002e-06
Region 10,1 wk ahead,Bin,percent,6.5,6.6,1.0000000000000002e-06
Region 10,1 wk ahead,Bin,percent,6.6,6.7,1.0000000000000002e-06
Region 10,1 wk ahead,Bin,percent,6.7,6.8,1.0000000000000002e-06
Region 10,1 wk ahead,Bin,percent,6.8,6.9,1.0000000000000002e-06
Region 10,1 wk ahead,Bin,percent,6.9,7.0,1.0000000000000002e-06
Region 10,1 wk ahead,Bin,percent,7.0,7.1,1.0000000000000002e-06
Region 10,1 wk ahead,Bin,percent,7.1,7.2,1.0000000000000002e-06
Region 10,1 wk ahead,Bin,percent,7.2,7.3,1.0000000000000002e-06
Region 10,1 wk ahead,Bin,percent,7.3,7.4,1.0000000000000002e-06
Region 10,1 wk ahead,Bin,percent,7.4,7.5,1.0000000000000002e-06
Region 10,1 wk ahead,Bin,percent,7.5,7.6,1.0000000000000002e-06
Region 10,1 wk ahead,Bin,percent,7.6,7.7,1.0000000000000002e-06
Region 10,1 wk ahead,Bin,percent,7.7,7.8,1.0000000000000002e-06
Region 10,1 wk ahead,Bin,percent,7.8,7.9,1.0000000000000002e-06
Region 10,1 wk ahead,Bin,percent,7.9,8.0,1.0000000000000002e-06
Region 10,1 wk ahead,Bin,percent,8.0,8.1,1.0000000000000002e-06
Region 10,1 wk ahead,Bin,percent,8.1,8.2,1.0000000000000002e-06
Region 10,1 wk ahead,Bin,percent,8.2,8.3,1.0000000000000002e-06
Region 10,1 wk ahead,Bin,percent,8.3,8.4,1.0000000000000002e-06
Region 10,1 wk ahead,Bin,percent,8.4,8.5,1.0000000000000002e-06
Region 10,1 wk ahead,Bin,percent,8.5,8.6,1.0000000000000002e-06
Region 10,1 wk ahead,Bin,percent,8.6,8.7,1.0000000000000002e-06
Region 10,1 wk ahead,Bin,percent,8.7,8.8,1.0000000000000002e-06
Region 10,1 wk ahead,Bin,percent,8.8,8.9,1.0000000000000002e-06
Region 10,1 wk ahead,Bin,percent,8.9,9.0,1.0000000000000002e-06
Region 10,1 wk ahead,Bin,percent,9.0,9.1,1.0000000000000002e-06
Region 10,1 wk ahead,Bin,percent,9.1,9.2,1.0000000000000002e-06
Region 10,1 wk ahead,Bin,percent,9.2,9.3,1.0000000000000002e-06
Region 10,1 wk ahead,Bin,percent,9.3,9.4,1.0000000000000002e-06
Region 10,1 wk ahead,Bin,percent,9.4,9.5,1.0000000000000002e-06
Region 10,1 wk ahead,Bin,percent,9.5,9.6,1.0000000000000002e-06
Region 10,1 wk ahead,Bin,percent,9.6,9.7,1.0000000000000002e-06
Region 10,1 wk ahead,Bin,percent,9.7,9.8,1.0000000000000002e-06
Region 10,1 wk ahead,Bin,percent,9.8,9.9,1.0000000000000002e-06
Region 10,1 wk ahead,Bin,percent,9.9,10.0,1.0000000000000002e-06
Region 10,1 wk ahead,Bin,percent,10.0,10.1,1.0000000000000002e-06
Region 10,1 wk ahead,Bin,percent,10.1,10.2,1.0000000000000002e-06
Region 10,1 wk ahead,Bin,percent,10.2,10.3,1.0000000000000002e-06
Region 10,1 wk ahead,Bin,percent,10.3,10.4,1.0000000000000002e-06
Region 10,1 wk ahead,Bin,percent,10.4,10.5,1.0000000000000002e-06
Region 10,1 wk ahead,Bin,percent,10.5,10.6,1.0000000000000002e-06
Region 10,1 wk ahead,Bin,percent,10.6,10.7,1.0000000000000002e-06
Region 10,1 wk ahead,Bin,percent,10.7,10.8,1.0000000000000002e-06
Region 10,1 wk ahead,Bin,percent,10.8,10.9,1.0000000000000002e-06
Region 10,1 wk ahead,Bin,percent,10.9,11.0,1.0000000000000002e-06
Region 10,1 wk ahead,Bin,percent,11.0,11.1,1.0000000000000002e-06
Region 10,1 wk ahead,Bin,percent,11.1,11.2,1.0000000000000002e-06
Region 10,1 wk ahead,Bin,percent,11.2,11.3,1.0000000000000002e-06
Region 10,1 wk ahead,Bin,percent,11.3,11.4,1.0000000000000002e-06
Region 10,1 wk ahead,Bin,percent,11.4,11.5,1.0000000000000002e-06
Region 10,1 wk ahead,Bin,percent,11.5,11.6,1.0000000000000002e-06
Region 10,1 wk ahead,Bin,percent,11.6,11.7,1.0000000000000002e-06
Region 10,1 wk ahead,Bin,percent,11.7,11.8,1.0000000000000002e-06
Region 10,1 wk ahead,Bin,percent,11.8,11.9,1.0000000000000002e-06
Region 10,1 wk ahead,Bin,percent,11.9,12.0,1.0000000000000002e-06
Region 10,1 wk ahead,Bin,percent,12.0,12.1,1.0000000000000002e-06
Region 10,1 wk ahead,Bin,percent,12.1,12.2,1.0000000000000002e-06
Region 10,1 wk ahead,Bin,percent,12.2,12.3,1.0000000000000002e-06
Region 10,1 wk ahead,Bin,percent,12.3,12.4,1.0000000000000002e-06
Region 10,1 wk ahead,Bin,percent,12.4,12.5,1.0000000000000002e-06
Region 10,1 wk ahead,Bin,percent,12.5,12.6,1.0000000000000002e-06
Region 10,1 wk ahead,Bin,percent,12.6,12.7,1.0000000000000002e-06
Region 10,1 wk ahead,Bin,percent,12.7,12.8,1.0000000000000002e-06
Region 10,1 wk ahead,Bin,percent,12.8,12.9,1.0000000000000002e-06
Region 10,1 wk ahead,Bin,percent,12.9,13.0,1.0000000000000002e-06
Region 10,1 wk ahead,Bin,percent,13.0,100,1.0000000000000002e-06
Region 10,2 wk ahead,Point,percent,,,1.1251728085050587
Region 10,2 wk ahead,Bin,percent,0.0,0.1,1.0000000000000002e-06
Region 10,2 wk ahead,Bin,percent,0.1,0.2,1.0000000000000002e-06
Region 10,2 wk ahead,Bin,percent,0.2,0.3,1.0000000000000002e-06
Region 10,2 wk ahead,Bin,percent,0.3,0.4,1.0000000000000002e-06
Region 10,2 wk ahead,Bin,percent,0.4,0.5,1.0000000000000002e-06
Region 10,2 wk ahead,Bin,percent,0.5,0.6,0.00010099900000000001
Region 10,2 wk ahead,Bin,percent,0.6,0.7,0.00010099900000000001
Region 10,2 wk ahead,Bin,percent,0.7,0.8,0.000300997
Region 10,2 wk ahead,Bin,percent,0.8,0.9,0.001500985
Region 10,2 wk ahead,Bin,percent,0.9,1.0,0.00300097
Region 10,2 wk ahead,Bin,percent,1.0,1.1,0.005800942000000001
Region 10,2 wk ahead,Bin,percent,1.1,1.2,0.00800092
Region 10,2 wk ahead,Bin,percent,1.2,1.3,0.008700913000000001
Region 10,2 wk ahead,Bin,percent,1.3,1.4,0.010500895
Region 10,2 wk ahead,Bin,percent,1.4,1.5,0.011100889
Region 10,2 wk ahead,Bin,percent,1.5,1.6,0.009100909
Region 10,2 wk ahead,Bin,percent,1.6,1.7,0.010100899
Region 10,2 wk ahead,Bin,percent,1.7,1.8,0.006900931000000001
Region 10,2 wk ahead,Bin,percent,1.8,1.9,0.006500935000000001
Region 10,2 wk ahead,Bin,percent,1.9,2.0,0.005300947
Region 10,2 wk ahead,Bin,percent,2.0,2.1,0.0035009650000000004
Region 10,2 wk ahead,Bin,percent,2.1,2.2,0.002300977
Region 10,2 wk ahead,Bin,percent,2.2,2.3,0.001500985
Region 10,2 wk ahead,Bin,percent,2.3,2.4,0.001500985
Region 10,2 wk ahead,Bin,percent,2.4,2.5,0.0013009870000000002
Region 10,2 wk ahead,Bin,percent,2.5,2.6,0.000500995
Region 10,2 wk ahead,Bin,percent,2.6,2.7,0.000300997
Region 10,2 wk ahead,Bin,percent,2.7,2.8,0.000600994
Region 10,2 wk ahead,Bin,percent,2.8,2.9,0.000500995
Region 10,2 wk ahead,Bin,percent,2.9,3.0,0.00010099900000000001
Region 10,2 wk ahead,Bin,percent,3.0,3.1,0.00010099900000000001
Region 10,2 wk ahead,Bin,percent,3.1,3.2,0.00020099800000000003
Region 10,2 wk ahead,Bin,percent,3.2,3.3,0.00010099900000000001
Region 10,2 wk ahead,Bin,percent,3.3,3.4,0.00010099900000000001
Region 10,2 wk ahead,Bin,percent,3.4,3.5,1.0000000000000002e-06
Region 10,2 wk ahead,Bin,percent,3.5,3.6,0.00010099900000000001
Region 10,2 wk ahead,Bin,percent,3.6,3.7,1.0000000000000002e-06
Region 10,2 wk ahead,Bin,percent,3.7,3.8,1.0000000000000002e-06
Region 10,2 wk ahead,Bin,percent,3.8,3.9,1.0000000000000002e-06
Region 10,2 wk ahead,Bin,percent,3.9,4.0,1.0000000000000002e-06
Region 10,2 wk ahead,Bin,percent,4.0,4.1,0.00020099800000000003
Region 10,2 wk ahead,Bin,percent,4.1,4.2,0.00010099900000000001
Region 10,2 wk ahead,Bin,percent,4.2,4.3,1.0000000000000002e-06
Region 10,2 wk ahead,Bin,percent,4.3,4.4,1.0000000000000002e-06
Region 10,2 wk ahead,Bin,percent,4.4,4.5,1.0000000000000002e-06
Region 10,2 wk ahead,Bin,percent,4.5,4.6,1.0000000000000002e-06
Region 10,2 wk ahead,Bin,percent,4.6,4.7,1.0000000000000002e-06
Region 10,2 wk ahead,Bin,percent,4.7,4.8,1.0000000000000002e-06
Region 10,2 wk ahead,Bin,percent,4.8,4.9,1.0000000000000002e-06
Region 10,2 wk ahead,Bin,percent,4.9,5.0,1.0000000000000002e-06
Region 10,2 wk ahead,Bin,percent,5.0,5.1,1.0000000000000002e-06
Region 10,2 wk ahead,Bin,percent,5.1,5.2,1.0000000000000002e-06
Region 10,2 wk ahead,Bin,percent,5.2,5.3,1.0000000000000002e-06
Region 10,2 wk ahead,Bin,percent,5.3,5.4,1.0000000000000002e-06
Region 10,2 wk ahead,Bin,percent,5.4,5.5,1.0000000000000002e-06
Region 10,2 wk ahead,Bin,percent,5.5,5.6,1.0000000000000002e-06
Region 10,2 wk ahead,Bin,percent,5.6,5.7,1.0000000000000002e-06
Region 10,2 wk ahead,Bin,percent,5.7,5.8,1.0000000000000002e-06
Region 10,2 wk ahead,Bin,percent,5.8,5.9,1.0000000000000002e-06
Region 10,2 wk ahead,Bin,percent,5.9,6.0,1.0000000000000002e-06
Region 10,2 wk ahead,Bin,percent,6.0,6.1,1.0000000000000002e-06
Region 10,2 wk ahead,Bin,percent,6.1,6.2,1.0000000000000002e-06
Region 10,2 wk ahead,Bin,percent,6.2,6.3,1.0000000000000002e-06
Region 10,2 wk ahead,Bin,percent,6.3,6.4,1.0000000000000002e-06
Region 10,2 wk ahead,Bin,percent,6.4,6.5,1.0000000000000002e-06
Region 10,2 wk ahead,Bin,percent,6.5,6.6,1.0000000000000002e-06
Region 10,2 wk ahead,Bin,percent,6.6,6.7,1.0000000000000002e-06
Region 10,2 wk ahead,Bin,percent,6.7,6.8,1.0000000000000002e-06
Region 10,2 wk ahead,Bin,percent,6.8,6.9,1.0000000000000002e-06
Region 10,2 wk ahead,Bin,percent,6.9,7.0,1.0000000000000002e-06
Region 10,2 wk ahead,Bin,percent,7.0,7.1,1.0000000000000002e-06
Region 10,2 wk ahead,Bin,percent,7.1,7.2,1.0000000000000002e-06
Region 10,2 wk ahead,Bin,percent,7.2,7.3,1.0000000000000002e-06
Region 10,2 wk ahead,Bin,percent,7.3,7.4,1.0000000000000002e-06
Region 10,2 wk ahead,Bin,percent,7.4,7.5,1.0000000000000002e-06
Region 10,2 wk ahead,Bin,percent,7.5,7.6,1.0000000000000002e-06
Region 10,2 wk ahead,Bin,percent,7.6,7.7,1.0000000000000002e-06
Region 10,2 wk ahead,Bin,percent,7.7,7.8,1.0000000000000002e-06
Region 10,2 wk ahead,Bin,percent,7.8,7.9,1.0000000000000002e-06
Region 10,2 wk ahead,Bin,percent,7.9,8.0,1.0000000000000002e-06
Region 10,2 wk ahead,Bin,percent,8.0,8.1,1.0000000000000002e-06
Region 10,2 wk ahead,Bin,percent,8.1,8.2,1.0000000000000002e-06
Region 10,2 wk ahead,Bin,percent,8.2,8.3,1.0000000000000002e-06
Region 10,2 wk ahead,Bin,percent,8.3,8.4,1.0000000000000002e-06
Region 10,2 wk ahead,Bin,percent,8.4,8.5,1.0000000000000002e-06
Region 10,2 wk ahead,Bin,percent,8.5,8.6,1.0000000000000002e-06
Region 10,2 wk ahead,Bin,percent,8.6,8.7,1.0000000000000002e-06
Region 10,2 wk ahead,Bin,percent,8.7,8.8,1.0000000000000002e-06
Region 10,2 wk ahead,Bin,percent,8.8,8.9,1.0000000000000002e-06
Region 10,2 wk ahead,Bin,percent,8.9,9.0,1.0000000000000002e-06
Region 10,2 wk ahead,Bin,percent,9.0,9.1,1.0000000000000002e-06
Region 10,2 wk ahead,Bin,percent,9.1,9.2,1.0000000000000002e-06
Region 10,2 wk ahead,Bin,percent,9.2,9.3,1.0000000000000002e-06
Region 10,2 wk ahead,Bin,percent,9.3,9.4,1.0000000000000002e-06
Region 10,2 wk ahead,Bin,percent,9.4,9.5,1.0000000000000002e-06
Region 10,2 wk ahead,Bin,percent,9.5,9.6,1.0000000000000002e-06
Region 10,2 wk ahead,Bin,percent,9.6,9.7,1.0000000000000002e-06
Region 10,2 wk ahead,Bin,percent,9.7,9.8,1.0000000000000002e-06
Region 10,2 wk ahead,Bin,percent,9.8,9.9,1.0000000000000002e-06
Region 10,2 wk ahead,Bin,percent,9.9,10.0,1.0000000000000002e-06
Region 10,2 wk ahead,Bin,percent,10.0,10.1,1.0000000000000002e-06
Region 10,2 wk ahead,Bin,percent,10.1,10.2,1.0000000000000002e-06
Region 10,2 wk ahead,Bin,percent,10.2,10.3,1.0000000000000002e-06
Region 10,2 wk ahead,Bin,percent,10.3,10.4,1.0000000000000002e-06
Region 10,2 wk ahead,Bin,percent,10.4,10.5,1.0000000000000002e-06
Region 10,2 wk ahead,Bin,percent,10.5,10.6,1.0000000000000002e-06
Region 10,2 wk ahead,Bin,percent,10.6,10.7,1.0000000000000002e-06
Region 10,2 wk ahead,Bin,percent,10.7,10.8,1.0000000000000002e-06
Region 10,2 wk ahead,Bin,percent,10.8,10.9,1.0000000000000002e-06
Region 10,2 wk ahead,Bin,percent,10.9,11.0,1.0000000000000002e-06
Region 10,2 wk ahead,Bin,percent,11.0,11.1,1.0000000000000002e-06
Region 10,2 wk ahead,Bin,percent,11.1,11.2,1.0000000000000002e-06
Region 10,2 wk ahead,Bin,percent,11.2,11.3,1.0000000000000002e-06
Region 10,2 wk ahead,Bin,percent,11.3,11.4,1.0000000000000002e-06
Region 10,2 wk ahead,Bin,percent,11.4,11.5,1.0000000000000002e-06
Region 10,2 wk ahead,Bin,percent,11.5,11.6,1.0000000000000002e-06
Region 10,2 wk ahead,Bin,percent,11.6,11.7,1.0000000000000002e-06
Region 10,2 wk ahead,Bin,percent,11.7,11.8,1.0000000000000002e-06
Region 10,2 wk ahead,Bin,percent,11.8,11.9,1.0000000000000002e-06
Region 10,2 wk ahead,Bin,percent,11.9,12.0,1.0000000000000002e-06
Region 10,2 wk ahead,Bin,percent,12.0,12.1,1.0000000000000002e-06
Region 10,2 wk ahead,Bin,percent,12.1,12.2,1.0000000000000002e-06
Region 10,2 wk ahead,Bin,percent,12.2,12.3,1.0000000000000002e-06
Region 10,2 wk ahead,Bin,percent,12.3,12.4,1.0000000000000002e-06
Region 10,2 wk ahead,Bin,percent,12.4,12.5,1.0000000000000002e-06
Region 10,2 wk ahead,Bin,percent,12.5,12.6,1.0000000000000002e-06
Region 10,2 wk ahead,Bin,percent,12.6,12.7,1.0000000000000002e-06
Region 10,2 wk ahead,Bin,percent,12.7,12.8,1.0000000000000002e-06
Region 10,2 wk ahead,Bin,percent,12.8,12.9,1.0000000000000002e-06
Region 10,2 wk ahead,Bin,percent,12.9,13.0,1.0000000000000002e-06
Region 10,2 wk ahead,Bin,percent,13.0,100,1.0000000000000002e-06
Region 10,3 wk ahead,Point,percent,,,1.1200062285514931
Region 10,3 wk ahead,Bin,percent,0.0,0.1,1.0000000000000002e-06
Region 10,3 wk ahead,Bin,percent,0.1,0.2,1.0000000000000002e-06
Region 10,3 wk ahead,Bin,percent,0.2,0.3,1.0000000000000002e-06
Region 10,3 wk ahead,Bin,percent,0.3,0.4,1.0000000000000002e-06
Region 10,3 wk ahead,Bin,percent,0.4,0.5,1.0000000000000002e-06
Region 10,3 wk ahead,Bin,percent,0.5,0.6,0.00010099900000000001
Region 10,3 wk ahead,Bin,percent,0.6,0.7,0.000500995
Region 10,3 wk ahead,Bin,percent,0.7,0.8,0.001500985
Region 10,3 wk ahead,Bin,percent,0.8,0.9,0.002900971
Region 10,3 wk ahead,Bin,percent,0.9,1.0,0.006000940000000001
Region 10,3 wk ahead,Bin,percent,1.0,1.1,0.005900941000000001
Region 10,3 wk ahead,Bin,percent,1.1,1.2,0.008300917000000001
Region 10,3 wk ahead,Bin,percent,1.2,1.3,0.009600904
Region 10,3 wk ahead,Bin,percent,1.3,1.4,0.010700893
Region 10,3 wk ahead,Bin,percent,1.4,1.5,0.008700913000000001
Region 10,3 wk ahead,Bin,percent,1.5,1.6,0.009400905999999999
Region 10,3 wk ahead,Bin,percent,1.6,1.7,0.006300937000000001
Region 10,3 wk ahead,Bin,percent,1.7,1.8,0.005800942000000001
Region 10,3 wk ahead,Bin,percent,1.8,1.9,0.005800942000000001
Region 10,3 wk ahead,Bin,percent,1.9,2.0,0.004900951000000001
Region 10,3 wk ahead,Bin,percent,2.0,2.1,0.00300097
Region 10,3 wk ahead,Bin,percent,2.1,2.2,0.0020009800000000003
Region 10,3 wk ahead,Bin,percent,2.2,2.3,0.0026009740000000003
Region 10,3 wk ahead,Bin,percent,2.3,2.4,0.002300977
Region 10,3 wk ahead,Bin,percent,2.4,2.5,0.001200988
Region 10,3 wk ahead,Bin,percent,2.5,2.6,0.000800992
Region 10,3 wk ahead,Bin,percent,2.6,2.7,0.000400996
Region 10,3 wk ahead,Bin,percent,2.7,2.8,0.00020099800000000003
Region 10,3 wk ahead,Bin,percent,2.8,2.9,0.000300997
Region 10,3 wk ahead,Bin,percent,2.9,3.0,0.00010099900000000001
Region 10,3 wk ahead,Bin,percent,3.0,3.1,0.00010099900000000001
Region 10,3 wk ahead,Bin,percent,3.1,3.2,0.00020099800000000003
Region 10,3 wk ahead,Bin,percent,3.2,3.3,0.00020099800000000003
Region 10,3 wk ahead,Bin,percent,3.3,3.4,1.0000000000000002e-06
Region 10,3 wk ahead,Bin,percent,3.4,3.5,1.0000000000000002e-06
Region 10,3 wk ahead,Bin,percent,3.5,3.6,0.00020099800000000003
Region 10,3 wk ahead,Bin,percent,3.6,3.7,1.0000000000000002e-06
Region 10,3 wk ahead,Bin,percent,3.7,3.8,1.0000000000000002e-06
Region 10,3 wk ahead,Bin,percent,3.8,3.9,1.0000000000000002e-06
Region 10,3 wk ahead,Bin,percent,3.9,4.0,1.0000000000000002e-06
Region 10,3 wk ahead,Bin,percent,4.0,4.1,1.0000000000000002e-06
Region 10,3 wk ahead,Bin,percent,4.1,4.2,1.0000000000000002e-06
Region 10,3 wk ahead,Bin,percent,4.2,4.3,1.0000000000000002e-06
Region 10,3 wk ahead,Bin,percent,4.3,4.4,1.0000000000000002e-06
Region 10,3 wk ahead,Bin,percent,4.4,4.5,1.0000000000000002e-06
Region 10,3 wk ahead,Bin,percent,4.5,4.6,1.0000000000000002e-06
Region 10,3 wk ahead,Bin,percent,4.6,4.7,1.0000000000000002e-06
Region 10,3 wk ahead,Bin,percent,4.7,4.8,1.0000000000000002e-06
Region 10,3 wk ahead,Bin,percent,4.8,4.9,1.0000000000000002e-06
Region 10,3 wk ahead,Bin,percent,4.9,5.0,1.0000000000000002e-06
Region 10,3 wk ahead,Bin,percent,5.0,5.1,1.0000000000000002e-06
Region 10,3 wk ahead,Bin,percent,5.1,5.2,1.0000000000000002e-06
Region 10,3 wk ahead,Bin,percent,5.2,5.3,1.0000000000000002e-06
Region 10,3 wk ahead,Bin,percent,5.3,5.4,1.0000000000000002e-06
Region 10,3 wk ahead,Bin,percent,5.4,5.5,1.0000000000000002e-06
Region 10,3 wk ahead,Bin,percent,5.5,5.6,1.0000000000000002e-06
Region 10,3 wk ahead,Bin,percent,5.6,5.7,1.0000000000000002e-06
Region 10,3 wk ahead,Bin,percent,5.7,5.8,1.0000000000000002e-06
Region 10,3 wk ahead,Bin,percent,5.8,5.9,1.0000000000000002e-06
Region 10,3 wk ahead,Bin,percent,5.9,6.0,1.0000000000000002e-06
Region 10,3 wk ahead,Bin,percent,6.0,6.1,1.0000000000000002e-06
Region 10,3 wk ahead,Bin,percent,6.1,6.2,1.0000000000000002e-06
Region 10,3 wk ahead,Bin,percent,6.2,6.3,1.0000000000000002e-06
Region 10,3 wk ahead,Bin,percent,6.3,6.4,1.0000000000000002e-06
Region 10,3 wk ahead,Bin,percent,6.4,6.5,1.0000000000000002e-06
Region 10,3 wk ahead,Bin,percent,6.5,6.6,1.0000000000000002e-06
Region 10,3 wk ahead,Bin,percent,6.6,6.7,1.0000000000000002e-06
Region 10,3 wk ahead,Bin,percent,6.7,6.8,1.0000000000000002e-06
Region 10,3 wk ahead,Bin,percent,6.8,6.9,1.0000000000000002e-06
Region 10,3 wk ahead,Bin,percent,6.9,7.0,1.0000000000000002e-06
Region 10,3 wk ahead,Bin,percent,7.0,7.1,1.0000000000000002e-06
Region 10,3 wk ahead,Bin,percent,7.1,7.2,1.0000000000000002e-06
Region 10,3 wk ahead,Bin,percent,7.2,7.3,1.0000000000000002e-06
Region 10,3 wk ahead,Bin,percent,7.3,7.4,1.0000000000000002e-06
Region 10,3 wk ahead,Bin,percent,7.4,7.5,1.0000000000000002e-06
Region 10,3 wk ahead,Bin,percent,7.5,7.6,1.0000000000000002e-06
Region 10,3 wk ahead,Bin,percent,7.6,7.7,1.0000000000000002e-06
Region 10,3 wk ahead,Bin,percent,7.7,7.8,1.0000000000000002e-06
Region 10,3 wk ahead,Bin,percent,7.8,7.9,1.0000000000000002e-06
Region 10,3 wk ahead,Bin,percent,7.9,8.0,1.0000000000000002e-06
Region 10,3 wk ahead,Bin,percent,8.0,8.1,1.0000000000000002e-06
Region 10,3 wk ahead,Bin,percent,8.1,8.2,1.0000000000000002e-06
Region 10,3 wk ahead,Bin,percent,8.2,8.3,1.0000000000000002e-06
Region 10,3 wk ahead,Bin,percent,8.3,8.4,1.0000000000000002e-06
Region 10,3 wk ahead,Bin,percent,8.4,8.5,1.0000000000000002e-06
Region 10,3 wk ahead,Bin,percent,8.5,8.6,1.0000000000000002e-06
Region 10,3 wk ahead,Bin,percent,8.6,8.7,1.0000000000000002e-06
Region 10,3 wk ahead,Bin,percent,8.7,8.8,1.0000000000000002e-06
Region 10,3 wk ahead,Bin,percent,8.8,8.9,1.0000000000000002e-06
Region 10,3 wk ahead,Bin,percent,8.9,9.0,1.0000000000000002e-06
Region 10,3 wk ahead,Bin,percent,9.0,9.1,1.0000000000000002e-06
Region 10,3 wk ahead,Bin,percent,9.1,9.2,1.0000000000000002e-06
Region 10,3 wk ahead,Bin,percent,9.2,9.3,1.0000000000000002e-06
Region 10,3 wk ahead,Bin,percent,9.3,9.4,1.0000000000000002e-06
Region 10,3 wk ahead,Bin,percent,9.4,9.5,1.0000000000000002e-06
Region 10,3 wk ahead,Bin,percent,9.5,9.6,1.0000000000000002e-06
Region 10,3 wk ahead,Bin,percent,9.6,9.7,1.0000000000000002e-06
Region 10,3 wk ahead,Bin,percent,9.7,9.8,1.0000000000000002e-06
Region 10,3 wk ahead,Bin,percent,9.8,9.9,1.0000000000000002e-06
Region 10,3 wk ahead,Bin,percent,9.9,10.0,1.0000000000000002e-06
Region 10,3 wk ahead,Bin,percent,10.0,10.1,1.0000000000000002e-06
Region 10,3 wk ahead,Bin,percent,10.1,10.2,1.0000000000000002e-06
Region 10,3 wk ahead,Bin,percent,10.2,10.3,1.0000000000000002e-06
Region 10,3 wk ahead,Bin,percent,10.3,10.4,1.0000000000000002e-06
Region 10,3 wk ahead,Bin,percent,10.4,10.5,1.0000000000000002e-06
Region 10,3 wk ahead,Bin,percent,10.5,10.6,1.0000000000000002e-06
Region 10,3 wk ahead,Bin,percent,10.6,10.7,1.0000000000000002e-06
Region 10,3 wk ahead,Bin,percent,10.7,10.8,1.0000000000000002e-06
Region 10,3 wk ahead,Bin,percent,10.8,10.9,1.0000000000000002e-06
Region 10,3 wk ahead,Bin,percent,10.9,11.0,1.0000000000000002e-06
Region 10,3 wk ahead,Bin,percent,11.0,11.1,1.0000000000000002e-06
Region 10,3 wk ahead,Bin,percent,11.1,11.2,1.0000000000000002e-06
Region 10,3 wk ahead,Bin,percent,11.2,11.3,1.0000000000000002e-06
Region 10,3 wk ahead,Bin,percent,11.3,11.4,1.0000000000000002e-06
Region 10,3 wk ahead,Bin,percent,11.4,11.5,1.0000000000000002e-06
Region 10,3 wk ahead,Bin,percent,11.5,11.6,1.0000000000000002e-06
Region 10,3 wk ahead,Bin,percent,11.6,11.7,1.0000000000000002e-06
Region 10,3 wk ahead,Bin,percent,11.7,11.8,1.0000000000000002e-06
Region 10,3 wk ahead,Bin,percent,11.8,11.9,1.0000000000000002e-06
Region 10,3 wk ahead,Bin,percent,11.9,12.0,1.0000000000000002e-06
Region 10,3 wk ahead,Bin,percent,12.0,12.1,1.0000000000000002e-06
Region 10,3 wk ahead,Bin,percent,12.1,12.2,1.0000000000000002e-06
Region 10,3 wk ahead,Bin,percent,12.2,12.3,1.0000000000000002e-06
Region 10,3 wk ahead,Bin,percent,12.3,12.4,1.0000000000000002e-06
Region 10,3 wk ahead,Bin,percent,12.4,12.5,1.0000000000000002e-06
Region 10,3 wk ahead,Bin,percent,12.5,12.6,1.0000000000000002e-06
Region 10,3 wk ahead,Bin,percent,12.6,12.7,1.0000000000000002e-06
Region 10,3 wk ahead,Bin,percent,12.7,12.8,1.0000000000000002e-06
Region 10,3 wk ahead,Bin,percent,12.8,12.9,1.0000000000000002e-06
Region 10,3 wk ahead,Bin,percent,12.9,13.0,1.0000000000000002e-06
Region 10,3 wk ahead,Bin,percent,13.0,100,1.0000000000000002e-06
Region 10,4 wk ahead,Point,percent,,,1.242288497995129
Region 10,4 wk ahead,Bin,percent,0.0,0.1,1.0000000000000002e-06
Region 10,4 wk ahead,Bin,percent,0.1,0.2,1.0000000000000002e-06
Region 10,4 wk ahead,Bin,percent,0.2,0.3,1.0000000000000002e-06
Region 10,4 wk ahead,Bin,percent,0.3,0.4,1.0000000000000002e-06
Region 10,4 wk ahead,Bin,percent,0.4,0.5,1.0000000000000002e-06
Region 10,4 wk ahead,Bin,percent,0.5,0.6,1.0000000000000002e-06
Region 10,4 wk ahead,Bin,percent,0.6,0.7,0.00100099
Region 10,4 wk ahead,Bin,percent,0.7,0.8,0.001700983
Region 10,4 wk ahead,Bin,percent,0.8,0.9,0.0040009600000000005
Region 10,4 wk ahead,Bin,percent,0.9,1.0,0.005500945000000001
Region 10,4 wk ahead,Bin,percent,1.0,1.1,0.007500925
Region 10,4 wk ahead,Bin,percent,1.1,1.2,0.008600914
Region 10,4 wk ahead,Bin,percent,1.2,1.3,0.009200908
Region 10,4 wk ahead,Bin,percent,1.3,1.4,0.008200918
Region 10,4 wk ahead,Bin,percent,1.4,1.5,0.00800092
Region 10,4 wk ahead,Bin,percent,1.5,1.6,0.006900931000000001
Region 10,4 wk ahead,Bin,percent,1.6,1.7,0.007900921
Region 10,4 wk ahead,Bin,percent,1.7,1.8,0.006300937000000001
Region 10,4 wk ahead,Bin,percent,1.8,1.9,0.005200948000000001
Region 10,4 wk ahead,Bin,percent,1.9,2.0,0.005300947
Region 10,4 wk ahead,Bin,percent,2.0,2.1,0.00300097
Region 10,4 wk ahead,Bin,percent,2.1,2.2,0.0027009729999999997
Region 10,4 wk ahead,Bin,percent,2.2,2.3,0.002500975
Region 10,4 wk ahead,Bin,percent,2.3,2.4,0.001200988
Region 10,4 wk ahead,Bin,percent,2.4,2.5,0.00100099
Region 10,4 wk ahead,Bin,percent,2.5,2.6,0.001200988
Region 10,4 wk ahead,Bin,percent,2.6,2.7,0.000600994
Region 10,4 wk ahead,Bin,percent,2.7,2.8,0.0007009929999999999
Region 10,4 wk ahead,Bin,percent,2.8,2.9,0.000600994
Region 10,4 wk ahead,Bin,percent,2.9,3.0,0.000400996
Region 10,4 wk ahead,Bin,percent,3.0,3.1,0.00020099800000000003
Region 10,4 wk ahead,Bin,percent,3.1,3.2,0.00020099800000000003
Region 10,4 wk ahead,Bin,percent,3.2,3.3,1.0000000000000002e-06
Region 10,4 wk ahead,Bin,percent,3.3,3.4,1.0000000000000002e-06
Region 10,4 wk ahead,Bin,percent,3.4,3.5,1.0000000000000002e-06
Region 10,4 wk ahead,Bin,percent,3.5,3.6,1.0000000000000002e-06
Region 10,4 wk ahead,Bin,percent,3.6,3.7,0.00020099800000000003
Region 10,4 wk ahead,Bin,percent,3.7,3.8,0.00010099900000000001
Region 10,4 wk ahead,Bin,percent,3.8,3.9,1.0000000000000002e-06
Region 10,4 wk ahead,Bin,percent,3.9,4.0,0.00010099900000000001
Region 10,4 wk ahead,Bin,percent,4.0,4.1,1.0000000000000002e-06
Region 10,4 wk ahead,Bin,percent,4.1,4.2,1.0000000000000002e-06
Region 10,4 wk ahead,Bin,percent,4.2,4.3,1.0000000000000002e-06
Region 10,4 wk ahead,Bin,percent,4.3,4.4,1.0000000000000002e-06
Region 10,4 wk ahead,Bin,percent,4.4,4.5,1.0000000000000002e-06
Region 10,4 wk ahead,Bin,percent,4.5,4.6,1.0000000000000002e-06
Region 10,4 wk ahead,Bin,percent,4.6,4.7,1.0000000000000002e-06
Region 10,4 wk ahead,Bin,percent,4.7,4.8,1.0000000000000002e-06
Region 10,4 wk ahead,Bin,percent,4.8,4.9,1.0000000000000002e-06
Region 10,4 wk ahead,Bin,percent,4.9,5.0,1.0000000000000002e-06
Region 10,4 wk ahead,Bin,percent,5.0,5.1,1.0000000000000002e-06
Region 10,4 wk ahead,Bin,percent,5.1,5.2,1.0000000000000002e-06
Region 10,4 wk ahead,Bin,percent,5.2,5.3,1.0000000000000002e-06
Region 10,4 wk ahead,Bin,percent,5.3,5.4,1.0000000000000002e-06
Region 10,4 wk ahead,Bin,percent,5.4,5.5,1.0000000000000002e-06
Region 10,4 wk ahead,Bin,percent,5.5,5.6,1.0000000000000002e-06
Region 10,4 wk ahead,Bin,percent,5.6,5.7,1.0000000000000002e-06
Region 10,4 wk ahead,Bin,percent,5.7,5.8,1.0000000000000002e-06
Region 10,4 wk ahead,Bin,percent,5.8,5.9,1.0000000000000002e-06
Region 10,4 wk ahead,Bin,percent,5.9,6.0,1.0000000000000002e-06
Region 10,4 wk ahead,Bin,percent,6.0,6.1,1.0000000000000002e-06
Region 10,4 wk ahead,Bin,percent,6.1,6.2,1.0000000000000002e-06
Region 10,4 wk ahead,Bin,percent,6.2,6.3,1.0000000000000002e-06
Region 10,4 wk ahead,Bin,percent,6.3,6.4,1.0000000000000002e-06
Region 10,4 wk ahead,Bin,percent,6.4,6.5,1.0000000000000002e-06
Region 10,4 wk ahead,Bin,percent,6.5,6.6,1.0000000000000002e-06
Region 10,4 wk ahead,Bin,percent,6.6,6.7,1.0000000000000002e-06
Region 10,4 wk ahead,Bin,percent,6.7,6.8,1.0000000000000002e-06
Region 10,4 wk ahead,Bin,percent,6.8,6.9,1.0000000000000002e-06
Region 10,4 wk ahead,Bin,percent,6.9,7.0,1.0000000000000002e-06
Region 10,4 wk ahead,Bin,percent,7.0,7.1,1.0000000000000002e-06
Region 10,4 wk ahead,Bin,percent,7.1,7.2,1.0000000000000002e-06
Region 10,4 wk ahead,Bin,percent,7.2,7.3,1.0000000000000002e-06
Region 10,4 wk ahead,Bin,percent,7.3,7.4,1.0000000000000002e-06
Region 10,4 wk ahead,Bin,percent,7.4,7.5,1.0000000000000002e-06
Region 10,4 wk ahead,Bin,percent,7.5,7.6,1.0000000000000002e-06
Region 10,4 wk ahead,Bin,percent,7.6,7.7,1.0000000000000002e-06
Region 10,4 wk ahead,Bin,percent,7.7,7.8,1.0000000000000002e-06
Region 10,4 wk ahead,Bin,percent,7.8,7.9,1.0000000000000002e-06
Region 10,4 wk ahead,Bin,percent,7.9,8.0,1.0000000000000002e-06
Region 10,4 wk ahead,Bin,percent,8.0,8.1,1.0000000000000002e-06
Region 10,4 wk ahead,Bin,percent,8.1,8.2,1.0000000000000002e-06
Region 10,4 wk ahead,Bin,percent,8.2,8.3,1.0000000000000002e-06
Region 10,4 wk ahead,Bin,percent,8.3,8.4,1.0000000000000002e-06
Region 10,4 wk ahead,Bin,percent,8.4,8.5,1.0000000000000002e-06
Region 10,4 wk ahead,Bin,percent,8.5,8.6,1.0000000000000002e-06
Region 10,4 wk ahead,Bin,percent,8.6,8.7,1.0000000000000002e-06
Region 10,4 wk ahead,Bin,percent,8.7,8.8,1.0000000000000002e-06
Region 10,4 wk ahead,Bin,percent,8.8,8.9,1.0000000000000002e-06
Region 10,4 wk ahead,Bin,percent,8.9,9.0,1.0000000000000002e-06
Region 10,4 wk ahead,Bin,percent,9.0,9.1,1.0000000000000002e-06
Region 10,4 wk ahead,Bin,percent,9.1,9.2,1.0000000000000002e-06
Region 10,4 wk ahead,Bin,percent,9.2,9.3,1.0000000000000002e-06
Region 10,4 wk ahead,Bin,percent,9.3,9.4,1.0000000000000002e-06
Region 10,4 wk ahead,Bin,percent,9.4,9.5,1.0000000000000002e-06
Region 10,4 wk ahead,Bin,percent,9.5,9.6,1.0000000000000002e-06
Region 10,4 wk ahead,Bin,percent,9.6,9.7,1.0000000000000002e-06
Region 10,4 wk ahead,Bin,percent,9.7,9.8,1.0000000000000002e-06
Region 10,4 wk ahead,Bin,percent,9.8,9.9,1.0000000000000002e-06
Region 10,4 wk ahead,Bin,percent,9.9,10.0,1.0000000000000002e-06
Region 10,4 wk ahead,Bin,percent,10.0,10.1,1.0000000000000002e-06
Region 10,4 wk ahead,Bin,percent,10.1,10.2,1.0000000000000002e-06
Region 10,4 wk ahead,Bin,percent,10.2,10.3,1.0000000000000002e-06
Region 10,4 wk ahead,Bin,percent,10.3,10.4,1.0000000000000002e-06
Region 10,4 wk ahead,Bin,percent,10.4,10.5,1.0000000000000002e-06
Region 10,4 wk ahead,Bin,percent,10.5,10.6,1.0000000000000002e-06
Region 10,4 wk ahead,Bin,percent,10.6,10.7,1.0000000000000002e-06
Region 10,4 wk ahead,Bin,percent,10.7,10.8,1.0000000000000002e-06
Region 10,4 wk ahead,Bin,percent,10.8,10.9,1.0000000000000002e-06
Region 10,4 wk ahead,Bin,percent,10.9,11.0,1.0000000000000002e-06
Region 10,4 wk ahead,Bin,percent,11.0,11.1,1.0000000000000002e-06
Region 10,4 wk ahead,Bin,percent,11.1,11.2,1.0000000000000002e-06
Region 10,4 wk ahead,Bin,percent,11.2,11.3,1.0000000000000002e-06
Region 10,4 wk ahead,Bin,percent,11.3,11.4,1.0000000000000002e-06
Region 10,4 wk ahead,Bin,percent,11.4,11.5,1.0000000000000002e-06
Region 10,4 wk ahead,Bin,percent,11.5,11.6,1.0000000000000002e-06
Region 10,4 wk ahead,Bin,percent,11.6,11.7,1.0000000000000002e-06
Region 10,4 wk ahead,Bin,percent,11.7,11.8,1.0000000000000002e-06
Region 10,4 wk ahead,Bin,percent,11.8,11.9,1.0000000000000002e-06
Region 10,4 wk ahead,Bin,percent,11.9,12.0,1.0000000000000002e-06
Region 10,4 wk ahead,Bin,percent,12.0,12.1,1.0000000000000002e-06
Region 10,4 wk ahead,Bin,percent,12.1,12.2,1.0000000000000002e-06
Region 10,4 wk ahead,Bin,percent,12.2,12.3,1.0000000000000002e-06
Region 10,4 wk ahead,Bin,percent,12.3,12.4,1.0000000000000002e-06
Region 10,4 wk ahead,Bin,percent,12.4,12.5,1.0000000000000002e-06
Region 10,4 wk ahead,Bin,percent,12.5,12.6,1.0000000000000002e-06
Region 10,4 wk ahead,Bin,percent,12.6,12.7,1.0000000000000002e-06
Region 10,4 wk ahead,Bin,percent,12.7,12.8,1.0000000000000002e-06
Region 10,4 wk ahead,Bin,percent,12.8,12.9,1.0000000000000002e-06
Region 10,4 wk ahead,Bin,percent,12.9,13.0,1.0000000000000002e-06
Region 10,4 wk ahead,Bin,percent,13.0,100,1.0000000000000002e-06
Region 2,Season onset,Bin,week,none,none,0.029411765
Region 2,Season onset,Bin,week,40,41,0.029411765
Region 2,Season onset,Bin,week,41,42,0.029411765
Region 2,Season onset,Bin,week,42,43,0.029411765
Region 2,Season onset,Bin,week,43,44,0.029411765
Region 2,Season onset,Bin,week,44,45,0.029411765
Region 2,Season onset,Bin,week,45,46,0.029411765
Region 2,Season onset,Bin,week,46,47,0.029411765
Region 2,Season onset,Bin,week,47,48,0.029411765
Region 2,Season onset,Bin,week,48,49,0.029411765
Region 2,Season onset,Bin,week,49,50,0.029411765
Region 2,Season onset,Bin,week,50,51,0.029411765
Region 2,Season onset,Bin,week,51,52,0.029411765
Region 2,Season onset,Bin,week,52,53,0.029411765
Region 2,Season onset,Bin,week,1,2,0.0765
Region 2,Season onset,Bin,week,2,3,0.0765
Region 2,Season onset,Bin,week,3,4,0.0765
Region 2,Season onset,Bin,week,4,5,0.0765
Region 2,Season onset,Bin,week,5,6,0.0765
Region 2,Season onset,Bin,week,6,7,0.0765
Region 2,Season onset,Bin,week,7,8,0.0765
Region 2,Season onset,Bin,week,8,9,0.0765
Region 2,Season onset,Bin,week,9,10,0.0765
Region 2,Season onset,Bin,week,10,11,0.0765
Region 2,Season onset,Bin,week,11,12,0.0765
Region 2,Season onset,Bin,week,12,13,0.0765
Region 2,Season onset,Bin,week,13,14,0.0765
Region 2,Season onset,Bin,week,14,15,0.0765
Region 2,Season onset,Bin,week,15,16,0.0765
Region 2,Season onset,Bin,week,16,17,0.0765
Region 2,Season onset,Bin,week,17,18,0.0765
Region 2,Season onset,Bin,week,18,19,0.0765
Region 2,Season onset,Bin,week,19,20,0.0765
Region 2,Season onset,Bin,week,20,21,0.0765
Region 2,Season peak week,Bin,week,40,41,0.03030303
Region 2,Season peak week,Bin,week,41,42,0.03030303
Region 2,Season peak week,Bin,week,42,43,0.03030303
Region 2,Season peak week,Bin,week,43,44,0.03030303
Region 2,Season peak week,Bin,week,44,45,0.03030303
Region 2,Season peak week,Bin,week,45,46,0.03030303
Region 2,Season peak week,Bin,week,46,47,0.03030303
Region 2,Season peak week,Bin,week,47,48,0.03030303
Region 2,Season peak week,Bin,week,48,49,0.03030303
Region 2,Season peak week,Bin,week,49,50,0.03030303
Region 2,Season peak week,Bin,week,50,51,0.03030303
Region 2,Season peak week,Bin,week,51,52,0.03030303
Region 2,Season peak week,Bin,week,52,53,0.03030303
Region 2,Season peak week,Bin,week,1,2,0.03030303
Region 2,Season peak week,Bin,week,2,3,0.03030303
Region 2,Season peak week,Bin,week,3,4,0.03030303
Region 2,Season peak week,Bin,week,4,5,0.03030303
Region 2,Season peak week,Bin,week,5,6,0.03030303
Region 2,Season peak week,Bin,week,6,7,0.03030303
Region 2,Season peak week,Bin,week,7,8,0.03030303
Region 2,Season peak week,Bin,week,8,9,0.03030303
Region 2,Season peak week,Bin,week,9,10,0.03030303
Region 2,Season peak week,Bin,week,10,11,0.03030303
Region 2,Season peak week,Bin,week,11,12,0.03030303
Region 2,Season peak week,Bin,week,12,13,0.03030303
Region 2,Season peak week,Bin,week,13,14,0.03030303
Region 2,Season peak week,Bin,week,14,15,0.03030303
Region 2,Season peak week,Bin,week,15,16,0.03030303
Region 2,Season peak week,Bin,week,16,17,0.03030303
Region 2,Season peak week,Bin,week,17,18,0.03030303
Region 2,Season peak week,Bin,week,18,19,0.03030303
Region 2,Season peak week,Bin,week,19,20,0.03030303
Region 2,Season peak week,Bin,week,20,21,0.03030303
Region 2,Season peak percentage,Bin,percent,0.0,0.1,0.007633588
Region 2,Season peak percentage,Bin,percent,0.1,0.2,0.007633588
Region 2,Season peak percentage,Bin,percent,0.2,0.3,0.007633588
Region 2,Season peak percentage,Bin,percent,0.3,0.4,0.007633588
Region 2,Season peak percentage,Bin,percent,0.4,0.5,0.007633588
Region 2,Season peak percentage,Bin,percent,0.5,0.6,0.007633588
Region 2,Season peak percentage,Bin,percent,0.6,0.7,0.007633588
Region 2,Season peak percentage,Bin,percent,0.7,0.8,0.007633588
Region 2,Season peak percentage,Bin,percent,0.8,0.9,0.007633588
Region 2,Season peak percentage,Bin,percent,0.9,1.0,0.007633588
Region 2,Season peak percentage,Bin,percent,1.0,1.1,0.007633588
Region 2,Season peak percentage,Bin,percent,1.1,1.2,0.007633588
Region 2,Season peak percentage,Bin,percent,1.2,1.3,0.007633588
Region 2,Season peak percentage,Bin,percent,1.3,1.4,0.007633588
Region 2,Season peak percentage,Bin,percent,1.4,1.5,0.007633588
Region 2,Season peak percentage,Bin,percent,1.5,1.6,0.007633588
Region 2,Season peak percentage,Bin,percent,1.6,1.7,0.007633588
Region 2,Season peak percentage,Bin,percent,1.7,1.8,0.007633588
Region 2,Season peak percentage,Bin,percent,1.8,1.9,0.007633588
Region 2,Season peak percentage,Bin,percent,1.9,2.0,0.007633588
Region 2,Season peak percentage,Bin,percent,2.0,2.1,0.007633588
Region 2,Season peak percentage,Bin,percent,2.1,2.2,0.007633588
Region 2,Season peak percentage,Bin,percent,2.2,2.3,0.007633588
Region 2,Season peak percentage,Bin,percent,2.3,2.4,0.007633588
Region 2,Season peak percentage,Bin,percent,2.4,2.5,0.007633588
Region 2,Season peak percentage,Bin,percent,2.5,2.6,0.007633588
Region 2,Season peak percentage,Bin,percent,2.6,2.7,0.007633588
Region 2,Season peak percentage,Bin,percent,2.7,2.8,0.007633588
Region 2,Season peak percentage,Bin,percent,2.8,2.9,0.007633588
Region 2,Season peak percentage,Bin,percent,2.9,3.0,0.007633588
Region 2,Season peak percentage,Bin,percent,3.0,3.1,0.007633588
Region 2,Season peak percentage,Bin,percent,3.1,3.2,0.007633588
Region 2,Season peak percentage,Bin,percent,3.2,3.3,0.007633588
Region 2,Season peak percentage,Bin,percent,3.3,3.4,0.007633588
Region 2,Season peak percentage,Bin,percent,3.4,3.5,0.007633588
Region 2,Season peak percentage,Bin,percent,3.5,3.6,0.007633588
Region 2,Season peak percentage,Bin,percent,3.6,3.7,0.007633588
Region 2,Season peak percentage,Bin,percent,3.7,3.8,0.007633588
Region 2,Season peak percentage,Bin,percent,3.8,3.9,0.007633588
Region 2,Season peak percentage,Bin,percent,3.9,4.0,0.007633588
Region 2,Season peak percentage,Bin,percent,4.0,4.1,0.007633588
Region 2,Season peak percentage,Bin,percent,4.1,4.2,0.007633588
Region 2,Season peak percentage,Bin,percent,4.2,4.3,0.007633588
Region 2,Season peak percentage,Bin,percent,4.3,4.4,0.007633588
Region 2,Season peak percentage,Bin,percent,4.4,4.5,0.007633588
Region 2,Season peak percentage,Bin,percent,4.5,4.6,0.007633588
Region 2,Season peak percentage,Bin,percent,4.6,4.7,0.007633588
Region 2,Season peak percentage,Bin,percent,4.7,4.8,0.007633588
Region 2,Season peak percentage,Bin,percent,4.8,4.9,0.007633588
Region 2,Season peak percentage,Bin,percent,4.9,5.0,0.007633588
Region 2,Season peak percentage,Bin,percent,5.0,5.1,0.007633588
Region 2,Season peak percentage,Bin,percent,5.1,5.2,0.007633588
Region 2,Season peak percentage,Bin,percent,5.2,5.3,0.007633588
Region 2,Season peak percentage,Bin,percent,5.3,5.4,0.007633588
Region 2,Season peak percentage,Bin,percent,5.4,5.5,0.007633588
Region 2,Season peak percentage,Bin,percent,5.5,5.6,0.007633588
Region 2,Season peak percentage,Bin,percent,5.6,5.7,0.007633588
Region 2,Season peak percentage,Bin,percent,5.7,5.8,0.007633588
Region 2,Season peak percentage,Bin,percent,5.8,5.9,0.007633588
Region 2,Season peak percentage,Bin,percent,5.9,6.0,0.007633588
Region 2,Season peak percentage,Bin,percent,6.0,6.1,0.007633588
Region 2,Season peak percentage,Bin,percent,6.1,6.2,0.007633588
Region 2,Season peak percentage,Bin,percent,6.2,6.3,0.007633588
Region 2,Season peak percentage,Bin,percent,6.3,6.4,0.007633588
Region 2,Season peak percentage,Bin,percent,6.4,6.5,0.007633588
Region 2,Season peak percentage,Bin,percent,6.5,6.6,0.007633588
Region 2,Season peak percentage,Bin,percent,6.6,6.7,0.007633588
Region 2,Season peak percentage,Bin,percent,6.7,6.8,0.007633588
Region 2,Season peak percentage,Bin,percent,6.8,6.9,0.007633588
Region 2,Season peak percentage,Bin,percent,6.9,7.0,0.007633588
Region 2,Season peak percentage,Bin,percent,7.0,7.1,0.007633588
Region 2,Season peak percentage,Bin,percent,7.1,7.2,0.007633588
Region 2,Season peak percentage,Bin,percent,7.2,7.3,0.007633588
Region 2,Season peak percentage,Bin,percent,7.3,7.4,0.007633588
Region 2,Season peak percentage,Bin,percent,7.4,7.5,0.007633588
Region 2,Season peak percentage,Bin,percent,7.5,7.6,0.007633588
Region 2,Season peak percentage,Bin,percent,7.6,7.7,0.007633588
Region 2,Season peak percentage,Bin,percent,7.7,7.8,0.007633588
Region 2,Season peak percentage,Bin,percent,7.8,7.9,0.007633588
Region 2,Season peak percentage,Bin,percent,7.9,8.0,0.007633588
Region 2,Season peak percentage,Bin,percent,8.0,8.1,0.007633588
Region 2,Season peak percentage,Bin,percent,8.1,8.2,0.007633588
Region 2,Season peak percentage,Bin,percent,8.2,8.3,0.007633588
Region 2,Season peak percentage,Bin,percent,8.3,8.4,0.007633588
Region 2,Season peak percentage,Bin,percent,8.4,8.5,0.007633588
Region 2,Season peak percentage,Bin,percent,8.5,8.6,0.007633588
Region 2,Season peak percentage,Bin,percent,8.6,8.7,0.007633588
Region 2,Season peak percentage,Bin,percent,8.7,8.8,0.007633588
Region 2,Season peak percentage,Bin,percent,8.8,8.9,0.007633588
Region 2,Season peak percentage,Bin,percent,8.9,9.0,0.007633588
Region 2,Season peak percentage,Bin,percent,9.0,9.1,0.007633588
Region 2,Season peak percentage,Bin,percent,9.1,9.2,0.007633588
Region 2,Season peak percentage,Bin,percent,9.2,9.3,0.007633588
Region 2,Season peak percentage,Bin,percent,9.3,9.4,0.007633588
Region 2,Season peak percentage,Bin,percent,9.4,9.5,0.007633588
Region 2,Season peak percentage,Bin,percent,9.5,9.6,0.007633588
Region 2,Season peak percentage,Bin,percent,9.6,9.7,0.007633588
Region 2,Season peak percentage,Bin,percent,9.7,9.8,0.007633588
Region 2,Season peak percentage,Bin,percent,9.8,9.9,0.007633588
Region 2,Season peak percentage,Bin,percent,9.9,10.0,0.007633588
Region 2,Season peak percentage,Bin,percent,10.0,10.1,0.007633588
Region 2,Season peak percentage,Bin,percent,10.1,10.2,0.007633588
Region 2,Season peak percentage,Bin,percent,10.2,10.3,0.007633588
Region 2,Season peak percentage,Bin,percent,10.3,10.4,0.007633588
Region 2,Season peak percentage,Bin,percent,10.4,10.5,0.007633588
Region 2,Season peak percentage,Bin,percent,10.5,10.6,0.007633588
Region 2,Season peak percentage,Bin,percent,10.6,10.7,0.007633588
Region 2,Season peak percentage,Bin,percent,10.7,10.8,0.007633588
Region 2,Season peak percentage,Bin,percent,10.8,10.9,0.007633588
Region 2,Season peak percentage,Bin,percent,10.9,11.0,0.007633588
Region 2,Season peak percentage,Bin,percent,11.0,11.1,0.007633588
Region 2,Season peak percentage,Bin,percent,11.1,11.2,0.007633588
Region 2,Season peak percentage,Bin,percent,11.2,11.3,0.007633588
Region 2,Season peak percentage,Bin,percent,11.3,11.4,0.007633588
Region 2,Season peak percentage,Bin,percent,11.4,11.5,0.007633588
Region 2,Season peak percentage,Bin,percent,11.5,11.6,0.007633588
Region 2,Season peak percentage,Bin,percent,11.6,11.7,0.007633588
Region 2,Season peak percentage,Bin,percent,11.7,11.8,0.007633588
Region 2,Season peak percentage,Bin,percent,11.8,11.9,0.007633588
Region 2,Season peak percentage,Bin,percent,11.9,12.0,0.007633588
Region 2,Season peak percentage,Bin,percent,12.0,12.1,0.007633588
Region 2,Season peak percentage,Bin,percent,12.1,12.2,0.007633588
Region 2,Season peak percentage,Bin,percent,12.2,12.3,0.007633588
Region 2,Season peak percentage,Bin,percent,12.3,12.4,0.007633588
Region 2,Season peak percentage,Bin,percent,12.4,12.5,0.007633588
Region 2,Season peak percentage,Bin,percent,12.5,12.6,0.007633588
Region 2,Season peak percentage,Bin,percent,12.6,12.7,0.007633588
Region 2,Season peak percentage,Bin,percent,12.7,12.8,0.007633588
Region 2,Season peak percentage,Bin,percent,12.8,12.9,0.007633588
Region 2,Season peak percentage,Bin,percent,12.9,13.0,0.007633588
Region 2,Season peak percentage,Bin,percent,13.0,100.0,0.007633588
Region 2,1 wk ahead,Point,percent,,,3.5536221555851197
Region 2,1 wk ahead,Bin,percent,0.0,0.1,1.0000000000000002e-06
Region 2,1 wk ahead,Bin,percent,0.1,0.2,1.0000000000000002e-06
Region 2,1 wk ahead,Bin,percent,0.2,0.3,1.0000000000000002e-06
Region 2,1 wk ahead,Bin,percent,0.3,0.4,1.0000000000000002e-06
Region 2,1 wk ahead,Bin,percent,0.4,0.5,1.0000000000000002e-06
Region 2,1 wk ahead,Bin,percent,0.5,0.6,1.0000000000000002e-06
Region 2,1 wk ahead,Bin,percent,0.6,0.7,1.0000000000000002e-06
Region 2,1 wk ahead,Bin,percent,0.7,0.8,1.0000000000000002e-06
Region 2,1 wk ahead,Bin,percent,0.8,0.9,1.0000000000000002e-06
Region 2,1 wk ahead,Bin,percent,0.9,1.0,1.0000000000000002e-06
Region 2,1 wk ahead,Bin,percent,1.0,1.1,1.0000000000000002e-06
Region 2,1 wk ahead,Bin,percent,1.1,1.2,1.0000000000000002e-06
Region 2,1 wk ahead,Bin,percent,1.2,1.3,1.0000000000000002e-06
Region 2,1 wk ahead,Bin,percent,1.3,1.4,1.0000000000000002e-06
Region 2,1 wk ahead,Bin,percent,1.4,1.5,1.0000000000000002e-06
Region 2,1 wk ahead,Bin,percent,1.5,1.6,1.0000000000000002e-06
Region 2,1 wk ahead,Bin,percent,1.6,1.7,1.0000000000000002e-06
Region 2,1 wk ahead,Bin,percent,1.7,1.8,1.0000000000000002e-06
Region 2,1 wk ahead,Bin,percent,1.8,1.9,1.0000000000000002e-06
Region 2,1 wk ahead,Bin,percent,1.9,2.0,1.0000000000000002e-06
Region 2,1 wk ahead,Bin,percent,2.0,2.1,1.0000000000000002e-06
Region 2,1 wk ahead,Bin,percent,2.1,2.2,1.0000000000000002e-06
Region 2,1 wk ahead,Bin,percent,2.2,2.3,1.0000000000000002e-06
Region 2,1 wk ahead,Bin,percent,2.3,2.4,0.00020099800000000003
Region 2,1 wk ahead,Bin,percent,2.4,2.5,0.000300997
Region 2,1 wk ahead,Bin,percent,2.5,2.6,0.000300997
Region 2,1 wk ahead,Bin,percent,2.6,2.7,0.000800992
Region 2,1 wk ahead,Bin,percent,2.7,2.8,0.00100099
Region 2,1 wk ahead,Bin,percent,2.8,2.9,0.001900981
Region 2,1 wk ahead,Bin,percent,2.9,3.0,0.0032009680000000006
Region 2,1 wk ahead,Bin,percent,3.0,3.1,0.0033009670000000006
Region 2,1 wk ahead,Bin,percent,3.1,3.2,0.004700953
Region 2,1 wk ahead,Bin,percent,3.2,3.3,0.0051009490000000005
Region 2,1 wk ahead,Bin,percent,3.3,3.4,0.006300937000000001
Region 2,1 wk ahead,Bin,percent,3.4,3.5,0.00800092
Region 2,1 wk ahead,Bin,percent,3.5,3.6,0.008200918
Region 2,1 wk ahead,Bin,percent,3.6,3.7,0.008700913000000001
Region 2,1 wk ahead,Bin,percent,3.7,3.8,0.008200918
Region 2,1 wk ahead,Bin,percent,3.8,3.9,0.008200918
Region 2,1 wk ahead,Bin,percent,3.9,4.0,0.00700093
Region 2,1 wk ahead,Bin,percent,4.0,4.1,0.004700953
Region 2,1 wk ahead,Bin,percent,4.1,4.2,0.005200948000000001
Region 2,1 wk ahead,Bin,percent,4.2,4.3,0.0037009630000000007
Region 2,1 wk ahead,Bin,percent,4.3,4.4,0.0027009729999999997
Region 2,1 wk ahead,Bin,percent,4.4,4.5,0.0026009740000000003
Region 2,1 wk ahead,Bin,percent,4.5,4.6,0.0013009870000000002
Region 2,1 wk ahead,Bin,percent,4.6,4.7,0.000900991
Region 2,1 wk ahead,Bin,percent,4.7,4.8,0.000400996
Region 2,1 wk ahead,Bin,percent,4.8,4.9,0.000300997
Region 2,1 wk ahead,Bin,percent,4.9,5.0,0.000400996
Region 2,1 wk ahead,Bin,percent,5.0,5.1,0.00020099800000000003
Region 2,1 wk ahead,Bin,percent,5.1,5.2,0.00020099800000000003
Region 2,1 wk ahead,Bin,percent,5.2,5.3,0.00020099800000000003
Region 2,1 wk ahead,Bin,percent,5.3,5.4,0.00010099900000000001
Region 2,1 wk ahead,Bin,percent,5.4,5.5,0.000300997
Region 2,1 wk ahead,Bin,percent,5.5,5.6,0.000400996
Region 2,1 wk ahead,Bin,percent,5.6,5.7,0.00010099900000000001
Region 2,1 wk ahead,Bin,percent,5.7,5.8,0.00010099900000000001
Region 2,1 wk ahead,Bin,percent,5.8,5.9,0.000400996
Region 2,1 wk ahead,Bin,percent,5.9,6.0,0.00020099800000000003
Region 2,1 wk ahead,Bin,percent,6.0,6.1,0.00020099800000000003
Region 2,1 wk ahead,Bin,percent,6.1,6.2,1.0000000000000002e-06
Region 2,1 wk ahead,Bin,percent,6.2,6.3,1.0000000000000002e-06
Region 2,1 wk ahead,Bin,percent,6.3,6.4,1.0000000000000002e-06
Region 2,1 wk ahead,Bin,percent,6.4,6.5,1.0000000000000002e-06
Region 2,1 wk ahead,Bin,percent,6.5,6.6,1.0000000000000002e-06
Region 2,1 wk ahead,Bin,percent,6.6,6.7,1.0000000000000002e-06
Region 2,1 wk ahead,Bin,percent,6.7,6.8,1.0000000000000002e-06
Region 2,1 wk ahead,Bin,percent,6.8,6.9,1.0000000000000002e-06
Region 2,1 wk ahead,Bin,percent,6.9,7.0,1.0000000000000002e-06
Region 2,1 wk ahead,Bin,percent,7.0,7.1,1.0000000000000002e-06
Region 2,1 wk ahead,Bin,percent,7.1,7.2,1.0000000000000002e-06
Region 2,1 wk ahead,Bin,percent,7.2,7.3,1.0000000000000002e-06
Region 2,1 wk ahead,Bin,percent,7.3,7.4,1.0000000000000002e-06
Region 2,1 wk ahead,Bin,percent,7.4,7.5,1.0000000000000002e-06
Region 2,1 wk ahead,Bin,percent,7.5,7.6,1.0000000000000002e-06
Region 2,1 wk ahead,Bin,percent,7.6,7.7,1.0000000000000002e-06
Region 2,1 wk ahead,Bin,percent,7.7,7.8,1.0000000000000002e-06
Region 2,1 wk ahead,Bin,percent,7.8,7.9,1.0000000000000002e-06
Region 2,1 wk ahead,Bin,percent,7.9,8.0,1.0000000000000002e-06
Region 2,1 wk ahead,Bin,percent,8.0,8.1,1.0000000000000002e-06
Region 2,1 wk ahead,Bin,percent,8.1,8.2,1.0000000000000002e-06
Region 2,1 wk ahead,Bin,percent,8.2,8.3,1.0000000000000002e-06
Region 2,1 wk ahead,Bin,percent,8.3,8.4,1.0000000000000002e-06
Region 2,1 wk ahead,Bin,percent,8.4,8.5,1.0000000000000002e-06
Region 2,1 wk ahead,Bin,percent,8.5,8.6,1.0000000000000002e-06
Region 2,1 wk ahead,Bin,percent,8.6,8.7,1.0000000000000002e-06
Region 2,1 wk ahead,Bin,percent,8.7,8.8,1.0000000000000002e-06
Region 2,1 wk ahead,Bin,percent,8.8,8.9,1.0000000000000002e-06
Region 2,1 wk ahead,Bin,percent,8.9,9.0,1.0000000000000002e-06
Region 2,1 wk ahead,Bin,percent,9.0,9.1,1.0000000000000002e-06
Region 2,1 wk ahead,Bin,percent,9.1,9.2,1.0000000000000002e-06
Region 2,1 wk ahead,Bin,percent,9.2,9.3,1.0000000000000002e-06
Region 2,1 wk ahead,Bin,percent,9.3,9.4,1.0000000000000002e-06
Region 2,1 wk ahead,Bin,percent,9.4,9.5,1.0000000000000002e-06
Region 2,1 wk ahead,Bin,percent,9.5,9.6,1.0000000000000002e-06
Region 2,1 wk ahead,Bin,percent,9.6,9.7,1.0000000000000002e-06
Region 2,1 wk ahead,Bin,percent,9.7,9.8,1.0000000000000002e-06
Region 2,1 wk ahead,Bin,percent,9.8,9.9,1.0000000000000002e-06
Region 2,1 wk ahead,Bin,percent,9.9,10.0,1.0000000000000002e-06
Region 2,1 wk ahead,Bin,percent,10.0,10.1,1.0000000000000002e-06
Region 2,1 wk ahead,Bin,percent,10.1,10.2,1.0000000000000002e-06
Region 2,1 wk ahead,Bin,percent,10.2,10.3,1.0000000000000002e-06
Region 2,1 wk ahead,Bin,percent,10.3,10.4,1.0000000000000002e-06
Region 2,1 wk ahead,Bin,percent,10.4,10.5,1.0000000000000002e-06
Region 2,1 wk ahead,Bin,percent,10.5,10.6,1.0000000000000002e-06
Region 2,1 wk ahead,Bin,percent,10.6,10.7,1.0000000000000002e-06
Region 2,1 wk ahead,Bin,percent,10.7,10.8,1.0000000000000002e-06
Region 2,1 wk ahead,Bin,percent,10.8,10.9,1.0000000000000002e-06
Region 2,1 wk ahead,Bin,percent,10.9,11.0,1.0000000000000002e-06
Region 2,1 wk ahead,Bin,percent,11.0,11.1,1.0000000000000002e-06
Region 2,1 wk ahead,Bin,percent,11.1,11.2,1.0000000000000002e-06
Region 2,1 wk ahead,Bin,percent,11.2,11.3,1.0000000000000002e-06
Region 2,1 wk ahead,Bin,percent,11.3,11.4,1.0000000000000002e-06
Region 2,1 wk ahead,Bin,percent,11.4,11.5,1.0000000000000002e-06
Region 2,1 wk ahead,Bin,percent,11.5,11.6,1.0000000000000002e-06
Region 2,1 wk ahead,Bin,percent,11.6,11.7,1.0000000000000002e-06
Region 2,1 wk ahead,Bin,percent,11.7,11.8,1.0000000000000002e-06
Region 2,1 wk ahead,Bin,percent,11.8,11.9,1.0000000000000002e-06
Region 2,1 wk ahead,Bin,percent,11.9,12.0,1.0000000000000002e-06
Region 2,1 wk ahead,Bin,percent,12.0,12.1,1.0000000000000002e-06
Region 2,1 wk ahead,Bin,percent,12.1,12.2,1.0000000000000002e-06
Region 2,1 wk ahead,Bin,percent,12.2,12.3,1.0000000000000002e-06
Region 2,1 wk ahead,Bin,percent,12.3,12.4,1.0000000000000002e-06
Region 2,1 wk ahead,Bin,percent,12.4,12.5,1.0000000000000002e-06
Region 2,1 wk ahead,Bin,percent,12.5,12.6,1.0000000000000002e-06
Region 2,1 wk ahead,Bin,percent,12.6,12.7,1.0000000000000002e-06
Region 2,1 wk ahead,Bin,percent,12.7,12.8,1.0000000000000002e-06
Region 2,1 wk ahead,Bin,percent,12.8,12.9,1.0000000000000002e-06
Region 2,1 wk ahead,Bin,percent,12.9,13.0,1.0000000000000002e-06
Region 2,1 wk ahead,Bin,percent,13.0,100,1.0000000000000002e-06
Region 2,2 wk ahead,Point,percent,,,3.839631034578404
Region 2,2 wk ahead,Bin,percent,0.0,0.1,1.0000000000000002e-06
Region 2,2 wk ahead,Bin,percent,0.1,0.2,1.0000000000000002e-06
Region 2,2 wk ahead,Bin,percent,0.2,0.3,1.0000000000000002e-06
Region 2,2 wk ahead,Bin,percent,0.3,0.4,1.0000000000000002e-06
Region 2,2 wk ahead,Bin,percent,0.4,0.5,1.0000000000000002e-06
Region 2,2 wk ahead,Bin,percent,0.5,0.6,1.0000000000000002e-06
Region 2,2 wk ahead,Bin,percent,0.6,0.7,1.0000000000000002e-06
Region 2,2 wk ahead,Bin,percent,0.7,0.8,1.0000000000000002e-06
Region 2,2 wk ahead,Bin,percent,0.8,0.9,1.0000000000000002e-06
Region 2,2 wk ahead,Bin,percent,0.9,1.0,1.0000000000000002e-06
Region 2,2 wk ahead,Bin,percent,1.0,1.1,1.0000000000000002e-06
Region 2,2 wk ahead,Bin,percent,1.1,1.2,1.0000000000000002e-06
Region 2,2 wk ahead,Bin,percent,1.2,1.3,1.0000000000000002e-06
Region 2,2 wk ahead,Bin,percent,1.3,1.4,1.0000000000000002e-06
Region 2,2 wk ahead,Bin,percent,1.4,1.5,1.0000000000000002e-06
Region 2,2 wk ahead,Bin,percent,1.5,1.6,1.0000000000000002e-06
Region 2,2 wk ahead,Bin,percent,1.6,1.7,1.0000000000000002e-06
Region 2,2 wk ahead,Bin,percent,1.7,1.8,1.0000000000000002e-06
Region 2,2 wk ahead,Bin,percent,1.8,1.9,1.0000000000000002e-06
Region 2,2 wk ahead,Bin,percent,1.9,2.0,1.0000000000000002e-06
Region 2,2 wk ahead,Bin,percent,2.0,2.1,1.0000000000000002e-06
Region 2,2 wk ahead,Bin,percent,2.1,2.2,0.00020099800000000003
Region 2,2 wk ahead,Bin,percent,2.2,2.3,0.00020099800000000003
Region 2,2 wk ahead,Bin,percent,2.3,2.4,0.000400996
Region 2,2 wk ahead,Bin,percent,2.4,2.5,0.000800992
Region 2,2 wk ahead,Bin,percent,2.5,2.6,0.0013009870000000002
Region 2,2 wk ahead,Bin,percent,2.6,2.7,0.001500985
Region 2,2 wk ahead,Bin,percent,2.7,2.8,0.001900981
Region 2,2 wk ahead,Bin,percent,2.8,2.9,0.003100969
Region 2,2 wk ahead,Bin,percent,2.9,3.0,0.004200958
Region 2,2 wk ahead,Bin,percent,3.0,3.1,0.0050009500000000005
Region 2,2 wk ahead,Bin,percent,3.1,3.2,0.0051009490000000005
Region 2,2 wk ahead,Bin,percent,3.2,3.3,0.0050009500000000005
Region 2,2 wk ahead,Bin,percent,3.3,3.4,0.005800942000000001
Region 2,2 wk ahead,Bin,percent,3.4,3.5,0.005900941000000001
Region 2,2 wk ahead,Bin,percent,3.5,3.6,0.006500935000000001
Region 2,2 wk ahead,Bin,percent,3.6,3.7,0.006300937000000001
Region 2,2 wk ahead,Bin,percent,3.7,3.8,0.006900931000000001
Region 2,2 wk ahead,Bin,percent,3.8,3.9,0.005500945000000001
Region 2,2 wk ahead,Bin,percent,3.9,4.0,0.005200948000000001
Region 2,2 wk ahead,Bin,percent,4.0,4.1,0.004900951000000001
Region 2,2 wk ahead,Bin,percent,4.1,4.2,0.004400956
Region 2,2 wk ahead,Bin,percent,4.2,4.3,0.0037009630000000007
Region 2,2 wk ahead,Bin,percent,4.3,4.4,0.0036009640000000003
Region 2,2 wk ahead,Bin,percent,4.4,4.5,0.002300977
Region 2,2 wk ahead,Bin,percent,4.5,4.6,0.001900981
Region 2,2 wk ahead,Bin,percent,4.6,4.7,0.001800982
Region 2,2 wk ahead,Bin,percent,4.7,4.8,0.001200988
Region 2,2 wk ahead,Bin,percent,4.8,4.9,0.00100099
Region 2,2 wk ahead,Bin,percent,4.9,5.0,0.0007009929999999999
Region 2,2 wk ahead,Bin,percent,5.0,5.1,0.000600994
Region 2,2 wk ahead,Bin,percent,5.1,5.2,0.000600994
Region 2,2 wk ahead,Bin,percent,5.2,5.3,0.00020099800000000003
Region 2,2 wk ahead,Bin,percent,5.3,5.4,0.000400996
Region 2,2 wk ahead,Bin,percent,5.4,5.5,0.000400996
Region 2,2 wk ahead,Bin,percent,5.5,5.6,0.00010099900000000001
Region 2,2 wk ahead,Bin,percent,5.6,5.7,0.00020099800000000003
Region 2,2 wk ahead,Bin,percent,5.7,5.8,0.00010099900000000001
Region 2,2 wk ahead,Bin,percent,5.8,5.9,0.00010099900000000001
Region 2,2 wk ahead,Bin,percent,5.9,6.0,0.00020099800000000003
Region 2,2 wk ahead,Bin,percent,6.0,6.1,0.00010099900000000001
Region 2,2 wk ahead,Bin,percent,6.1,6.2,0.00010099900000000001
Region 2,2 wk ahead,Bin,percent,6.2,6.3,0.000300997
Region 2,2 wk ahead,Bin,percent,6.3,6.4,1.0000000000000002e-06
Region 2,2 wk ahead,Bin,percent,6.4,6.5,1.0000000000000002e-06
Region 2,2 wk ahead,Bin,percent,6.5,6.6,1.0000000000000002e-06
Region 2,2 wk ahead,Bin,percent,6.6,6.7,0.00010099900000000001
Region 2,2 wk ahead,Bin,percent,6.7,6.8,1.0000000000000002e-06
Region 2,2 wk ahead,Bin,percent,6.8,6.9,0.00010099900000000001
Region 2,2 wk ahead,Bin,percent,6.9,7.0,1.0000000000000002e-06
Region 2,2 wk ahead,Bin,percent,7.0,7.1,1.0000000000000002e-06
Region 2,2 wk ahead,Bin,percent,7.1,7.2,1.0000000000000002e-06
Region 2,2 wk ahead,Bin,percent,7.2,7.3,1.0000000000000002e-06
Region 2,2 wk ahead,Bin,percent,7.3,7.4,0.00010099900000000001
Region 2,2 wk ahead,Bin,percent,7.4,7.5,1.0000000000000002e-06
Region 2,2 wk ahead,Bin,percent,7.5,7.6,1.0000000000000002e-06
Region 2,2 wk ahead,Bin,percent,7.6,7.7,1.0000000000000002e-06
Region 2,2 wk ahead,Bin,percent,7.7,7.8,1.0000000000000002e-06
Region 2,2 wk ahead,Bin,percent,7.8,7.9,1.0000000000000002e-06
Region 2,2 wk ahead,Bin,percent,7.9,8.0,1.0000000000000002e-06
Region 2,2 wk ahead,Bin,percent,8.0,8.1,1.0000000000000002e-06
Region 2,2 wk ahead,Bin,percent,8.1,8.2,1.0000000000000002e-06
Region 2,2 wk ahead,Bin,percent,8.2,8.3,1.0000000000000002e-06
Region 2,2 wk ahead,Bin,percent,8.3,8.4,1.0000000000000002e-06
Region 2,2 wk ahead,Bin,percent,8.4,8.5,1.0000000000000002e-06
Region 2,2 wk ahead,Bin,percent,8.5,8.6,1.0000000000000002e-06
Region 2,2 wk ahead,Bin,percent,8.6,8.7,1.0000000000000002e-06
Region 2,2 wk ahead,Bin,percent,8.7,8.8,1.0000000000000002e-06
Region 2,2 wk ahead,Bin,percent,8.8,8.9,1.0000000000000002e-06
Region 2,2 wk ahead,Bin,percent,8.9,9.0,1.0000000000000002e-06
Region 2,2 wk ahead,Bin,percent,9.0,9.1,1.0000000000000002e-06
Region 2,2 wk ahead,Bin,percent,9.1,9.2,1.0000000000000002e-06
Region 2,2 wk ahead,Bin,percent,9.2,9.3,1.0000000000000002e-06
Region 2,2 wk ahead,Bin,percent,9.3,9.4,1.0000000000000002e-06
Region 2,2 wk ahead,Bin,percent,9.4,9.5,1.0000000000000002e-06
Region 2,2 wk ahead,Bin,percent,9.5,9.6,1.0000000000000002e-06
Region 2,2 wk ahead,Bin,percent,9.6,9.7,1.0000000000000002e-06
Region 2,2 wk ahead,Bin,percent,9.7,9.8,1.0000000000000002e-06
Region 2,2 wk ahead,Bin,percent,9.8,9.9,1.0000000000000002e-06
Region 2,2 wk ahead,Bin,percent,9.9,10.0,1.0000000000000002e-06
Region 2,2 wk ahead,Bin,percent,10.0,10.1,1.0000000000000002e-06
Region 2,2 wk ahead,Bin,percent,10.1,10.2,1.0000000000000002e-06
Region 2,2 wk ahead,Bin,percent,10.2,10.3,1.0000000000000002e-06
Region 2,2 wk ahead,Bin,percent,10.3,10.4,1.0000000000000002e-06
Region 2,2 wk ahead,Bin,percent,10.4,10.5,1.0000000000000002e-06
Region 2,2 wk ahead,Bin,percent,10.5,10.6,1.0000000000000002e-06
Region 2,2 wk ahead,Bin,percent,10.6,10.7,1.0000000000000002e-06
Region 2,2 wk ahead,Bin,percent,10.7,10.8,1.0000000000000002e-06
Region 2,2 wk ahead,Bin,percent,10.8,10.9,1.0000000000000002e-06
Region 2,2 wk ahead,Bin,percent,10.9,11.0,1.0000000000000002e-06
Region 2,2 wk ahead,Bin,percent,11.0,11.1,1.0000000000000002e-06
Region 2,2 wk ahead,Bin,percent,11.1,11.2,1.0000000000000002e-06
Region 2,2 wk ahead,Bin,percent,11.2,11.3,1.0000000000000002e-06
Region 2,2 wk ahead,Bin,percent,11.3,11.4,1.0000000000000002e-06
Region 2,2 wk ahead,Bin,percent,11.4,11.5,1.0000000000000002e-06
Region 2,2 wk ahead,Bin,percent,11.5,11.6,1.0000000000000002e-06
Region 2,2 wk ahead,Bin,percent,11.6,11.7,1.0000000000000002e-06
Region 2,2 wk ahead,Bin,percent,11.7,11.8,1.0000000000000002e-06
Region 2,2 wk ahead,Bin,percent,11.8,11.9,1.0000000000000002e-06
Region 2,2 wk ahead,Bin,percent,11.9,12.0,1.0000000000000002e-06
Region 2,2 wk ahead,Bin,percent,12.0,12.1,1.0000000000000002e-06
Region 2,2 wk ahead,Bin,percent,12.1,12.2,1.0000000000000002e-06
Region 2,2 wk ahead,Bin,percent,12.2,12.3,1.0000000000000002e-06
Region 2,2 wk ahead,Bin,percent,12.3,12.4,1.0000000000000002e-06
Region 2,2 wk ahead,Bin,percent,12.4,12.5,1.0000000000000002e-06
Region 2,2 wk ahead,Bin,percent,12.5,12.6,1.0000000000000002e-06
Region 2,2 wk ahead,Bin,percent,12.6,12.7,1.0000000000000002e-06
Region 2,2 wk ahead,Bin,percent,12.7,12.8,1.0000000000000002e-06
Region 2,2 wk ahead,Bin,percent,12.8,12.9,1.0000000000000002e-06
Region 2,2 wk ahead,Bin,percent,12.9,13.0,1.0000000000000002e-06
Region 2,2 wk ahead,Bin,percent,13.0,100,1.0000000000000002e-06
Region 2,3 wk ahead,Point,percent,,,4.221144721176554
Region 2,3 wk ahead,Bin,percent,0.0,0.1,1.0000000000000002e-06
Region 2,3 wk ahead,Bin,percent,0.1,0.2,1.0000000000000002e-06
Region 2,3 wk ahead,Bin,percent,0.2,0.3,1.0000000000000002e-06
Region 2,3 wk ahead,Bin,percent,0.3,0.4,1.0000000000000002e-06
Region 2,3 wk ahead,Bin,percent,0.4,0.5,1.0000000000000002e-06
Region 2,3 wk ahead,Bin,percent,0.5,0.6,1.0000000000000002e-06
Region 2,3 wk ahead,Bin,percent,0.6,0.7,1.0000000000000002e-06
Region 2,3 wk ahead,Bin,percent,0.7,0.8,1.0000000000000002e-06
Region 2,3 wk ahead,Bin,percent,0.8,0.9,1.0000000000000002e-06
Region 2,3 wk ahead,Bin,percent,0.9,1.0,1.0000000000000002e-06
Region 2,3 wk ahead,Bin,percent,1.0,1.1,1.0000000000000002e-06
Region 2,3 wk ahead,Bin,percent,1.1,1.2,1.0000000000000002e-06
Region 2,3 wk ahead,Bin,percent,1.2,1.3,1.0000000000000002e-06
Region 2,3 wk ahead,Bin,percent,1.3,1.4,1.0000000000000002e-06
Region 2,3 wk ahead,Bin,percent,1.4,1.5,1.0000000000000002e-06
Region 2,3 wk ahead,Bin,percent,1.5,1.6,1.0000000000000002e-06
Region 2,3 wk ahead,Bin,percent,1.6,1.7,1.0000000000000002e-06
Region 2,3 wk ahead,Bin,percent,1.7,1.8,1.0000000000000002e-06
Region 2,3 wk ahead,Bin,percent,1.8,1.9,0.00010099900000000001
Region 2,3 wk ahead,Bin,percent,1.9,2.0,1.0000000000000002e-06
Region 2,3 wk ahead,Bin,percent,2.0,2.1,0.000300997
Region 2,3 wk ahead,Bin,percent,2.1,2.2,0.000500995
Region 2,3 wk ahead,Bin,percent,2.2,2.3,0.000500995
Region 2,3 wk ahead,Bin,percent,2.3,2.4,0.000400996
Region 2,3 wk ahead,Bin,percent,2.4,2.5,0.0013009870000000002
Region 2,3 wk ahead,Bin,percent,2.5,2.6,0.001500985
Region 2,3 wk ahead,Bin,percent,2.6,2.7,0.001800982
Region 2,3 wk ahead,Bin,percent,2.7,2.8,0.001200988
Region 2,3 wk ahead,Bin,percent,2.8,2.9,0.0037009630000000007
Region 2,3 wk ahead,Bin,percent,2.9,3.0,0.004200958
Region 2,3 wk ahead,Bin,percent,3.0,3.1,0.0040009600000000005
Region 2,3 wk ahead,Bin,percent,3.1,3.2,0.0039009610000000005
Region 2,3 wk ahead,Bin,percent,3.2,3.3,0.0033009670000000006
Region 2,3 wk ahead,Bin,percent,3.3,3.4,0.005400946
Region 2,3 wk ahead,Bin,percent,3.4,3.5,0.005200948000000001
Region 2,3 wk ahead,Bin,percent,3.5,3.6,0.006500935000000001
Region 2,3 wk ahead,Bin,percent,3.6,3.7,0.005300947
Region 2,3 wk ahead,Bin,percent,3.7,3.8,0.005300947
Region 2,3 wk ahead,Bin,percent,3.8,3.9,0.004800952000000001
Region 2,3 wk ahead,Bin,percent,3.9,4.0,0.004600954000000001
Region 2,3 wk ahead,Bin,percent,4.0,4.1,0.004600954000000001
Region 2,3 wk ahead,Bin,percent,4.1,4.2,0.004600954000000001
Region 2,3 wk ahead,Bin,percent,4.2,4.3,0.0040009600000000005
Region 2,3 wk ahead,Bin,percent,4.3,4.4,0.0034009660000000005
Region 2,3 wk ahead,Bin,percent,4.4,4.5,0.0032009680000000006
Region 2,3 wk ahead,Bin,percent,4.5,4.6,0.002900971
Region 2,3 wk ahead,Bin,percent,4.6,4.7,0.002500975
Region 2,3 wk ahead,Bin,percent,4.7,4.8,0.002400976
Region 2,3 wk ahead,Bin,percent,4.8,4.9,0.001200988
Region 2,3 wk ahead,Bin,percent,4.9,5.0,0.00100099
Region 2,3 wk ahead,Bin,percent,5.0,5.1,0.001500985
Region 2,3 wk ahead,Bin,percent,5.1,5.2,0.000500995
Region 2,3 wk ahead,Bin,percent,5.2,5.3,0.000600994
Region 2,3 wk ahead,Bin,percent,5.3,5.4,0.000900991
Region 2,3 wk ahead,Bin,percent,5.4,5.5,0.000400996
Region 2,3 wk ahead,Bin,percent,5.5,5.6,0.000500995
Region 2,3 wk ahead,Bin,percent,5.6,5.7,0.000400996
Region 2,3 wk ahead,Bin,percent,5.7,5.8,0.000300997
Region 2,3 wk ahead,Bin,percent,5.8,5.9,0.000400996
Region 2,3 wk ahead,Bin,percent,5.9,6.0,0.00010099900000000001
Region 2,3 wk ahead,Bin,percent,6.0,6.1,0.00010099900000000001
Region 2,3 wk ahead,Bin,percent,6.1,6.2,0.00020099800000000003
Region 2,3 wk ahead,Bin,percent,6.2,6.3,0.00020099800000000003
Region 2,3 wk ahead,Bin,percent,6.3,6.4,0.00010099900000000001
Region 2,3 wk ahead,Bin,percent,6.4,6.5,1.0000000000000002e-06
Region 2,3 wk ahead,Bin,percent,6.5,6.6,1.0000000000000002e-06
Region 2,3 wk ahead,Bin,percent,6.6,6.7,0.00010099900000000001
Region 2,3 wk ahead,Bin,percent,6.7,6.8,1.0000000000000002e-06
Region 2,3 wk ahead,Bin,percent,6.8,6.9,0.00010099900000000001
Region 2,3 wk ahead,Bin,percent,6.9,7.0,1.0000000000000002e-06
Region 2,3 wk ahead,Bin,percent,7.0,7.1,1.0000000000000002e-06
Region 2,3 wk ahead,Bin,percent,7.1,7.2,1.0000000000000002e-06
Region 2,3 wk ahead,Bin,percent,7.2,7.3,1.0000000000000002e-06
Region 2,3 wk ahead,Bin,percent,7.3,7.4,1.0000000000000002e-06
Region 2,3 wk ahead,Bin,percent,7.4,7.5,1.0000000000000002e-06
Region 2,3 wk ahead,Bin,percent,7.5,7.6,1.0000000000000002e-06
Region 2,3 wk ahead,Bin,percent,7.6,7.7,1.0000000000000002e-06
Region 2,3 wk ahead,Bin,percent,7.7,7.8,1.0000000000000002e-06
Region 2,3 wk ahead,Bin,percent,7.8,7.9,1.0000000000000002e-06
Region 2,3 wk ahead,Bin,percent,7.9,8.0,1.0000000000000002e-06
Region 2,3 wk ahead,Bin,percent,8.0,8.1,1.0000000000000002e-06
Region 2,3 wk ahead,Bin,percent,8.1,8.2,1.0000000000000002e-06
Region 2,3 wk ahead,Bin,percent,8.2,8.3,1.0000000000000002e-06
Region 2,3 wk ahead,Bin,percent,8.3,8.4,1.0000000000000002e-06
Region 2,3 wk ahead,Bin,percent,8.4,8.5,1.0000000000000002e-06
Region 2,3 wk ahead,Bin,percent,8.5,8.6,1.0000000000000002e-06
Region 2,3 wk ahead,Bin,percent,8.6,8.7,1.0000000000000002e-06
Region 2,3 wk ahead,Bin,percent,8.7,8.8,1.0000000000000002e-06
Region 2,3 wk ahead,Bin,percent,8.8,8.9,1.0000000000000002e-06
Region 2,3 wk ahead,Bin,percent,8.9,9.0,1.0000000000000002e-06
Region 2,3 wk ahead,Bin,percent,9.0,9.1,1.0000000000000002e-06
Region 2,3 wk ahead,Bin,percent,9.1,9.2,1.0000000000000002e-06
Region 2,3 wk ahead,Bin,percent,9.2,9.3,1.0000000000000002e-06
Region 2,3 wk ahead,Bin,percent,9.3,9.4,1.0000000000000002e-06
Region 2,3 wk ahead,Bin,percent,9.4,9.5,1.0000000000000002e-06
Region 2,3 wk ahead,Bin,percent,9.5,9.6,1.0000000000000002e-06
Region 2,3 wk ahead,Bin,percent,9.6,9.7,1.0000000000000002e-06
Region 2,3 wk ahead,Bin,percent,9.7,9.8,1.0000000000000002e-06
Region 2,3 wk ahead,Bin,percent,9.8,9.9,1.0000000000000002e-06
Region 2,3 wk ahead,Bin,percent,9.9,10.0,1.0000000000000002e-06
Region 2,3 wk ahead,Bin,percent,10.0,10.1,1.0000000000000002e-06
Region 2,3 wk ahead,Bin,percent,10.1,10.2,1.0000000000000002e-06
Region 2,3 wk ahead,Bin,percent,10.2,10.3,1.0000000000000002e-06
Region 2,3 wk ahead,Bin,percent,10.3,10.4,1.0000000000000002e-06
Region 2,3 wk ahead,Bin,percent,10.4,10.5,1.0000000000000002e-06
Region 2,3 wk ahead,Bin,percent,10.5,10.6,1.0000000000000002e-06
Region 2,3 wk ahead,Bin,percent,10.6,10.7,1.0000000000000002e-06
Region 2,3 wk ahead,Bin,percent,10.7,10.8,1.0000000000000002e-06
Region 2,3 wk ahead,Bin,percent,10.8,10.9,1.0000000000000002e-06
Region 2,3 wk ahead,Bin,percent,10.9,11.0,1.0000000000000002e-06
Region 2,3 wk ahead,Bin,percent,11.0,11.1,1.0000000000000002e-06
Region 2,3 wk ahead,Bin,percent,11.1,11.2,1.0000000000000002e-06
Region 2,3 wk ahead,Bin,percent,11.2,11.3,1.0000000000000002e-06
Region 2,3 wk ahead,Bin,percent,11.3,11.4,1.0000000000000002e-06
Region 2,3 wk ahead,Bin,percent,11.4,11.5,1.0000000000000002e-06
Region 2,3 wk ahead,Bin,percent,11.5,11.6,1.0000000000000002e-06
Region 2,3 wk ahead,Bin,percent,11.6,11.7,1.0000000000000002e-06
Region 2,3 wk ahead,Bin,percent,11.7,11.8,1.0000000000000002e-06
Region 2,3 wk ahead,Bin,percent,11.8,11.9,1.0000000000000002e-06
Region 2,3 wk ahead,Bin,percent,11.9,12.0,1.0000000000000002e-06
Region 2,3 wk ahead,Bin,percent,12.0,12.1,1.0000000000000002e-06
Region 2,3 wk ahead,Bin,percent,12.1,12.2,1.0000000000000002e-06
Region 2,3 wk ahead,Bin,percent,12.2,12.3,1.0000000000000002e-06
Region 2,3 wk ahead,Bin,percent,12.3,12.4,1.0000000000000002e-06
Region 2,3 wk ahead,Bin,percent,12.4,12.5,1.0000000000000002e-06
Region 2,3 wk ahead,Bin,percent,12.5,12.6,1.0000000000000002e-06
Region 2,3 wk ahead,Bin,percent,12.6,12.7,1.0000000000000002e-06
Region 2,3 wk ahead,Bin,percent,12.7,12.8,1.0000000000000002e-06
Region 2,3 wk ahead,Bin,percent,12.8,12.9,1.0000000000000002e-06
Region 2,3 wk ahead,Bin,percent,12.9,13.0,1.0000000000000002e-06
Region 2,3 wk ahead,Bin,percent,13.0,100,1.0000000000000002e-06
Region 2,4 wk ahead,Point,percent,,,4.625604274653035
Region 2,4 wk ahead,Bin,percent,0.0,0.1,1.0000000000000002e-06
Region 2,4 wk ahead,Bin,percent,0.1,0.2,1.0000000000000002e-06
Region 2,4 wk ahead,Bin,percent,0.2,0.3,1.0000000000000002e-06
Region 2,4 wk ahead,Bin,percent,0.3,0.4,1.0000000000000002e-06
Region 2,4 wk ahead,Bin,percent,0.4,0.5,1.0000000000000002e-06
Region 2,4 wk ahead,Bin,percent,0.5,0.6,1.0000000000000002e-06
Region 2,4 wk ahead,Bin,percent,0.6,0.7,1.0000000000000002e-06
Region 2,4 wk ahead,Bin,percent,0.7,0.8,1.0000000000000002e-06
Region 2,4 wk ahead,Bin,percent,0.8,0.9,1.0000000000000002e-06
Region 2,4 wk ahead,Bin,percent,0.9,1.0,1.0000000000000002e-06
Region 2,4 wk ahead,Bin,percent,1.0,1.1,0.00010099900000000001
Region 2,4 wk ahead,Bin,percent,1.1,1.2,1.0000000000000002e-06
Region 2,4 wk ahead,Bin,percent,1.2,1.3,1.0000000000000002e-06
Region 2,4 wk ahead,Bin,percent,1.3,1.4,0.00010099900000000001
Region 2,4 wk ahead,Bin,percent,1.4,1.5,1.0000000000000002e-06
Region 2,4 wk ahead,Bin,percent,1.5,1.6,0.000300997
Region 2,4 wk ahead,Bin,percent,1.6,1.7,0.000600994
Region 2,4 wk ahead,Bin,percent,1.7,1.8,0.0007009929999999999
Region 2,4 wk ahead,Bin,percent,1.8,1.9,0.000800992
Region 2,4 wk ahead,Bin,percent,1.9,2.0,0.000800992
Region 2,4 wk ahead,Bin,percent,2.0,2.1,0.001200988
Region 2,4 wk ahead,Bin,percent,2.1,2.2,0.001500985
Region 2,4 wk ahead,Bin,percent,2.2,2.3,0.001400986
Region 2,4 wk ahead,Bin,percent,2.3,2.4,0.001700983
Region 2,4 wk ahead,Bin,percent,2.4,2.5,0.0026009740000000003
Region 2,4 wk ahead,Bin,percent,2.5,2.6,0.0028009719999999997
Region 2,4 wk ahead,Bin,percent,2.6,2.7,0.0026009740000000003
Region 2,4 wk ahead,Bin,percent,2.7,2.8,0.002300977
Region 2,4 wk ahead,Bin,percent,2.8,2.9,0.002100979
Region 2,4 wk ahead,Bin,percent,2.9,3.0,0.002400976
Region 2,4 wk ahead,Bin,percent,3.0,3.1,0.0033009670000000006
Region 2,4 wk ahead,Bin,percent,3.1,3.2,0.004500955
Region 2,4 wk ahead,Bin,percent,3.2,3.3,0.002400976
Region 2,4 wk ahead,Bin,percent,3.3,3.4,0.0033009670000000006
Region 2,4 wk ahead,Bin,percent,3.4,3.5,0.0028009719999999997
Region 2,4 wk ahead,Bin,percent,3.5,3.6,0.0035009650000000004
Region 2,4 wk ahead,Bin,percent,3.6,3.7,0.002300977
Region 2,4 wk ahead,Bin,percent,3.7,3.8,0.003100969
Region 2,4 wk ahead,Bin,percent,3.8,3.9,0.002900971
Region 2,4 wk ahead,Bin,percent,3.9,4.0,0.002900971
Region 2,4 wk ahead,Bin,percent,4.0,4.1,0.002500975
Region 2,4 wk ahead,Bin,percent,4.1,4.2,0.0036009640000000003
Region 2,4 wk ahead,Bin,percent,4.2,4.3,0.0028009719999999997
Region 2,4 wk ahead,Bin,percent,4.3,4.4,0.002400976
Region 2,4 wk ahead,Bin,percent,4.4,4.5,0.002200978
Region 2,4 wk ahead,Bin,percent,4.5,4.6,0.001900981
Region 2,4 wk ahead,Bin,percent,4.6,4.7,0.0016009840000000002
Region 2,4 wk ahead,Bin,percent,4.7,4.8,0.002300977
Region 2,4 wk ahead,Bin,percent,4.8,4.9,0.001800982
Region 2,4 wk ahead,Bin,percent,4.9,5.0,0.001100989
Region 2,4 wk ahead,Bin,percent,5.0,5.1,0.001700983
Region 2,4 wk ahead,Bin,percent,5.1,5.2,0.0013009870000000002
Region 2,4 wk ahead,Bin,percent,5.2,5.3,0.001900981
Region 2,4 wk ahead,Bin,percent,5.3,5.4,0.001200988
Region 2,4 wk ahead,Bin,percent,5.4,5.5,0.000900991
Region 2,4 wk ahead,Bin,percent,5.5,5.6,0.0016009840000000002
Region 2,4 wk ahead,Bin,percent,5.6,5.7,0.001100989
Region 2,4 wk ahead,Bin,percent,5.7,5.8,0.001200988
Region 2,4 wk ahead,Bin,percent,5.8,5.9,0.000800992
Region 2,4 wk ahead,Bin,percent,5.9,6.0,0.00100099
Region 2,4 wk ahead,Bin,percent,6.0,6.1,0.000600994
Region 2,4 wk ahead,Bin,percent,6.1,6.2,0.00100099
Region 2,4 wk ahead,Bin,percent,6.2,6.3,0.000600994
Region 2,4 wk ahead,Bin,percent,6.3,6.4,0.0007009929999999999
Region 2,4 wk ahead,Bin,percent,6.4,6.5,0.000500995
Region 2,4 wk ahead,Bin,percent,6.5,6.6,0.000600994
Region 2,4 wk ahead,Bin,percent,6.6,6.7,0.000300997
Region 2,4 wk ahead,Bin,percent,6.7,6.8,0.000300997
Region 2,4 wk ahead,Bin,percent,6.8,6.9,0.000300997
Region 2,4 wk ahead,Bin,percent,6.9,7.0,0.000500995
Region 2,4 wk ahead,Bin,percent,7.0,7.1,0.000500995
Region 2,4 wk ahead,Bin,percent,7.1,7.2,0.000300997
Region 2,4 wk ahead,Bin,percent,7.2,7.3,0.000300997
Region 2,4 wk ahead,Bin,percent,7.3,7.4,0.000300997
Region 2,4 wk ahead,Bin,percent,7.4,7.5,0.00010099900000000001
Region 2,4 wk ahead,Bin,percent,7.5,7.6,0.00010099900000000001
Region 2,4 wk ahead,Bin,percent,7.6,7.7,0.000400996
Region 2,4 wk ahead,Bin,percent,7.7,7.8,0.000300997
Region 2,4 wk ahead,Bin,percent,7.8,7.9,0.000300997
Region 2,4 wk ahead,Bin,percent,7.9,8.0,0.000300997
Region 2,4 wk ahead,Bin,percent,8.0,8.1,1.0000000000000002e-06
Region 2,4 wk ahead,Bin,percent,8.1,8.2,0.000300997
Region 2,4 wk ahead,Bin,percent,8.2,8.3,0.00020099800000000003
Region 2,4 wk ahead,Bin,percent,8.3,8.4,0.00010099900000000001
Region 2,4 wk ahead,Bin,percent,8.4,8.5,1.0000000000000002e-06
Region 2,4 wk ahead,Bin,percent,8.5,8.6,1.0000000000000002e-06
Region 2,4 wk ahead,Bin,percent,8.6,8.7,0.00010099900000000001
Region 2,4 wk ahead,Bin,percent,8.7,8.8,0.00010099900000000001
Region 2,4 wk ahead,Bin,percent,8.8,8.9,0.00010099900000000001
Region 2,4 wk ahead,Bin,percent,8.9,9.0,1.0000000000000002e-06
Region 2,4 wk ahead,Bin,percent,9.0,9.1,1.0000000000000002e-06
Region 2,4 wk ahead,Bin,percent,9.1,9.2,1.0000000000000002e-06
Region 2,4 wk ahead,Bin,percent,9.2,9.3,1.0000000000000002e-06
Region 2,4 wk ahead,Bin,percent,9.3,9.4,0.00020099800000000003
Region 2,4 wk ahead,Bin,percent,9.4,9.5,1.0000000000000002e-06
Region 2,4 wk ahead,Bin,percent,9.5,9.6,1.0000000000000002e-06
Region 2,4 wk ahead,Bin,percent,9.6,9.7,0.00020099800000000003
Region 2,4 wk ahead,Bin,percent,9.7,9.8,1.0000000000000002e-06
Region 2,4 wk ahead,Bin,percent,9.8,9.9,1.0000000000000002e-06
Region 2,4 wk ahead,Bin,percent,9.9,10.0,1.0000000000000002e-06
Region 2,4 wk ahead,Bin,percent,10.0,10.1,1.0000000000000002e-06
Region 2,4 wk ahead,Bin,percent,10.1,10.2,1.0000000000000002e-06
Region 2,4 wk ahead,Bin,percent,10.2,10.3,1.0000000000000002e-06
Region 2,4 wk ahead,Bin,percent,10.3,10.4,1.0000000000000002e-06
Region 2,4 wk ahead,Bin,percent,10.4,10.5,1.0000000000000002e-06
Region 2,4 wk ahead,Bin,percent,10.5,10.6,0.00010099900000000001
Region 2,4 wk ahead,Bin,percent,10.6,10.7,1.0000000000000002e-06
Region 2,4 wk ahead,Bin,percent,10.7,10.8,1.0000000000000002e-06
Region 2,4 wk ahead,Bin,percent,10.8,10.9,1.0000000000000002e-06
Region 2,4 wk ahead,Bin,percent,10.9,11.0,0.00010099900000000001
Region 2,4 wk ahead,Bin,percent,11.0,11.1,0.00010099900000000001
Region 2,4 wk ahead,Bin,percent,11.1,11.2,1.0000000000000002e-06
Region 2,4 wk ahead,Bin,percent,11.2,11.3,1.0000000000000002e-06
Region 2,4 wk ahead,Bin,percent,11.3,11.4,1.0000000000000002e-06
Region 2,4 wk ahead,Bin,percent,11.4,11.5,1.0000000000000002e-06
Region 2,4 wk ahead,Bin,percent,11.5,11.6,1.0000000000000002e-06
Region 2,4 wk ahead,Bin,percent,11.6,11.7,1.0000000000000002e-06
Region 2,4 wk ahead,Bin,percent,11.7,11.8,1.0000000000000002e-06
Region 2,4 wk ahead,Bin,percent,11.8,11.9,1.0000000000000002e-06
Region 2,4 wk ahead,Bin,percent,11.9,12.0,1.0000000000000002e-06
Region 2,4 wk ahead,Bin,percent,12.0,12.1,1.0000000000000002e-06
Region 2,4 wk ahead,Bin,percent,12.1,12.2,1.0000000000000002e-06
Region 2,4 wk ahead,Bin,percent,12.2,12.3,1.0000000000000002e-06
Region 2,4 wk ahead,Bin,percent,12.3,12.4,0.00010099900000000001
Region 2,4 wk ahead,Bin,percent,12.4,12.5,1.0000000000000002e-06
Region 2,4 wk ahead,Bin,percent,12.5,12.6,1.0000000000000002e-06
Region 2,4 wk ahead,Bin,percent,12.6,12.7,1.0000000000000002e-06
Region 2,4 wk ahead,Bin,percent,12.7,12.8,1.0000000000000002e-06
Region 2,4 wk ahead,Bin,percent,12.8,12.9,0.00010099900000000001
Region 2,4 wk ahead,Bin,percent,12.9,13.0,1.0000000000000002e-06
Region 2,4 wk ahead,Bin,percent,13.0,100,1.0000000000000002e-06
Region 3,Season onset,Bin,week,none,none,0.029411765
Region 3,Season onset,Bin,week,40,41,0.029411765
Region 3,Season onset,Bin,week,41,42,0.029411765
Region 3,Season onset,Bin,week,42,43,0.029411765
Region 3,Season onset,Bin,week,43,44,0.029411765
Region 3,Season onset,Bin,week,44,45,0.029411765
Region 3,Season onset,Bin,week,45,46,0.029411765
Region 3,Season onset,Bin,week,46,47,0.029411765
Region 3,Season onset,Bin,week,47,48,0.029411765
Region 3,Season onset,Bin,week,48,49,0.029411765
Region 3,Season onset,Bin,week,49,50,0.029411765
Region 3,Season onset,Bin,week,50,51,0.029411765
Region 3,Season onset,Bin,week,51,52,0.029411765
Region 3,Season onset,Bin,week,52,53,0.029411765
Region 3,Season onset,Bin,week,1,2,0.0765
Region 3,Season onset,Bin,week,2,3,0.0765
Region 3,Season onset,Bin,week,3,4,0.0765
Region 3,Season onset,Bin,week,4,5,0.0765
Region 3,Season onset,Bin,week,5,6,0.0765
Region 3,Season onset,Bin,week,6,7,0.0765
Region 3,Season onset,Bin,week,7,8,0.0765
Region 3,Season onset,Bin,week,8,9,0.0765
Region 3,Season onset,Bin,week,9,10,0.0765
Region 3,Season onset,Bin,week,10,11,0.0765
Region 3,Season onset,Bin,week,11,12,0.0765
Region 3,Season onset,Bin,week,12,13,0.0765
Region 3,Season onset,Bin,week,13,14,0.0765
Region 3,Season onset,Bin,week,14,15,0.0765
Region 3,Season onset,Bin,week,15,16,0.0765
Region 3,Season onset,Bin,week,16,17,0.0765
Region 3,Season onset,Bin,week,17,18,0.0765
Region 3,Season onset,Bin,week,18,19,0.0765
Region 3,Season onset,Bin,week,19,20,0.0765
Region 3,Season onset,Bin,week,20,21,0.0765
Region 3,Season peak week,Bin,week,40,41,0.03030303
Region 3,Season peak week,Bin,week,41,42,0.03030303
Region 3,Season peak week,Bin,week,42,43,0.03030303
Region 3,Season peak week,Bin,week,43,44,0.03030303
Region 3,Season peak week,Bin,week,44,45,0.03030303
Region 3,Season peak week,Bin,week,45,46,0.03030303
Region 3,Season peak week,Bin,week,46,47,0.03030303
Region 3,Season peak week,Bin,week,47,48,0.03030303
Region 3,Season peak week,Bin,week,48,49,0.03030303
Region 3,Season peak week,Bin,week,49,50,0.03030303
Region 3,Season peak week,Bin,week,50,51,0.03030303
Region 3,Season peak week,Bin,week,51,52,0.03030303
Region 3,Season peak week,Bin,week,52,53,0.03030303
Region 3,Season peak week,Bin,week,1,2,0.03030303
Region 3,Season peak week,Bin,week,2,3,0.03030303
Region 3,Season peak week,Bin,week,3,4,0.03030303
Region 3,Season peak week,Bin,week,4,5,0.03030303
Region 3,Season peak week,Bin,week,5,6,0.03030303
Region 3,Season peak week,Bin,week,6,7,0.03030303
Region 3,Season peak week,Bin,week,7,8,0.03030303
Region 3,Season peak week,Bin,week,8,9,0.03030303
Region 3,Season peak week,Bin,week,9,10,0.03030303
Region 3,Season peak week,Bin,week,10,11,0.03030303
Region 3,Season peak week,Bin,week,11,12,0.03030303
Region 3,Season peak week,Bin,week,12,13,0.03030303
Region 3,Season peak week,Bin,week,13,14,0.03030303
Region 3,Season peak week,Bin,week,14,15,0.03030303
Region 3,Season peak week,Bin,week,15,16,0.03030303
Region 3,Season peak week,Bin,week,16,17,0.03030303
Region 3,Season peak week,Bin,week,17,18,0.03030303
Region 3,Season peak week,Bin,week,18,19,0.03030303
Region 3,Season peak week,Bin,week,19,20,0.03030303
Region 3,Season peak week,Bin,week,20,21,0.03030303
Region 3,Season peak percentage,Bin,percent,0.0,0.1,0.007633588
Region 3,Season peak percentage,Bin,percent,0.1,0.2,0.007633588
Region 3,Season peak percentage,Bin,percent,0.2,0.3,0.007633588
Region 3,Season peak percentage,Bin,percent,0.3,0.4,0.007633588
Region 3,Season peak percentage,Bin,percent,0.4,0.5,0.007633588
Region 3,Season peak percentage,Bin,percent,0.5,0.6,0.007633588
Region 3,Season peak percentage,Bin,percent,0.6,0.7,0.007633588
Region 3,Season peak percentage,Bin,percent,0.7,0.8,0.007633588
Region 3,Season peak percentage,Bin,percent,0.8,0.9,0.007633588
Region 3,Season peak percentage,Bin,percent,0.9,1.0,0.007633588
Region 3,Season peak percentage,Bin,percent,1.0,1.1,0.007633588
Region 3,Season peak percentage,Bin,percent,1.1,1.2,0.007633588
Region 3,Season peak percentage,Bin,percent,1.2,1.3,0.007633588
Region 3,Season peak percentage,Bin,percent,1.3,1.4,0.007633588
Region 3,Season peak percentage,Bin,percent,1.4,1.5,0.007633588
Region 3,Season peak percentage,Bin,percent,1.5,1.6,0.007633588
Region 3,Season peak percentage,Bin,percent,1.6,1.7,0.007633588
Region 3,Season peak percentage,Bin,percent,1.7,1.8,0.007633588
Region 3,Season peak percentage,Bin,percent,1.8,1.9,0.007633588
Region 3,Season peak percentage,Bin,percent,1.9,2.0,0.007633588
Region 3,Season peak percentage,Bin,percent,2.0,2.1,0.007633588
Region 3,Season peak percentage,Bin,percent,2.1,2.2,0.007633588
Region 3,Season peak percentage,Bin,percent,2.2,2.3,0.007633588
Region 3,Season peak percentage,Bin,percent,2.3,2.4,0.007633588
Region 3,Season peak percentage,Bin,percent,2.4,2.5,0.007633588
Region 3,Season peak percentage,Bin,percent,2.5,2.6,0.007633588
Region 3,Season peak percentage,Bin,percent,2.6,2.7,0.007633588
Region 3,Season peak percentage,Bin,percent,2.7,2.8,0.007633588
Region 3,Season peak percentage,Bin,percent,2.8,2.9,0.007633588
Region 3,Season peak percentage,Bin,percent,2.9,3.0,0.007633588
Region 3,Season peak percentage,Bin,percent,3.0,3.1,0.007633588
Region 3,Season peak percentage,Bin,percent,3.1,3.2,0.007633588
Region 3,Season peak percentage,Bin,percent,3.2,3.3,0.007633588
Region 3,Season peak percentage,Bin,percent,3.3,3.4,0.007633588
Region 3,Season peak percentage,Bin,percent,3.4,3.5,0.007633588
Region 3,Season peak percentage,Bin,percent,3.5,3.6,0.007633588
Region 3,Season peak percentage,Bin,percent,3.6,3.7,0.007633588
Region 3,Season peak percentage,Bin,percent,3.7,3.8,0.007633588
Region 3,Season peak percentage,Bin,percent,3.8,3.9,0.007633588
Region 3,Season peak percentage,Bin,percent,3.9,4.0,0.007633588
Region 3,Season peak percentage,Bin,percent,4.0,4.1,0.007633588
Region 3,Season peak percentage,Bin,percent,4.1,4.2,0.007633588
Region 3,Season peak percentage,Bin,percent,4.2,4.3,0.007633588
Region 3,Season peak percentage,Bin,percent,4.3,4.4,0.007633588
Region 3,Season peak percentage,Bin,percent,4.4,4.5,0.007633588
Region 3,Season peak percentage,Bin,percent,4.5,4.6,0.007633588
Region 3,Season peak percentage,Bin,percent,4.6,4.7,0.007633588
Region 3,Season peak percentage,Bin,percent,4.7,4.8,0.007633588
Region 3,Season peak percentage,Bin,percent,4.8,4.9,0.007633588
Region 3,Season peak percentage,Bin,percent,4.9,5.0,0.007633588
Region 3,Season peak percentage,Bin,percent,5.0,5.1,0.007633588
Region 3,Season peak percentage,Bin,percent,5.1,5.2,0.007633588
Region 3,Season peak percentage,Bin,percent,5.2,5.3,0.007633588
Region 3,Season peak percentage,Bin,percent,5.3,5.4,0.007633588
Region 3,Season peak percentage,Bin,percent,5.4,5.5,0.007633588
Region 3,Season peak percentage,Bin,percent,5.5,5.6,0.007633588
Region 3,Season peak percentage,Bin,percent,5.6,5.7,0.007633588
Region 3,Season peak percentage,Bin,percent,5.7,5.8,0.007633588
Region 3,Season peak percentage,Bin,percent,5.8,5.9,0.007633588
Region 3,Season peak percentage,Bin,percent,5.9,6.0,0.007633588
Region 3,Season peak percentage,Bin,percent,6.0,6.1,0.007633588
Region 3,Season peak percentage,Bin,percent,6.1,6.2,0.007633588
Region 3,Season peak percentage,Bin,percent,6.2,6.3,0.007633588
Region 3,Season peak percentage,Bin,percent,6.3,6.4,0.007633588
Region 3,Season peak percentage,Bin,percent,6.4,6.5,0.007633588
Region 3,Season peak percentage,Bin,percent,6.5,6.6,0.007633588
Region 3,Season peak percentage,Bin,percent,6.6,6.7,0.007633588
Region 3,Season peak percentage,Bin,percent,6.7,6.8,0.007633588
Region 3,Season peak percentage,Bin,percent,6.8,6.9,0.007633588
Region 3,Season peak percentage,Bin,percent,6.9,7.0,0.007633588
Region 3,Season peak percentage,Bin,percent,7.0,7.1,0.007633588
Region 3,Season peak percentage,Bin,percent,7.1,7.2,0.007633588
Region 3,Season peak percentage,Bin,percent,7.2,7.3,0.007633588
Region 3,Season peak percentage,Bin,percent,7.3,7.4,0.007633588
Region 3,Season peak percentage,Bin,percent,7.4,7.5,0.007633588
Region 3,Season peak percentage,Bin,percent,7.5,7.6,0.007633588
Region 3,Season peak percentage,Bin,percent,7.6,7.7,0.007633588
Region 3,Season peak percentage,Bin,percent,7.7,7.8,0.007633588
Region 3,Season peak percentage,Bin,percent,7.8,7.9,0.007633588
Region 3,Season peak percentage,Bin,percent,7.9,8.0,0.007633588
Region 3,Season peak percentage,Bin,percent,8.0,8.1,0.007633588
Region 3,Season peak percentage,Bin,percent,8.1,8.2,0.007633588
Region 3,Season peak percentage,Bin,percent,8.2,8.3,0.007633588
Region 3,Season peak percentage,Bin,percent,8.3,8.4,0.007633588
Region 3,Season peak percentage,Bin,percent,8.4,8.5,0.007633588
Region 3,Season peak percentage,Bin,percent,8.5,8.6,0.007633588
Region 3,Season peak percentage,Bin,percent,8.6,8.7,0.007633588
Region 3,Season peak percentage,Bin,percent,8.7,8.8,0.007633588
Region 3,Season peak percentage,Bin,percent,8.8,8.9,0.007633588
Region 3,Season peak percentage,Bin,percent,8.9,9.0,0.007633588
Region 3,Season peak percentage,Bin,percent,9.0,9.1,0.007633588
Region 3,Season peak percentage,Bin,percent,9.1,9.2,0.007633588
Region 3,Season peak percentage,Bin,percent,9.2,9.3,0.007633588
Region 3,Season peak percentage,Bin,percent,9.3,9.4,0.007633588
Region 3,Season peak percentage,Bin,percent,9.4,9.5,0.007633588
Region 3,Season peak percentage,Bin,percent,9.5,9.6,0.007633588
Region 3,Season peak percentage,Bin,percent,9.6,9.7,0.007633588
Region 3,Season peak percentage,Bin,percent,9.7,9.8,0.007633588
Region 3,Season peak percentage,Bin,percent,9.8,9.9,0.007633588
Region 3,Season peak percentage,Bin,percent,9.9,10.0,0.007633588
Region 3,Season peak percentage,Bin,percent,10.0,10.1,0.007633588
Region 3,Season peak percentage,Bin,percent,10.1,10.2,0.007633588
Region 3,Season peak percentage,Bin,percent,10.2,10.3,0.007633588
Region 3,Season peak percentage,Bin,percent,10.3,10.4,0.007633588
Region 3,Season peak percentage,Bin,percent,10.4,10.5,0.007633588
Region 3,Season peak percentage,Bin,percent,10.5,10.6,0.007633588
Region 3,Season peak percentage,Bin,percent,10.6,10.7,0.007633588
Region 3,Season peak percentage,Bin,percent,10.7,10.8,0.007633588
Region 3,Season peak percentage,Bin,percent,10.8,10.9,0.007633588
Region 3,Season peak percentage,Bin,percent,10.9,11.0,0.007633588
Region 3,Season peak percentage,Bin,percent,11.0,11.1,0.007633588
Region 3,Season peak percentage,Bin,percent,11.1,11.2,0.007633588
Region 3,Season peak percentage,Bin,percent,11.2,11.3,0.007633588
Region 3,Season peak percentage,Bin,percent,11.3,11.4,0.007633588
Region 3,Season peak percentage,Bin,percent,11.4,11.5,0.007633588
Region 3,Season peak percentage,Bin,percent,11.5,11.6,0.007633588
Region 3,Season peak percentage,Bin,percent,11.6,11.7,0.007633588
Region 3,Season peak percentage,Bin,percent,11.7,11.8,0.007633588
Region 3,Season peak percentage,Bin,percent,11.8,11.9,0.007633588
Region 3,Season peak percentage,Bin,percent,11.9,12.0,0.007633588
Region 3,Season peak percentage,Bin,percent,12.0,12.1,0.007633588
Region 3,Season peak percentage,Bin,percent,12.1,12.2,0.007633588
Region 3,Season peak percentage,Bin,percent,12.2,12.3,0.007633588
Region 3,Season peak percentage,Bin,percent,12.3,12.4,0.007633588
Region 3,Season peak percentage,Bin,percent,12.4,12.5,0.007633588
Region 3,Season peak percentage,Bin,percent,12.5,12.6,0.007633588
Region 3,Season peak percentage,Bin,percent,12.6,12.7,0.007633588
Region 3,Season peak percentage,Bin,percent,12.7,12.8,0.007633588
Region 3,Season peak percentage,Bin,percent,12.8,12.9,0.007633588
Region 3,Season peak percentage,Bin,percent,12.9,13.0,0.007633588
Region 3,Season peak percentage,Bin,percent,13.0,100.0,0.007633588
Region 3,1 wk ahead,Point,percent,,,1.9775791472787634
Region 3,1 wk ahead,Bin,percent,0.0,0.1,1.0000000000000002e-06
Region 3,1 wk ahead,Bin,percent,0.1,0.2,1.0000000000000002e-06
Region 3,1 wk ahead,Bin,percent,0.2,0.3,1.0000000000000002e-06
Region 3,1 wk ahead,Bin,percent,0.3,0.4,1.0000000000000002e-06
Region 3,1 wk ahead,Bin,percent,0.4,0.5,1.0000000000000002e-06
Region 3,1 wk ahead,Bin,percent,0.5,0.6,1.0000000000000002e-06
Region 3,1 wk ahead,Bin,percent,0.6,0.7,1.0000000000000002e-06
Region 3,1 wk ahead,Bin,percent,0.7,0.8,1.0000000000000002e-06
Region 3,1 wk ahead,Bin,percent,0.8,0.9,1.0000000000000002e-06
Region 3,1 wk ahead,Bin,percent,0.9,1.0,1.0000000000000002e-06
Region 3,1 wk ahead,Bin,percent,1.0,1.1,1.0000000000000002e-06
Region 3,1 wk ahead,Bin,percent,1.1,1.2,1.0000000000000002e-06
Region 3,1 wk ahead,Bin,percent,1.2,1.3,1.0000000000000002e-06
Region 3,1 wk ahead,Bin,percent,1.3,1.4,1.0000000000000002e-06
Region 3,1 wk ahead,Bin,percent,1.4,1.5,1.0000000000000002e-06
Region 3,1 wk ahead,Bin,percent,1.5,1.6,1.0000000000000002e-06
Region 3,1 wk ahead,Bin,percent,1.6,1.7,1.0000000000000002e-06
Region 3,1 wk ahead,Bin,percent,1.7,1.8,1.0000000000000002e-06
Region 3,1 wk ahead,Bin,percent,1.8,1.9,1.0000000000000002e-06
Region 3,1 wk ahead,Bin,percent,1.9,2.0,1.0000000000000002e-06
Region 3,1 wk ahead,Bin,percent,2.0,2.1,1.0000000000000002e-06
Region 3,1 wk ahead,Bin,percent,2.1,2.2,1.0000000000000002e-06
Region 3,1 wk ahead,Bin,percent,2.2,2.3,1.0000000000000002e-06
Region 3,1 wk ahead,Bin,percent,2.3,2.4,1.0000000000000002e-06
Region 3,1 wk ahead,Bin,percent,2.4,2.5,1.0000000000000002e-06
Region 3,1 wk ahead,Bin,percent,2.5,2.6,1.0000000000000002e-06
Region 3,1 wk ahead,Bin,percent,2.6,2.7,0.00010099900000000001
Region 3,1 wk ahead,Bin,percent,2.7,2.8,0.00010099900000000001
Region 3,1 wk ahead,Bin,percent,2.8,2.9,1.0000000000000002e-06
Region 3,1 wk ahead,Bin,percent,2.9,3.0,0.000800992
Region 3,1 wk ahead,Bin,percent,3.0,3.1,0.0007009929999999999
Region 3,1 wk ahead,Bin,percent,3.1,3.2,0.000900991
Region 3,1 wk ahead,Bin,percent,3.2,3.3,0.0013009870000000002
Region 3,1 wk ahead,Bin,percent,3.3,3.4,0.0016009840000000002
Region 3,1 wk ahead,Bin,percent,3.4,3.5,0.0034009660000000005
Region 3,1 wk ahead,Bin,percent,3.5,3.6,0.005600944
Region 3,1 wk ahead,Bin,percent,3.6,3.7,0.0062009380000000005
Region 3,1 wk ahead,Bin,percent,3.7,3.8,0.0073009270000000005
Region 3,1 wk ahead,Bin,percent,3.8,3.9,0.009000909999999999
Region 3,1 wk ahead,Bin,percent,3.9,4.0,0.008300917000000001
Region 3,1 wk ahead,Bin,percent,4.0,4.1,0.008800912
Region 3,1 wk ahead,Bin,percent,4.1,4.2,0.007800922
Region 3,1 wk ahead,Bin,percent,4.2,4.3,0.008100919
Region 3,1 wk ahead,Bin,percent,4.3,4.4,0.006500935000000001
Region 3,1 wk ahead,Bin,percent,4.4,4.5,0.0040009600000000005
Region 3,1 wk ahead,Bin,percent,4.5,4.6,0.0037009630000000007
Region 3,1 wk ahead,Bin,percent,4.6,4.7,0.004500955
Region 3,1 wk ahead,Bin,percent,4.7,4.8,0.0027009729999999997
Region 3,1 wk ahead,Bin,percent,4.8,4.9,0.001100989
Region 3,1 wk ahead,Bin,percent,4.9,5.0,0.0016009840000000002
Region 3,1 wk ahead,Bin,percent,5.0,5.1,0.0013009870000000002
Region 3,1 wk ahead,Bin,percent,5.1,5.2,0.000500995
Region 3,1 wk ahead,Bin,percent,5.2,5.3,0.0013009870000000002
Region 3,1 wk ahead,Bin,percent,5.3,5.4,0.000500995
Region 3,1 wk ahead,Bin,percent,5.4,5.5,0.000500995
Region 3,1 wk ahead,Bin,percent,5.5,5.6,0.000400996
Region 3,1 wk ahead,Bin,percent,5.6,5.7,0.000600994
Region 3,1 wk ahead,Bin,percent,5.7,5.8,1.0000000000000002e-06
Region 3,1 wk ahead,Bin,percent,5.8,5.9,0.000300997
Region 3,1 wk ahead,Bin,percent,5.9,6.0,0.00020099800000000003
Region 3,1 wk ahead,Bin,percent,6.0,6.1,0.00010099900000000001
Region 3,1 wk ahead,Bin,percent,6.1,6.2,0.00010099900000000001
Region 3,1 wk ahead,Bin,percent,6.2,6.3,0.00010099900000000001
Region 3,1 wk ahead,Bin,percent,6.3,6.4,1.0000000000000002e-06
Region 3,1 wk ahead,Bin,percent,6.4,6.5,1.0000000000000002e-06
Region 3,1 wk ahead,Bin,percent,6.5,6.6,1.0000000000000002e-06
Region 3,1 wk ahead,Bin,percent,6.6,6.7,1.0000000000000002e-06
Region 3,1 wk ahead,Bin,percent,6.7,6.8,1.0000000000000002e-06
Region 3,1 wk ahead,Bin,percent,6.8,6.9,1.0000000000000002e-06
Region 3,1 wk ahead,Bin,percent,6.9,7.0,1.0000000000000002e-06
Region 3,1 wk ahead,Bin,percent,7.0,7.1,1.0000000000000002e-06
Region 3,1 wk ahead,Bin,percent,7.1,7.2,1.0000000000000002e-06
Region 3,1 wk ahead,Bin,percent,7.2,7.3,1.0000000000000002e-06
Region 3,1 wk ahead,Bin,percent,7.3,7.4,1.0000000000000002e-06
Region 3,1 wk ahead,Bin,percent,7.4,7.5,1.0000000000000002e-06
Region 3,1 wk ahead,Bin,percent,7.5,7.6,1.0000000000000002e-06
Region 3,1 wk ahead,Bin,percent,7.6,7.7,1.0000000000000002e-06
Region 3,1 wk ahead,Bin,percent,7.7,7.8,1.0000000000000002e-06
Region 3,1 wk ahead,Bin,percent,7.8,7.9,1.0000000000000002e-06
Region 3,1 wk ahead,Bin,percent,7.9,8.0,1.0000000000000002e-06
Region 3,1 wk ahead,Bin,percent,8.0,8.1,1.0000000000000002e-06
Region 3,1 wk ahead,Bin,percent,8.1,8.2,1.0000000000000002e-06
Region 3,1 wk ahead,Bin,percent,8.2,8.3,1.0000000000000002e-06
Region 3,1 wk ahead,Bin,percent,8.3,8.4,1.0000000000000002e-06
Region 3,1 wk ahead,Bin,percent,8.4,8.5,1.0000000000000002e-06
Region 3,1 wk ahead,Bin,percent,8.5,8.6,1.0000000000000002e-06
Region 3,1 wk ahead,Bin,percent,8.6,8.7,1.0000000000000002e-06
Region 3,1 wk ahead,Bin,percent,8.7,8.8,1.0000000000000002e-06
Region 3,1 wk ahead,Bin,percent,8.8,8.9,1.0000000000000002e-06
Region 3,1 wk ahead,Bin,percent,8.9,9.0,1.0000000000000002e-06
Region 3,1 wk ahead,Bin,percent,9.0,9.1,1.0000000000000002e-06
Region 3,1 wk ahead,Bin,percent,9.1,9.2,1.0000000000000002e-06
Region 3,1 wk ahead,Bin,percent,9.2,9.3,1.0000000000000002e-06
Region 3,1 wk ahead,Bin,percent,9.3,9.4,1.0000000000000002e-06
Region 3,1 wk ahead,Bin,percent,9.4,9.5,1.0000000000000002e-06
Region 3,1 wk ahead,Bin,percent,9.5,9.6,1.0000000000000002e-06
Region 3,1 wk ahead,Bin,percent,9.6,9.7,1.0000000000000002e-06
Region 3,1 wk ahead,Bin,percent,9.7,9.8,1.0000000000000002e-06
Region 3,1 wk ahead,Bin,percent,9.8,9.9,1.0000000000000002e-06
Region 3,1 wk ahead,Bin,percent,9.9,10.0,1.0000000000000002e-06
Region 3,1 wk ahead,Bin,percent,10.0,10.1,1.0000000000000002e-06
Region 3,1 wk ahead,Bin,percent,10.1,10.2,1.0000000000000002e-06
Region 3,1 wk ahead,Bin,percent,10.2,10.3,1.0000000000000002e-06
Region 3,1 wk ahead,Bin,percent,10.3,10.4,1.0000000000000002e-06
Region 3,1 wk ahead,Bin,percent,10.4,10.5,1.0000000000000002e-06
Region 3,1 wk ahead,Bin,percent,10.5,10.6,1.0000000000000002e-06
Region 3,1 wk ahead,Bin,percent,10.6,10.7,1.0000000000000002e-06
Region 3,1 wk ahead,Bin,percent,10.7,10.8,1.0000000000000002e-06
Region 3,1 wk ahead,Bin,percent,10.8,10.9,1.0000000000000002e-06
Region 3,1 wk ahead,Bin,percent,10.9,11.0,1.0000000000000002e-06
Region 3,1 wk ahead,Bin,percent,11.0,11.1,1.0000000000000002e-06
Region 3,1 wk ahead,Bin,percent,11.1,11.2,1.0000000000000002e-06
Region 3,1 wk ahead,Bin,percent,11.2,11.3,1.0000000000000002e-06
Region 3,1 wk ahead,Bin,percent,11.3,11.4,1.0000000000000002e-06
Region 3,1 wk ahead,Bin,percent,11.4,11.5,1.0000000000000002e-06
Region 3,1 wk ahead,Bin,percent,11.5,11.6,1.0000000000000002e-06
Region 3,1 wk ahead,Bin,percent,11.6,11.7,1.0000000000000002e-06
Region 3,1 wk ahead,Bin,percent,11.7,11.8,1.0000000000000002e-06
Region 3,1 wk ahead,Bin,percent,11.8,11.9,1.0000000000000002e-06
Region 3,1 wk ahead,Bin,percent,11.9,12.0,1.0000000000000002e-06
Region 3,1 wk ahead,Bin,percent,12.0,12.1,1.0000000000000002e-06
Region 3,1 wk ahead,Bin,percent,12.1,12.2,1.0000000000000002e-06
Region 3,1 wk ahead,Bin,percent,12.2,12.3,1.0000000000000002e-06
Region 3,1 wk ahead,Bin,percent,12.3,12.4,1.0000000000000002e-06
Region 3,1 wk ahead,Bin,percent,12.4,12.5,1.0000000000000002e-06
Region 3,1 wk ahead,Bin,percent,12.5,12.6,1.0000000000000002e-06
Region 3,1 wk ahead,Bin,percent,12.6,12.7,1.0000000000000002e-06
Region 3,1 wk ahead,Bin,percent,12.7,12.8,1.0000000000000002e-06
Region 3,1 wk ahead,Bin,percent,12.8,12.9,1.0000000000000002e-06
Region 3,1 wk ahead,Bin,percent,12.9,13.0,1.0000000000000002e-06
Region 3,1 wk ahead,Bin,percent,13.0,100,1.0000000000000002e-06
Region 3,2 wk ahead,Point,percent,,,2.1118573487718066
Region 3,2 wk ahead,Bin,percent,0.0,0.1,1.0000000000000002e-06
Region 3,2 wk ahead,Bin,percent,0.1,0.2,1.0000000000000002e-06
Region 3,2 wk ahead,Bin,percent,0.2,0.3,1.0000000000000002e-06
Region 3,2 wk ahead,Bin,percent,0.3,0.4,1.0000000000000002e-06
Region 3,2 wk ahead,Bin,percent,0.4,0.5,1.0000000000000002e-06
Region 3,2 wk ahead,Bin,percent,0.5,0.6,1.0000000000000002e-06
Region 3,2 wk ahead,Bin,percent,0.6,0.7,1.0000000000000002e-06
Region 3,2 wk ahead,Bin,percent,0.7,0.8,1.0000000000000002e-06
Region 3,2 wk ahead,Bin,percent,0.8,0.9,1.0000000000000002e-06
Region 3,2 wk ahead,Bin,percent,0.9,1.0,1.0000000000000002e-06
Region 3,2 wk ahead,Bin,percent,1.0,1.1,1.0000000000000002e-06
Region 3,2 wk ahead,Bin,percent,1.1,1.2,1.0000000000000002e-06
Region 3,2 wk ahead,Bin,percent,1.2,1.3,1.0000000000000002e-06
Region 3,2 wk ahead,Bin,percent,1.3,1.4,1.0000000000000002e-06
Region 3,2 wk ahead,Bin,percent,1.4,1.5,1.0000000000000002e-06
Region 3,2 wk ahead,Bin,percent,1.5,1.6,1.0000000000000002e-06
Region 3,2 wk ahead,Bin,percent,1.6,1.7,1.0000000000000002e-06
Region 3,2 wk ahead,Bin,percent,1.7,1.8,1.0000000000000002e-06
Region 3,2 wk ahead,Bin,percent,1.8,1.9,1.0000000000000002e-06
Region 3,2 wk ahead,Bin,percent,1.9,2.0,1.0000000000000002e-06
Region 3,2 wk ahead,Bin,percent,2.0,2.1,1.0000000000000002e-06
Region 3,2 wk ahead,Bin,percent,2.1,2.2,1.0000000000000002e-06
Region 3,2 wk ahead,Bin,percent,2.2,2.3,1.0000000000000002e-06
Region 3,2 wk ahead,Bin,percent,2.3,2.4,1.0000000000000002e-06
Region 3,2 wk ahead,Bin,percent,2.4,2.5,1.0000000000000002e-06
Region 3,2 wk ahead,Bin,percent,2.5,2.6,0.00020099800000000003
Region 3,2 wk ahead,Bin,percent,2.6,2.7,0.0013009870000000002
Region 3,2 wk ahead,Bin,percent,2.7,2.8,0.000900991
Region 3,2 wk ahead,Bin,percent,2.8,2.9,0.002100979
Region 3,2 wk ahead,Bin,percent,2.9,3.0,0.004100959
Region 3,2 wk ahead,Bin,percent,3.0,3.1,0.004600954000000001
Region 3,2 wk ahead,Bin,percent,3.1,3.2,0.0062009380000000005
Region 3,2 wk ahead,Bin,percent,3.2,3.3,0.006100939000000001
Region 3,2 wk ahead,Bin,percent,3.3,3.4,0.005200948000000001
Region 3,2 wk ahead,Bin,percent,3.4,3.5,0.008100919
Region 3,2 wk ahead,Bin,percent,3.5,3.6,0.008200918
Region 3,2 wk ahead,Bin,percent,3.6,3.7,0.007500925
Region 3,2 wk ahead,Bin,percent,3.7,3.8,0.005900941000000001
Region 3,2 wk ahead,Bin,percent,3.8,3.9,0.006400936
Region 3,2 wk ahead,Bin,percent,3.9,4.0,0.0050009500000000005
Region 3,2 wk ahead,Bin,percent,4.0,4.1,0.005400946
Region 3,2 wk ahead,Bin,percent,4.1,4.2,0.005500945000000001
Region 3,2 wk ahead,Bin,percent,4.2,4.3,0.0035009650000000004
Region 3,2 wk ahead,Bin,percent,4.3,4.4,0.001900981
Region 3,2 wk ahead,Bin,percent,4.4,4.5,0.002400976
Region 3,2 wk ahead,Bin,percent,4.5,4.6,0.001800982
Region 3,2 wk ahead,Bin,percent,4.6,4.7,0.001800982
Region 3,2 wk ahead,Bin,percent,4.7,4.8,0.001400986
Region 3,2 wk ahead,Bin,percent,4.8,4.9,0.000400996
Region 3,2 wk ahead,Bin,percent,4.9,5.0,0.001100989
Region 3,2 wk ahead,Bin,percent,5.0,5.1,0.000400996
Region 3,2 wk ahead,Bin,percent,5.1,5.2,0.000900991
Region 3,2 wk ahead,Bin,percent,5.2,5.3,0.000300997
Region 3,2 wk ahead,Bin,percent,5.3,5.4,0.00020099800000000003
Region 3,2 wk ahead,Bin,percent,5.4,5.5,0.000500995
Region 3,2 wk ahead,Bin,percent,5.5,5.6,0.00020099800000000003
Region 3,2 wk ahead,Bin,percent,5.6,5.7,1.0000000000000002e-06
Region 3,2 wk ahead,Bin,percent,5.7,5.8,1.0000000000000002e-06
Region 3,2 wk ahead,Bin,percent,5.8,5.9,0.000300997
Region 3,2 wk ahead,Bin,percent,5.9,6.0,0.00010099900000000001
Region 3,2 wk ahead,Bin,percent,6.0,6.1,1.0000000000000002e-06
Region 3,2 wk ahead,Bin,percent,6.1,6.2,1.0000000000000002e-06
Region 3,2 wk ahead,Bin,percent,6.2,6.3,1.0000000000000002e-06
Region 3,2 wk ahead,Bin,percent,6.3,6.4,0.00010099900000000001
Region 3,2 wk ahead,Bin,percent,6.4,6.5,1.0000000000000002e-06
Region 3,2 wk ahead,Bin,percent,6.5,6.6,1.0000000000000002e-06
Region 3,2 wk ahead,Bin,percent,6.6,6.7,1.0000000000000002e-06
Region 3,2 wk ahead,Bin,percent,6.7,6.8,1.0000000000000002e-06
Region 3,2 wk ahead,Bin,percent,6.8,6.9,1.0000000000000002e-06
Region 3,2 wk ahead,Bin,percent,6.9,7.0,1.0000000000000002e-06
Region 3,2 wk ahead,Bin,percent,7.0,7.1,1.0000000000000002e-06
Region 3,2 wk ahead,Bin,percent,7.1,7.2,1.0000000000000002e-06
Region 3,2 wk ahead,Bin,percent,7.2,7.3,1.0000000000000002e-06
Region 3,2 wk ahead,Bin,percent,7.3,7.4,1.0000000000000002e-06
Region 3,2 wk ahead,Bin,percent,7.4,7.5,1.0000000000000002e-06
Region 3,2 wk ahead,Bin,percent,7.5,7.6,1.0000000000000002e-06
Region 3,2 wk ahead,Bin,percent,7.6,7.7,1.0000000000000002e-06
Region 3,2 wk ahead,Bin,percent,7.7,7.8,1.0000000000000002e-06
Region 3,2 wk ahead,Bin,percent,7.8,7.9,1.0000000000000002e-06
Region 3,2 wk ahead,Bin,percent,7.9,8.0,1.0000000000000002e-06
Region 3,2 wk ahead,Bin,percent,8.0,8.1,1.0000000000000002e-06
Region 3,2 wk ahead,Bin,percent,8.1,8.2,1.0000000000000002e-06
Region 3,2 wk ahead,Bin,percent,8.2,8.3,1.0000000000000002e-06
Region 3,2 wk ahead,Bin,percent,8.3,8.4,1.0000000000000002e-06
Region 3,2 wk ahead,Bin,percent,8.4,8.5,1.0000000000000002e-06
Region 3,2 wk ahead,Bin,percent,8.5,8.6,1.0000000000000002e-06
Region 3,2 wk ahead,Bin,percent,8.6,8.7,1.0000000000000002e-06
Region 3,2 wk ahead,Bin,percent,8.7,8.8,1.0000000000000002e-06
Region 3,2 wk ahead,Bin,percent,8.8,8.9,1.0000000000000002e-06
Region 3,2 wk ahead,Bin,percent,8.9,9.0,1.0000000000000002e-06
Region 3,2 wk ahead,Bin,percent,9.0,9.1,1.0000000000000002e-06
Region 3,2 wk ahead,Bin,percent,9.1,9.2,1.0000000000000002e-06
Region 3,2 wk ahead,Bin,percent,9.2,9.3,1.0000000000000002e-06
Region 3,2 wk ahead,Bin,percent,9.3,9.4,1.0000000000000002e-06
Region 3,2 wk ahead,Bin,percent,9.4,9.5,1.0000000000000002e-06
Region 3,2 wk ahead,Bin,percent,9.5,9.6,1.0000000000000002e-06
Region 3,2 wk ahead,Bin,percent,9.6,9.7,1.0000000000000002e-06
Region 3,2 wk ahead,Bin,percent,9.7,9.8,1.0000000000000002e-06
Region 3,2 wk ahead,Bin,percent,9.8,9.9,1.0000000000000002e-06
Region 3,2 wk ahead,Bin,percent,9.9,10.0,1.0000000000000002e-06
Region 3,2 wk ahead,Bin,percent,10.0,10.1,1.0000000000000002e-06
Region 3,2 wk ahead,Bin,percent,10.1,10.2,1.0000000000000002e-06
Region 3,2 wk ahead,Bin,percent,10.2,10.3,1.0000000000000002e-06
Region 3,2 wk ahead,Bin,percent,10.3,10.4,1.0000000000000002e-06
Region 3,2 wk ahead,Bin,percent,10.4,10.5,1.0000000000000002e-06
Region 3,2 wk ahead,Bin,percent,10.5,10.6,1.0000000000000002e-06
Region 3,2 wk ahead,Bin,percent,10.6,10.7,1.0000000000000002e-06
Region 3,2 wk ahead,Bin,percent,10.7,10.8,1.0000000000000002e-06
Region 3,2 wk ahead,Bin,percent,10.8,10.9,1.0000000000000002e-06
Region 3,2 wk ahead,Bin,percent,10.9,11.0,1.0000000000000002e-06
Region 3,2 wk ahead,Bin,percent,11.0,11.1,1.0000000000000002e-06
Region 3,2 wk ahead,Bin,percent,11.1,11.2,1.0000000000000002e-06
Region 3,2 wk ahead,Bin,percent,11.2,11.3,1.0000000000000002e-06
Region 3,2 wk ahead,Bin,percent,11.3,11.4,1.0000000000000002e-06
Region 3,2 wk ahead,Bin,percent,11.4,11.5,1.0000000000000002e-06
Region 3,2 wk ahead,Bin,percent,11.5,11.6,1.0000000000000002e-06
Region 3,2 wk ahead,Bin,percent,11.6,11.7,1.0000000000000002e-06
Region 3,2 wk ahead,Bin,percent,11.7,11.8,1.0000000000000002e-06
Region 3,2 wk ahead,Bin,percent,11.8,11.9,1.0000000000000002e-06
Region 3,2 wk ahead,Bin,percent,11.9,12.0,1.0000000000000002e-06
Region 3,2 wk ahead,Bin,percent,12.0,12.1,1.0000000000000002e-06
Region 3,2 wk ahead,Bin,percent,12.1,12.2,1.0000000000000002e-06
Region 3,2 wk ahead,Bin,percent,12.2,12.3,1.0000000000000002e-06
Region 3,2 wk ahead,Bin,percent,12.3,12.4,1.0000000000000002e-06
Region 3,2 wk ahead,Bin,percent,12.4,12.5,1.0000000000000002e-06
Region 3,2 wk ahead,Bin,percent,12.5,12.6,1.0000000000000002e-06
Region 3,2 wk ahead,Bin,percent,12.6,12.7,1.0000000000000002e-06
Region 3,2 wk ahead,Bin,percent,12.7,12.8,1.0000000000000002e-06
Region 3,2 wk ahead,Bin,percent,12.8,12.9,1.0000000000000002e-06
Region 3,2 wk ahead,Bin,percent,12.9,13.0,1.0000000000000002e-06
Region 3,2 wk ahead,Bin,percent,13.0,100,1.0000000000000002e-06
Region 3,3 wk ahead,Point,percent,,,2.611293645165253
Region 3,3 wk ahead,Bin,percent,0.0,0.1,1.0000000000000002e-06
Region 3,3 wk ahead,Bin,percent,0.1,0.2,1.0000000000000002e-06
Region 3,3 wk ahead,Bin,percent,0.2,0.3,1.0000000000000002e-06
Region 3,3 wk ahead,Bin,percent,0.3,0.4,1.0000000000000002e-06
Region 3,3 wk ahead,Bin,percent,0.4,0.5,1.0000000000000002e-06
Region 3,3 wk ahead,Bin,percent,0.5,0.6,1.0000000000000002e-06
Region 3,3 wk ahead,Bin,percent,0.6,0.7,1.0000000000000002e-06
Region 3,3 wk ahead,Bin,percent,0.7,0.8,1.0000000000000002e-06
Region 3,3 wk ahead,Bin,percent,0.8,0.9,1.0000000000000002e-06
Region 3,3 wk ahead,Bin,percent,0.9,1.0,1.0000000000000002e-06
Region 3,3 wk ahead,Bin,percent,1.0,1.1,1.0000000000000002e-06
Region 3,3 wk ahead,Bin,percent,1.1,1.2,1.0000000000000002e-06
Region 3,3 wk ahead,Bin,percent,1.2,1.3,1.0000000000000002e-06
Region 3,3 wk ahead,Bin,percent,1.3,1.4,1.0000000000000002e-06
Region 3,3 wk ahead,Bin,percent,1.4,1.5,1.0000000000000002e-06
Region 3,3 wk ahead,Bin,percent,1.5,1.6,1.0000000000000002e-06
Region 3,3 wk ahead,Bin,percent,1.6,1.7,1.0000000000000002e-06
Region 3,3 wk ahead,Bin,percent,1.7,1.8,1.0000000000000002e-06
Region 3,3 wk ahead,Bin,percent,1.8,1.9,1.0000000000000002e-06
Region 3,3 wk ahead,Bin,percent,1.9,2.0,0.00010099900000000001
Region 3,3 wk ahead,Bin,percent,2.0,2.1,1.0000000000000002e-06
Region 3,3 wk ahead,Bin,percent,2.1,2.2,0.00010099900000000001
Region 3,3 wk ahead,Bin,percent,2.2,2.3,0.000400996
Region 3,3 wk ahead,Bin,percent,2.3,2.4,0.000800992
Region 3,3 wk ahead,Bin,percent,2.4,2.5,0.001100989
Region 3,3 wk ahead,Bin,percent,2.5,2.6,0.002100979
Region 3,3 wk ahead,Bin,percent,2.6,2.7,0.004600954000000001
Region 3,3 wk ahead,Bin,percent,2.7,2.8,0.0034009660000000005
Region 3,3 wk ahead,Bin,percent,2.8,2.9,0.0050009500000000005
Region 3,3 wk ahead,Bin,percent,2.9,3.0,0.0073009270000000005
Region 3,3 wk ahead,Bin,percent,3.0,3.1,0.008300917000000001
Region 3,3 wk ahead,Bin,percent,3.1,3.2,0.0073009270000000005
Region 3,3 wk ahead,Bin,percent,3.2,3.3,0.007100929000000001
Region 3,3 wk ahead,Bin,percent,3.3,3.4,0.008200918
Region 3,3 wk ahead,Bin,percent,3.4,3.5,0.005600944
Region 3,3 wk ahead,Bin,percent,3.5,3.6,0.006600934
Region 3,3 wk ahead,Bin,percent,3.6,3.7,0.0036009640000000003
Region 3,3 wk ahead,Bin,percent,3.7,3.8,0.0051009490000000005
Region 3,3 wk ahead,Bin,percent,3.8,3.9,0.004900951000000001
Region 3,3 wk ahead,Bin,percent,3.9,4.0,0.0034009660000000005
Region 3,3 wk ahead,Bin,percent,4.0,4.1,0.0032009680000000006
Region 3,3 wk ahead,Bin,percent,4.1,4.2,0.003100969
Region 3,3 wk ahead,Bin,percent,4.2,4.3,0.002300977
Region 3,3 wk ahead,Bin,percent,4.3,4.4,0.001100989
Region 3,3 wk ahead,Bin,percent,4.4,4.5,0.001800982
Region 3,3 wk ahead,Bin,percent,4.5,4.6,0.000500995
Region 3,3 wk ahead,Bin,percent,4.6,4.7,0.0007009929999999999
Region 3,3 wk ahead,Bin,percent,4.7,4.8,0.000300997
Region 3,3 wk ahead,Bin,percent,4.8,4.9,0.000300997
Region 3,3 wk ahead,Bin,percent,4.9,5.0,0.000400996
Region 3,3 wk ahead,Bin,percent,5.0,5.1,0.000300997
Region 3,3 wk ahead,Bin,percent,5.1,5.2,0.000300997
Region 3,3 wk ahead,Bin,percent,5.2,5.3,0.00010099900000000001
Region 3,3 wk ahead,Bin,percent,5.3,5.4,1.0000000000000002e-06
Region 3,3 wk ahead,Bin,percent,5.4,5.5,1.0000000000000002e-06
Region 3,3 wk ahead,Bin,percent,5.5,5.6,0.00010099900000000001
Region 3,3 wk ahead,Bin,percent,5.6,5.7,0.000300997
Region 3,3 wk ahead,Bin,percent,5.7,5.8,1.0000000000000002e-06
Region 3,3 wk ahead,Bin,percent,5.8,5.9,0.00010099900000000001
Region 3,3 wk ahead,Bin,percent,5.9,6.0,0.00010099900000000001
Region 3,3 wk ahead,Bin,percent,6.0,6.1,1.0000000000000002e-06
Region 3,3 wk ahead,Bin,percent,6.1,6.2,1.0000000000000002e-06
Region 3,3 wk ahead,Bin,percent,6.2,6.3,1.0000000000000002e-06
Region 3,3 wk ahead,Bin,percent,6.3,6.4,1.0000000000000002e-06
Region 3,3 wk ahead,Bin,percent,6.4,6.5,1.0000000000000002e-06
Region 3,3 wk ahead,Bin,percent,6.5,6.6,1.0000000000000002e-06
Region 3,3 wk ahead,Bin,percent,6.6,6.7,1.0000000000000002e-06
Region 3,3 wk ahead,Bin,percent,6.7,6.8,1.0000000000000002e-06
Region 3,3 wk ahead,Bin,percent,6.8,6.9,1.0000000000000002e-06
Region 3,3 wk ahead,Bin,percent,6.9,7.0,1.0000000000000002e-06
Region 3,3 wk ahead,Bin,percent,7.0,7.1,1.0000000000000002e-06
Region 3,3 wk ahead,Bin,percent,7.1,7.2,1.0000000000000002e-06
Region 3,3 wk ahead,Bin,percent,7.2,7.3,1.0000000000000002e-06
Region 3,3 wk ahead,Bin,percent,7.3,7.4,1.0000000000000002e-06
Region 3,3 wk ahead,Bin,percent,7.4,7.5,1.0000000000000002e-06
Region 3,3 wk ahead,Bin,percent,7.5,7.6,1.0000000000000002e-06
Region 3,3 wk ahead,Bin,percent,7.6,7.7,1.0000000000000002e-06
Region 3,3 wk ahead,Bin,percent,7.7,7.8,1.0000000000000002e-06
Region 3,3 wk ahead,Bin,percent,7.8,7.9,1.0000000000000002e-06
Region 3,3 wk ahead,Bin,percent,7.9,8.0,1.0000000000000002e-06
Region 3,3 wk ahead,Bin,percent,8.0,8.1,1.0000000000000002e-06
Region 3,3 wk ahead,Bin,percent,8.1,8.2,1.0000000000000002e-06
Region 3,3 wk ahead,Bin,percent,8.2,8.3,1.0000000000000002e-06
Region 3,3 wk ahead,Bin,percent,8.3,8.4,1.0000000000000002e-06
Region 3,3 wk ahead,Bin,percent,8.4,8.5,1.0000000000000002e-06
Region 3,3 wk ahead,Bin,percent,8.5,8.6,1.0000000000000002e-06
Region 3,3 wk ahead,Bin,percent,8.6,8.7,1.0000000000000002e-06
Region 3,3 wk ahead,Bin,percent,8.7,8.8,1.0000000000000002e-06
Region 3,3 wk ahead,Bin,percent,8.8,8.9,1.0000000000000002e-06
Region 3,3 wk ahead,Bin,percent,8.9,9.0,1.0000000000000002e-06
Region 3,3 wk ahead,Bin,percent,9.0,9.1,1.0000000000000002e-06
Region 3,3 wk ahead,Bin,percent,9.1,9.2,1.0000000000000002e-06
Region 3,3 wk ahead,Bin,percent,9.2,9.3,1.0000000000000002e-06
Region 3,3 wk ahead,Bin,percent,9.3,9.4,1.0000000000000002e-06
Region 3,3 wk ahead,Bin,percent,9.4,9.5,1.0000000000000002e-06
Region 3,3 wk ahead,Bin,percent,9.5,9.6,1.0000000000000002e-06
Region 3,3 wk ahead,Bin,percent,9.6,9.7,1.0000000000000002e-06
Region 3,3 wk ahead,Bin,percent,9.7,9.8,1.0000000000000002e-06
Region 3,3 wk ahead,Bin,percent,9.8,9.9,1.0000000000000002e-06
Region 3,3 wk ahead,Bin,percent,9.9,10.0,1.0000000000000002e-06
Region 3,3 wk ahead,Bin,percent,10.0,10.1,1.0000000000000002e-06
Region 3,3 wk ahead,Bin,percent,10.1,10.2,1.0000000000000002e-06
Region 3,3 wk ahead,Bin,percent,10.2,10.3,1.0000000000000002e-06
Region 3,3 wk ahead,Bin,percent,10.3,10.4,1.0000000000000002e-06
Region 3,3 wk ahead,Bin,percent,10.4,10.5,1.0000000000000002e-06
Region 3,3 wk ahead,Bin,percent,10.5,10.6,1.0000000000000002e-06
Region 3,3 wk ahead,Bin,percent,10.6,10.7,1.0000000000000002e-06
Region 3,3 wk ahead,Bin,percent,10.7,10.8,1.0000000000000002e-06
Region 3,3 wk ahead,Bin,percent,10.8,10.9,1.0000000000000002e-06
Region 3,3 wk ahead,Bin,percent,10.9,11.0,1.0000000000000002e-06
Region 3,3 wk ahead,Bin,percent,11.0,11.1,1.0000000000000002e-06
Region 3,3 wk ahead,Bin,percent,11.1,11.2,1.0000000000000002e-06
Region 3,3 wk ahead,Bin,percent,11.2,11.3,1.0000000000000002e-06
Region 3,3 wk ahead,Bin,percent,11.3,11.4,1.0000000000000002e-06
Region 3,3 wk ahead,Bin,percent,11.4,11.5,1.0000000000000002e-06
Region 3,3 wk ahead,Bin,percent,11.5,11.6,1.0000000000000002e-06
Region 3,3 wk ahead,Bin,percent,11.6,11.7,1.0000000000000002e-06
Region 3,3 wk ahead,Bin,percent,11.7,11.8,1.0000000000000002e-06
Region 3,3 wk ahead,Bin,percent,11.8,11.9,1.0000000000000002e-06
Region 3,3 wk ahead,Bin,percent,11.9,12.0,1.0000000000000002e-06
Region 3,3 wk ahead,Bin,percent,12.0,12.1,1.0000000000000002e-06
Region 3,3 wk ahead,Bin,percent,12.1,12.2,1.0000000000000002e-06
Region 3,3 wk ahead,Bin,percent,12.2,12.3,1.0000000000000002e-06
Region 3,3 wk ahead,Bin,percent,12.3,12.4,1.0000000000000002e-06
Region 3,3 wk ahead,Bin,percent,12.4,12.5,1.0000000000000002e-06
Region 3,3 wk ahead,Bin,percent,12.5,12.6,1.0000000000000002e-06
Region 3,3 wk ahead,Bin,percent,12.6,12.7,1.0000000000000002e-06
Region 3,3 wk ahead,Bin,percent,12.7,12.8,1.0000000000000002e-06
Region 3,3 wk ahead,Bin,percent,12.8,12.9,1.0000000000000002e-06
Region 3,3 wk ahead,Bin,percent,12.9,13.0,1.0000000000000002e-06
Region 3,3 wk ahead,Bin,percent,13.0,100,1.0000000000000002e-06
Region 3,4 wk ahead,Point,percent,,,3.3507031212784786
Region 3,4 wk ahead,Bin,percent,0.0,0.1,1.0000000000000002e-06
Region 3,4 wk ahead,Bin,percent,0.1,0.2,1.0000000000000002e-06
Region 3,4 wk ahead,Bin,percent,0.2,0.3,1.0000000000000002e-06
Region 3,4 wk ahead,Bin,percent,0.3,0.4,1.0000000000000002e-06
Region 3,4 wk ahead,Bin,percent,0.4,0.5,1.0000000000000002e-06
Region 3,4 wk ahead,Bin,percent,0.5,0.6,1.0000000000000002e-06
Region 3,4 wk ahead,Bin,percent,0.6,0.7,1.0000000000000002e-06
Region 3,4 wk ahead,Bin,percent,0.7,0.8,1.0000000000000002e-06
Region 3,4 wk ahead,Bin,percent,0.8,0.9,1.0000000000000002e-06
Region 3,4 wk ahead,Bin,percent,0.9,1.0,1.0000000000000002e-06
Region 3,4 wk ahead,Bin,percent,1.0,1.1,1.0000000000000002e-06
Region 3,4 wk ahead,Bin,percent,1.1,1.2,1.0000000000000002e-06
Region 3,4 wk ahead,Bin,percent,1.2,1.3,1.0000000000000002e-06
Region 3,4 wk ahead,Bin,percent,1.3,1.4,1.0000000000000002e-06
Region 3,4 wk ahead,Bin,percent,1.4,1.5,0.00010099900000000001
Region 3,4 wk ahead,Bin,percent,1.5,1.6,1.0000000000000002e-06
Region 3,4 wk ahead,Bin,percent,1.6,1.7,0.000300997
Region 3,4 wk ahead,Bin,percent,1.7,1.8,0.000300997
Region 3,4 wk ahead,Bin,percent,1.8,1.9,0.000900991
Region 3,4 wk ahead,Bin,percent,1.9,2.0,0.001100989
Region 3,4 wk ahead,Bin,percent,2.0,2.1,0.002400976
Region 3,4 wk ahead,Bin,percent,2.1,2.2,0.0020009800000000003
Region 3,4 wk ahead,Bin,percent,2.2,2.3,0.003100969
Region 3,4 wk ahead,Bin,percent,2.3,2.4,0.004100959
Region 3,4 wk ahead,Bin,percent,2.4,2.5,0.004100959
Region 3,4 wk ahead,Bin,percent,2.5,2.6,0.005800942000000001
Region 3,4 wk ahead,Bin,percent,2.6,2.7,0.004800952000000001
Region 3,4 wk ahead,Bin,percent,2.7,2.8,0.003800962
Region 3,4 wk ahead,Bin,percent,2.8,2.9,0.0050009500000000005
Region 3,4 wk ahead,Bin,percent,2.9,3.0,0.006500935000000001
Region 3,4 wk ahead,Bin,percent,3.0,3.1,0.005700943000000001
Region 3,4 wk ahead,Bin,percent,3.1,3.2,0.005800942000000001
Region 3,4 wk ahead,Bin,percent,3.2,3.3,0.0051009490000000005
Region 3,4 wk ahead,Bin,percent,3.3,3.4,0.00300097
Region 3,4 wk ahead,Bin,percent,3.4,3.5,0.0032009680000000006
Region 3,4 wk ahead,Bin,percent,3.5,3.6,0.0037009630000000007
Region 3,4 wk ahead,Bin,percent,3.6,3.7,0.004400956
Region 3,4 wk ahead,Bin,percent,3.7,3.8,0.0032009680000000006
Region 3,4 wk ahead,Bin,percent,3.8,3.9,0.0033009670000000006
Region 3,4 wk ahead,Bin,percent,3.9,4.0,0.0026009740000000003
Region 3,4 wk ahead,Bin,percent,4.0,4.1,0.002300977
Region 3,4 wk ahead,Bin,percent,4.1,4.2,0.002100979
Region 3,4 wk ahead,Bin,percent,4.2,4.3,0.002200978
Region 3,4 wk ahead,Bin,percent,4.3,4.4,0.000900991
Region 3,4 wk ahead,Bin,percent,4.4,4.5,0.000500995
Region 3,4 wk ahead,Bin,percent,4.5,4.6,0.000900991
Region 3,4 wk ahead,Bin,percent,4.6,4.7,0.00100099
Region 3,4 wk ahead,Bin,percent,4.7,4.8,0.001100989
Region 3,4 wk ahead,Bin,percent,4.8,4.9,0.0007009929999999999
Region 3,4 wk ahead,Bin,percent,4.9,5.0,0.000500995
Region 3,4 wk ahead,Bin,percent,5.0,5.1,0.000400996
Region 3,4 wk ahead,Bin,percent,5.1,5.2,0.000300997
Region 3,4 wk ahead,Bin,percent,5.2,5.3,0.000400996
Region 3,4 wk ahead,Bin,percent,5.3,5.4,0.0007009929999999999
Region 3,4 wk ahead,Bin,percent,5.4,5.5,0.000300997
Region 3,4 wk ahead,Bin,percent,5.5,5.6,1.0000000000000002e-06
Region 3,4 wk ahead,Bin,percent,5.6,5.7,0.000300997
Region 3,4 wk ahead,Bin,percent,5.7,5.8,0.00020099800000000003
Region 3,4 wk ahead,Bin,percent,5.8,5.9,0.00010099900000000001
Region 3,4 wk ahead,Bin,percent,5.9,6.0,0.00010099900000000001
Region 3,4 wk ahead,Bin,percent,6.0,6.1,1.0000000000000002e-06
Region 3,4 wk ahead,Bin,percent,6.1,6.2,1.0000000000000002e-06
Region 3,4 wk ahead,Bin,percent,6.2,6.3,1.0000000000000002e-06
Region 3,4 wk ahead,Bin,percent,6.3,6.4,1.0000000000000002e-06
Region 3,4 wk ahead,Bin,percent,6.4,6.5,1.0000000000000002e-06
Region 3,4 wk ahead,Bin,percent,6.5,6.6,0.00010099900000000001
Region 3,4 wk ahead,Bin,percent,6.6,6.7,1.0000000000000002e-06
Region 3,4 wk ahead,Bin,percent,6.7,6.8,0.00010099900000000001
Region 3,4 wk ahead,Bin,percent,6.8,6.9,1.0000000000000002e-06
Region 3,4 wk ahead,Bin,percent,6.9,7.0,0.00010099900000000001
Region 3,4 wk ahead,Bin,percent,7.0,7.1,1.0000000000000002e-06
Region 3,4 wk ahead,Bin,percent,7.1,7.2,0.00010099900000000001
Region 3,4 wk ahead,Bin,percent,7.2,7.3,0.00010099900000000001
Region 3,4 wk ahead,Bin,percent,7.3,7.4,1.0000000000000002e-06
Region 3,4 wk ahead,Bin,percent,7.4,7.5,1.0000000000000002e-06
Region 3,4 wk ahead,Bin,percent,7.5,7.6,1.0000000000000002e-06
Region 3,4 wk ahead,Bin,percent,7.6,7.7,1.0000000000000002e-06
Region 3,4 wk ahead,Bin,percent,7.7,7.8,1.0000000000000002e-06
Region 3,4 wk ahead,Bin,percent,7.8,7.9,1.0000000000000002e-06
Region 3,4 wk ahead,Bin,percent,7.9,8.0,1.0000000000000002e-06
Region 3,4 wk ahead,Bin,percent,8.0,8.1,1.0000000000000002e-06
Region 3,4 wk ahead,Bin,percent,8.1,8.2,1.0000000000000002e-06
Region 3,4 wk ahead,Bin,percent,8.2,8.3,1.0000000000000002e-06
Region 3,4 wk ahead,Bin,percent,8.3,8.4,0.00010099900000000001
Region 3,4 wk ahead,Bin,percent,8.4,8.5,1.0000000000000002e-06
Region 3,4 wk ahead,Bin,percent,8.5,8.6,1.0000000000000002e-06
Region 3,4 wk ahead,Bin,percent,8.6,8.7,1.0000000000000002e-06
Region 3,4 wk ahead,Bin,percent,8.7,8.8,1.0000000000000002e-06
Region 3,4 wk ahead,Bin,percent,8.8,8.9,1.0000000000000002e-06
Region 3,4 wk ahead,Bin,percent,8.9,9.0,1.0000000000000002e-06
Region 3,4 wk ahead,Bin,percent,9.0,9.1,1.0000000000000002e-06
Region 3,4 wk ahead,Bin,percent,9.1,9.2,1.0000000000000002e-06
Region 3,4 wk ahead,Bin,percent,9.2,9.3,1.0000000000000002e-06
Region 3,4 wk ahead,Bin,percent,9.3,9.4,1.0000000000000002e-06
Region 3,4 wk ahead,Bin,percent,9.4,9.5,1.0000000000000002e-06
Region 3,4 wk ahead,Bin,percent,9.5,9.6,0.00010099900000000001
Region 3,4 wk ahead,Bin,percent,9.6,9.7,1.0000000000000002e-06
Region 3,4 wk ahead,Bin,percent,9.7,9.8,1.0000000000000002e-06
Region 3,4 wk ahead,Bin,percent,9.8,9.9,1.0000000000000002e-06
Region 3,4 wk ahead,Bin,percent,9.9,10.0,1.0000000000000002e-06
Region 3,4 wk ahead,Bin,percent,10.0,10.1,1.0000000000000002e-06
Region 3,4 wk ahead,Bin,percent,10.1,10.2,1.0000000000000002e-06
Region 3,4 wk ahead,Bin,percent,10.2,10.3,1.0000000000000002e-06
Region 3,4 wk ahead,Bin,percent,10.3,10.4,1.0000000000000002e-06
Region 3,4 wk ahead,Bin,percent,10.4,10.5,1.0000000000000002e-06
Region 3,4 wk ahead,Bin,percent,10.5,10.6,1.0000000000000002e-06
Region 3,4 wk ahead,Bin,percent,10.6,10.7,1.0000000000000002e-06
Region 3,4 wk ahead,Bin,percent,10.7,10.8,1.0000000000000002e-06
Region 3,4 wk ahead,Bin,percent,10.8,10.9,1.0000000000000002e-06
Region 3,4 wk ahead,Bin,percent,10.9,11.0,1.0000000000000002e-06
Region 3,4 wk ahead,Bin,percent,11.0,11.1,1.0000000000000002e-06
Region 3,4 wk ahead,Bin,percent,11.1,11.2,1.0000000000000002e-06
Region 3,4 wk ahead,Bin,percent,11.2,11.3,1.0000000000000002e-06
Region 3,4 wk ahead,Bin,percent,11.3,11.4,1.0000000000000002e-06
Region 3,4 wk ahead,Bin,percent,11.4,11.5,1.0000000000000002e-06
Region 3,4 wk ahead,Bin,percent,11.5,11.6,1.0000000000000002e-06
Region 3,4 wk ahead,Bin,percent,11.6,11.7,1.0000000000000002e-06
Region 3,4 wk ahead,Bin,percent,11.7,11.8,1.0000000000000002e-06
Region 3,4 wk ahead,Bin,percent,11.8,11.9,1.0000000000000002e-06
Region 3,4 wk ahead,Bin,percent,11.9,12.0,1.0000000000000002e-06
Region 3,4 wk ahead,Bin,percent,12.0,12.1,1.0000000000000002e-06
Region 3,4 wk ahead,Bin,percent,12.1,12.2,1.0000000000000002e-06
Region 3,4 wk ahead,Bin,percent,12.2,12.3,1.0000000000000002e-06
Region 3,4 wk ahead,Bin,percent,12.3,12.4,1.0000000000000002e-06
Region 3,4 wk ahead,Bin,percent,12.4,12.5,1.0000000000000002e-06
Region 3,4 wk ahead,Bin,percent,12.5,12.6,1.0000000000000002e-06
Region 3,4 wk ahead,Bin,percent,12.6,12.7,1.0000000000000002e-06
Region 3,4 wk ahead,Bin,percent,12.7,12.8,1.0000000000000002e-06
Region 3,4 wk ahead,Bin,percent,12.8,12.9,1.0000000000000002e-06
Region 3,4 wk ahead,Bin,percent,12.9,13.0,1.0000000000000002e-06
Region 3,4 wk ahead,Bin,percent,13.0,100,1.0000000000000002e-06
Region 4,Season onset,Bin,week,none,none,0.029411765
Region 4,Season onset,Bin,week,40,41,0.029411765
Region 4,Season onset,Bin,week,41,42,0.029411765
Region 4,Season onset,Bin,week,42,43,0.029411765
Region 4,Season onset,Bin,week,43,44,0.029411765
Region 4,Season onset,Bin,week,44,45,0.029411765
Region 4,Season onset,Bin,week,45,46,0.029411765
Region 4,Season onset,Bin,week,46,47,0.029411765
Region 4,Season onset,Bin,week,47,48,0.029411765
Region 4,Season onset,Bin,week,48,49,0.029411765
Region 4,Season onset,Bin,week,49,50,0.029411765
Region 4,Season onset,Bin,week,50,51,0.029411765
Region 4,Season onset,Bin,week,51,52,0.029411765
Region 4,Season onset,Bin,week,52,53,0.029411765
Region 4,Season onset,Bin,week,1,2,0.0765
Region 4,Season onset,Bin,week,2,3,0.0765
Region 4,Season onset,Bin,week,3,4,0.0765
Region 4,Season onset,Bin,week,4,5,0.0765
Region 4,Season onset,Bin,week,5,6,0.0765
Region 4,Season onset,Bin,week,6,7,0.0765
Region 4,Season onset,Bin,week,7,8,0.0765
Region 4,Season onset,Bin,week,8,9,0.0765
Region 4,Season onset,Bin,week,9,10,0.0765
Region 4,Season onset,Bin,week,10,11,0.0765
Region 4,Season onset,Bin,week,11,12,0.0765
Region 4,Season onset,Bin,week,12,13,0.0765
Region 4,Season onset,Bin,week,13,14,0.0765
Region 4,Season onset,Bin,week,14,15,0.0765
Region 4,Season onset,Bin,week,15,16,0.0765
Region 4,Season onset,Bin,week,16,17,0.0765
Region 4,Season onset,Bin,week,17,18,0.0765
Region 4,Season onset,Bin,week,18,19,0.0765
Region 4,Season onset,Bin,week,19,20,0.0765
Region 4,Season onset,Bin,week,20,21,0.0765
Region 4,Season peak week,Bin,week,40,41,0.03030303
Region 4,Season peak week,Bin,week,41,42,0.03030303
Region 4,Season peak week,Bin,week,42,43,0.03030303
Region 4,Season peak week,Bin,week,43,44,0.03030303
Region 4,Season peak week,Bin,week,44,45,0.03030303
Region 4,Season peak week,Bin,week,45,46,0.03030303
Region 4,Season peak week,Bin,week,46,47,0.03030303
Region 4,Season peak week,Bin,week,47,48,0.03030303
Region 4,Season peak week,Bin,week,48,49,0.03030303
Region 4,Season peak week,Bin,week,49,50,0.03030303
Region 4,Season peak week,Bin,week,50,51,0.03030303
Region 4,Season peak week,Bin,week,51,52,0.03030303
Region 4,Season peak week,Bin,week,52,53,0.03030303
Region 4,Season peak week,Bin,week,1,2,0.03030303
Region 4,Season peak week,Bin,week,2,3,0.03030303
Region 4,Season peak week,Bin,week,3,4,0.03030303
Region 4,Season peak week,Bin,week,4,5,0.03030303
Region 4,Season peak week,Bin,week,5,6,0.03030303
Region 4,Season peak week,Bin,week,6,7,0.03030303
Region 4,Season peak week,Bin,week,7,8,0.03030303
Region 4,Season peak week,Bin,week,8,9,0.03030303
Region 4,Season peak week,Bin,week,9,10,0.03030303
Region 4,Season peak week,Bin,week,10,11,0.03030303
Region 4,Season peak week,Bin,week,11,12,0.03030303
Region 4,Season peak week,Bin,week,12,13,0.03030303
Region 4,Season peak week,Bin,week,13,14,0.03030303
Region 4,Season peak week,Bin,week,14,15,0.03030303
Region 4,Season peak week,Bin,week,15,16,0.03030303
Region 4,Season peak week,Bin,week,16,17,0.03030303
Region 4,Season peak week,Bin,week,17,18,0.03030303
Region 4,Season peak week,Bin,week,18,19,0.03030303
Region 4,Season peak week,Bin,week,19,20,0.03030303
Region 4,Season peak week,Bin,week,20,21,0.03030303
Region 4,Season peak percentage,Bin,percent,0.0,0.1,0.007633588
Region 4,Season peak percentage,Bin,percent,0.1,0.2,0.007633588
Region 4,Season peak percentage,Bin,percent,0.2,0.3,0.007633588
Region 4,Season peak percentage,Bin,percent,0.3,0.4,0.007633588
Region 4,Season peak percentage,Bin,percent,0.4,0.5,0.007633588
Region 4,Season peak percentage,Bin,percent,0.5,0.6,0.007633588
Region 4,Season peak percentage,Bin,percent,0.6,0.7,0.007633588
Region 4,Season peak percentage,Bin,percent,0.7,0.8,0.007633588
Region 4,Season peak percentage,Bin,percent,0.8,0.9,0.007633588
Region 4,Season peak percentage,Bin,percent,0.9,1.0,0.007633588
Region 4,Season peak percentage,Bin,percent,1.0,1.1,0.007633588
Region 4,Season peak percentage,Bin,percent,1.1,1.2,0.007633588
Region 4,Season peak percentage,Bin,percent,1.2,1.3,0.007633588
Region 4,Season peak percentage,Bin,percent,1.3,1.4,0.007633588
Region 4,Season peak percentage,Bin,percent,1.4,1.5,0.007633588
Region 4,Season peak percentage,Bin,percent,1.5,1.6,0.007633588
Region 4,Season peak percentage,Bin,percent,1.6,1.7,0.007633588
Region 4,Season peak percentage,Bin,percent,1.7,1.8,0.007633588
Region 4,Season peak percentage,Bin,percent,1.8,1.9,0.007633588
Region 4,Season peak percentage,Bin,percent,1.9,2.0,0.007633588
Region 4,Season peak percentage,Bin,percent,2.0,2.1,0.007633588
Region 4,Season peak percentage,Bin,percent,2.1,2.2,0.007633588
Region 4,Season peak percentage,Bin,percent,2.2,2.3,0.007633588
Region 4,Season peak percentage,Bin,percent,2.3,2.4,0.007633588
Region 4,Season peak percentage,Bin,percent,2.4,2.5,0.007633588
Region 4,Season peak percentage,Bin,percent,2.5,2.6,0.007633588
Region 4,Season peak percentage,Bin,percent,2.6,2.7,0.007633588
Region 4,Season peak percentage,Bin,percent,2.7,2.8,0.007633588
Region 4,Season peak percentage,Bin,percent,2.8,2.9,0.007633588
Region 4,Season peak percentage,Bin,percent,2.9,3.0,0.007633588
Region 4,Season peak percentage,Bin,percent,3.0,3.1,0.007633588
Region 4,Season peak percentage,Bin,percent,3.1,3.2,0.007633588
Region 4,Season peak percentage,Bin,percent,3.2,3.3,0.007633588
Region 4,Season peak percentage,Bin,percent,3.3,3.4,0.007633588
Region 4,Season peak percentage,Bin,percent,3.4,3.5,0.007633588
Region 4,Season peak percentage,Bin,percent,3.5,3.6,0.007633588
Region 4,Season peak percentage,Bin,percent,3.6,3.7,0.007633588
Region 4,Season peak percentage,Bin,percent,3.7,3.8,0.007633588
Region 4,Season peak percentage,Bin,percent,3.8,3.9,0.007633588
Region 4,Season peak percentage,Bin,percent,3.9,4.0,0.007633588
Region 4,Season peak percentage,Bin,percent,4.0,4.1,0.007633588
Region 4,Season peak percentage,Bin,percent,4.1,4.2,0.007633588
Region 4,Season peak percentage,Bin,percent,4.2,4.3,0.007633588
Region 4,Season peak percentage,Bin,percent,4.3,4.4,0.007633588
Region 4,Season peak percentage,Bin,percent,4.4,4.5,0.007633588
Region 4,Season peak percentage,Bin,percent,4.5,4.6,0.007633588
Region 4,Season peak percentage,Bin,percent,4.6,4.7,0.007633588
Region 4,Season peak percentage,Bin,percent,4.7,4.8,0.007633588
Region 4,Season peak percentage,Bin,percent,4.8,4.9,0.007633588
Region 4,Season peak percentage,Bin,percent,4.9,5.0,0.007633588
Region 4,Season peak percentage,Bin,percent,5.0,5.1,0.007633588
Region 4,Season peak percentage,Bin,percent,5.1,5.2,0.007633588
Region 4,Season peak percentage,Bin,percent,5.2,5.3,0.007633588
Region 4,Season peak percentage,Bin,percent,5.3,5.4,0.007633588
Region 4,Season peak percentage,Bin,percent,5.4,5.5,0.007633588
Region 4,Season peak percentage,Bin,percent,5.5,5.6,0.007633588
Region 4,Season peak percentage,Bin,percent,5.6,5.7,0.007633588
Region 4,Season peak percentage,Bin,percent,5.7,5.8,0.007633588
Region 4,Season peak percentage,Bin,percent,5.8,5.9,0.007633588
Region 4,Season peak percentage,Bin,percent,5.9,6.0,0.007633588
Region 4,Season peak percentage,Bin,percent,6.0,6.1,0.007633588
Region 4,Season peak percentage,Bin,percent,6.1,6.2,0.007633588
Region 4,Season peak percentage,Bin,percent,6.2,6.3,0.007633588
Region 4,Season peak percentage,Bin,percent,6.3,6.4,0.007633588
Region 4,Season peak percentage,Bin,percent,6.4,6.5,0.007633588
Region 4,Season peak percentage,Bin,percent,6.5,6.6,0.007633588
Region 4,Season peak percentage,Bin,percent,6.6,6.7,0.007633588
Region 4,Season peak percentage,Bin,percent,6.7,6.8,0.007633588
Region 4,Season peak percentage,Bin,percent,6.8,6.9,0.007633588
Region 4,Season peak percentage,Bin,percent,6.9,7.0,0.007633588
Region 4,Season peak percentage,Bin,percent,7.0,7.1,0.007633588
Region 4,Season peak percentage,Bin,percent,7.1,7.2,0.007633588
Region 4,Season peak percentage,Bin,percent,7.2,7.3,0.007633588
Region 4,Season peak percentage,Bin,percent,7.3,7.4,0.007633588
Region 4,Season peak percentage,Bin,percent,7.4,7.5,0.007633588
Region 4,Season peak percentage,Bin,percent,7.5,7.6,0.007633588
Region 4,Season peak percentage,Bin,percent,7.6,7.7,0.007633588
Region 4,Season peak percentage,Bin,percent,7.7,7.8,0.007633588
Region 4,Season peak percentage,Bin,percent,7.8,7.9,0.007633588
Region 4,Season peak percentage,Bin,percent,7.9,8.0,0.007633588
Region 4,Season peak percentage,Bin,percent,8.0,8.1,0.007633588
Region 4,Season peak percentage,Bin,percent,8.1,8.2,0.007633588
Region 4,Season peak percentage,Bin,percent,8.2,8.3,0.007633588
Region 4,Season peak percentage,Bin,percent,8.3,8.4,0.007633588
Region 4,Season peak percentage,Bin,percent,8.4,8.5,0.007633588
Region 4,Season peak percentage,Bin,percent,8.5,8.6,0.007633588
Region 4,Season peak percentage,Bin,percent,8.6,8.7,0.007633588
Region 4,Season peak percentage,Bin,percent,8.7,8.8,0.007633588
Region 4,Season peak percentage,Bin,percent,8.8,8.9,0.007633588
Region 4,Season peak percentage,Bin,percent,8.9,9.0,0.007633588
Region 4,Season peak percentage,Bin,percent,9.0,9.1,0.007633588
Region 4,Season peak percentage,Bin,percent,9.1,9.2,0.007633588
Region 4,Season peak percentage,Bin,percent,9.2,9.3,0.007633588
Region 4,Season peak percentage,Bin,percent,9.3,9.4,0.007633588
Region 4,Season peak percentage,Bin,percent,9.4,9.5,0.007633588
Region 4,Season peak percentage,Bin,percent,9.5,9.6,0.007633588
Region 4,Season peak percentage,Bin,percent,9.6,9.7,0.007633588
Region 4,Season peak percentage,Bin,percent,9.7,9.8,0.007633588
Region 4,Season peak percentage,Bin,percent,9.8,9.9,0.007633588
Region 4,Season peak percentage,Bin,percent,9.9,10.0,0.007633588
Region 4,Season peak percentage,Bin,percent,10.0,10.1,0.007633588
Region 4,Season peak percentage,Bin,percent,10.1,10.2,0.007633588
Region 4,Season peak percentage,Bin,percent,10.2,10.3,0.007633588
Region 4,Season peak percentage,Bin,percent,10.3,10.4,0.007633588
Region 4,Season peak percentage,Bin,percent,10.4,10.5,0.007633588
Region 4,Season peak percentage,Bin,percent,10.5,10.6,0.007633588
Region 4,Season peak percentage,Bin,percent,10.6,10.7,0.007633588
Region 4,Season peak percentage,Bin,percent,10.7,10.8,0.007633588
Region 4,Season peak percentage,Bin,percent,10.8,10.9,0.007633588
Region 4,Season peak percentage,Bin,percent,10.9,11.0,0.007633588
Region 4,Season peak percentage,Bin,percent,11.0,11.1,0.007633588
Region 4,Season peak percentage,Bin,percent,11.1,11.2,0.007633588
Region 4,Season peak percentage,Bin,percent,11.2,11.3,0.007633588
Region 4,Season peak percentage,Bin,percent,11.3,11.4,0.007633588
Region 4,Season peak percentage,Bin,percent,11.4,11.5,0.007633588
Region 4,Season peak percentage,Bin,percent,11.5,11.6,0.007633588
Region 4,Season peak percentage,Bin,percent,11.6,11.7,0.007633588
Region 4,Season peak percentage,Bin,percent,11.7,11.8,0.007633588
Region 4,Season peak percentage,Bin,percent,11.8,11.9,0.007633588
Region 4,Season peak percentage,Bin,percent,11.9,12.0,0.007633588
Region 4,Season peak percentage,Bin,percent,12.0,12.1,0.007633588
Region 4,Season peak percentage,Bin,percent,12.1,12.2,0.007633588
Region 4,Season peak percentage,Bin,percent,12.2,12.3,0.007633588
Region 4,Season peak percentage,Bin,percent,12.3,12.4,0.007633588
Region 4,Season peak percentage,Bin,percent,12.4,12.5,0.007633588
Region 4,Season peak percentage,Bin,percent,12.5,12.6,0.007633588
Region 4,Season peak percentage,Bin,percent,12.6,12.7,0.007633588
Region 4,Season peak percentage,Bin,percent,12.7,12.8,0.007633588
Region 4,Season peak percentage,Bin,percent,12.8,12.9,0.007633588
Region 4,Season peak percentage,Bin,percent,12.9,13.0,0.007633588
Region 4,Season peak percentage,Bin,percent,13.0,100.0,0.007633588
Region 4,1 wk ahead,Point,percent,,,1.8852142400592677
Region 4,1 wk ahead,Bin,percent,0.0,0.1,1.0000000000000002e-06
Region 4,1 wk ahead,Bin,percent,0.1,0.2,1.0000000000000002e-06
Region 4,1 wk ahead,Bin,percent,0.2,0.3,1.0000000000000002e-06
Region 4,1 wk ahead,Bin,percent,0.3,0.4,1.0000000000000002e-06
Region 4,1 wk ahead,Bin,percent,0.4,0.5,1.0000000000000002e-06
Region 4,1 wk ahead,Bin,percent,0.5,0.6,1.0000000000000002e-06
Region 4,1 wk ahead,Bin,percent,0.6,0.7,1.0000000000000002e-06
Region 4,1 wk ahead,Bin,percent,0.7,0.8,1.0000000000000002e-06
Region 4,1 wk ahead,Bin,percent,0.8,0.9,1.0000000000000002e-06
Region 4,1 wk ahead,Bin,percent,0.9,1.0,1.0000000000000002e-06
Region 4,1 wk ahead,Bin,percent,1.0,1.1,1.0000000000000002e-06
Region 4,1 wk ahead,Bin,percent,1.1,1.2,1.0000000000000002e-06
Region 4,1 wk ahead,Bin,percent,1.2,1.3,1.0000000000000002e-06
Region 4,1 wk ahead,Bin,percent,1.3,1.4,1.0000000000000002e-06
Region 4,1 wk ahead,Bin,percent,1.4,1.5,1.0000000000000002e-06
Region 4,1 wk ahead,Bin,percent,1.5,1.6,1.0000000000000002e-06
Region 4,1 wk ahead,Bin,percent,1.6,1.7,1.0000000000000002e-06
Region 4,1 wk ahead,Bin,percent,1.7,1.8,1.0000000000000002e-06
Region 4,1 wk ahead,Bin,percent,1.8,1.9,1.0000000000000002e-06
Region 4,1 wk ahead,Bin,percent,1.9,2.0,1.0000000000000002e-06
Region 4,1 wk ahead,Bin,percent,2.0,2.1,1.0000000000000002e-06
Region 4,1 wk ahead,Bin,percent,2.1,2.2,1.0000000000000002e-06
Region 4,1 wk ahead,Bin,percent,2.2,2.3,1.0000000000000002e-06
Region 4,1 wk ahead,Bin,percent,2.3,2.4,1.0000000000000002e-06
Region 4,1 wk ahead,Bin,percent,2.4,2.5,1.0000000000000002e-06
Region 4,1 wk ahead,Bin,percent,2.5,2.6,1.0000000000000002e-06
Region 4,1 wk ahead,Bin,percent,2.6,2.7,0.00010099900000000001
Region 4,1 wk ahead,Bin,percent,2.7,2.8,1.0000000000000002e-06
Region 4,1 wk ahead,Bin,percent,2.8,2.9,0.00020099800000000003
Region 4,1 wk ahead,Bin,percent,2.9,3.0,1.0000000000000002e-06
Region 4,1 wk ahead,Bin,percent,3.0,3.1,1.0000000000000002e-06
Region 4,1 wk ahead,Bin,percent,3.1,3.2,0.000300997
Region 4,1 wk ahead,Bin,percent,3.2,3.3,0.00010099900000000001
Region 4,1 wk ahead,Bin,percent,3.3,3.4,0.000600994
Region 4,1 wk ahead,Bin,percent,3.4,3.5,0.000300997
Region 4,1 wk ahead,Bin,percent,3.5,3.6,0.001400986
Region 4,1 wk ahead,Bin,percent,3.6,3.7,0.001900981
Region 4,1 wk ahead,Bin,percent,3.7,3.8,0.002500975
Region 4,1 wk ahead,Bin,percent,3.8,3.9,0.003800962
Region 4,1 wk ahead,Bin,percent,3.9,4.0,0.005600944
Region 4,1 wk ahead,Bin,percent,4.0,4.1,0.007200928
Region 4,1 wk ahead,Bin,percent,4.1,4.2,0.00800092
Region 4,1 wk ahead,Bin,percent,4.2,4.3,0.008200918
Region 4,1 wk ahead,Bin,percent,4.3,4.4,0.0100009
Region 4,1 wk ahead,Bin,percent,4.4,4.5,0.00800092
Region 4,1 wk ahead,Bin,percent,4.5,4.6,0.008500915
Region 4,1 wk ahead,Bin,percent,4.6,4.7,0.006900931000000001
Region 4,1 wk ahead,Bin,percent,4.7,4.8,0.006500935000000001
Region 4,1 wk ahead,Bin,percent,4.8,4.9,0.005400946
Region 4,1 wk ahead,Bin,percent,4.9,5.0,0.004600954000000001
Region 4,1 wk ahead,Bin,percent,5.0,5.1,0.002100979
Region 4,1 wk ahead,Bin,percent,5.1,5.2,0.001500985
Region 4,1 wk ahead,Bin,percent,5.2,5.3,0.001800982
Region 4,1 wk ahead,Bin,percent,5.3,5.4,0.001200988
Region 4,1 wk ahead,Bin,percent,5.4,5.5,0.001100989
Region 4,1 wk ahead,Bin,percent,5.5,5.6,0.000800992
Region 4,1 wk ahead,Bin,percent,5.6,5.7,0.000400996
Region 4,1 wk ahead,Bin,percent,5.7,5.8,0.000300997
Region 4,1 wk ahead,Bin,percent,5.8,5.9,0.00010099900000000001
Region 4,1 wk ahead,Bin,percent,5.9,6.0,0.00010099900000000001
Region 4,1 wk ahead,Bin,percent,6.0,6.1,0.00010099900000000001
Region 4,1 wk ahead,Bin,percent,6.1,6.2,0.00020099800000000003
Region 4,1 wk ahead,Bin,percent,6.2,6.3,1.0000000000000002e-06
Region 4,1 wk ahead,Bin,percent,6.3,6.4,1.0000000000000002e-06
Region 4,1 wk ahead,Bin,percent,6.4,6.5,0.00020099800000000003
Region 4,1 wk ahead,Bin,percent,6.5,6.6,1.0000000000000002e-06
Region 4,1 wk ahead,Bin,percent,6.6,6.7,1.0000000000000002e-06
Region 4,1 wk ahead,Bin,percent,6.7,6.8,1.0000000000000002e-06
Region 4,1 wk ahead,Bin,percent,6.8,6.9,1.0000000000000002e-06
Region 4,1 wk ahead,Bin,percent,6.9,7.0,1.0000000000000002e-06
Region 4,1 wk ahead,Bin,percent,7.0,7.1,1.0000000000000002e-06
Region 4,1 wk ahead,Bin,percent,7.1,7.2,1.0000000000000002e-06
Region 4,1 wk ahead,Bin,percent,7.2,7.3,1.0000000000000002e-06
Region 4,1 wk ahead,Bin,percent,7.3,7.4,1.0000000000000002e-06
Region 4,1 wk ahead,Bin,percent,7.4,7.5,1.0000000000000002e-06
Region 4,1 wk ahead,Bin,percent,7.5,7.6,1.0000000000000002e-06
Region 4,1 wk ahead,Bin,percent,7.6,7.7,1.0000000000000002e-06
Region 4,1 wk ahead,Bin,percent,7.7,7.8,1.0000000000000002e-06
Region 4,1 wk ahead,Bin,percent,7.8,7.9,1.0000000000000002e-06
Region 4,1 wk ahead,Bin,percent,7.9,8.0,1.0000000000000002e-06
Region 4,1 wk ahead,Bin,percent,8.0,8.1,1.0000000000000002e-06
Region 4,1 wk ahead,Bin,percent,8.1,8.2,1.0000000000000002e-06
Region 4,1 wk ahead,Bin,percent,8.2,8.3,1.0000000000000002e-06
Region 4,1 wk ahead,Bin,percent,8.3,8.4,1.0000000000000002e-06
Region 4,1 wk ahead,Bin,percent,8.4,8.5,1.0000000000000002e-06
Region 4,1 wk ahead,Bin,percent,8.5,8.6,1.0000000000000002e-06
Region 4,1 wk ahead,Bin,percent,8.6,8.7,1.0000000000000002e-06
Region 4,1 wk ahead,Bin,percent,8.7,8.8,1.0000000000000002e-06
Region 4,1 wk ahead,Bin,percent,8.8,8.9,1.0000000000000002e-06
Region 4,1 wk ahead,Bin,percent,8.9,9.0,1.0000000000000002e-06
Region 4,1 wk ahead,Bin,percent,9.0,9.1,1.0000000000000002e-06
Region 4,1 wk ahead,Bin,percent,9.1,9.2,1.0000000000000002e-06
Region 4,1 wk ahead,Bin,percent,9.2,9.3,1.0000000000000002e-06
Region 4,1 wk ahead,Bin,percent,9.3,9.4,1.0000000000000002e-06
Region 4,1 wk ahead,Bin,percent,9.4,9.5,1.0000000000000002e-06
Region 4,1 wk ahead,Bin,percent,9.5,9.6,1.0000000000000002e-06
Region 4,1 wk ahead,Bin,percent,9.6,9.7,1.0000000000000002e-06
Region 4,1 wk ahead,Bin,percent,9.7,9.8,1.0000000000000002e-06
Region 4,1 wk ahead,Bin,percent,9.8,9.9,1.0000000000000002e-06
Region 4,1 wk ahead,Bin,percent,9.9,10.0,1.0000000000000002e-06
Region 4,1 wk ahead,Bin,percent,10.0,10.1,1.0000000000000002e-06
Region 4,1 wk ahead,Bin,percent,10.1,10.2,1.0000000000000002e-06
Region 4,1 wk ahead,Bin,percent,10.2,10.3,1.0000000000000002e-06
Region 4,1 wk ahead,Bin,percent,10.3,10.4,1.0000000000000002e-06
Region 4,1 wk ahead,Bin,percent,10.4,10.5,1.0000000000000002e-06
Region 4,1 wk ahead,Bin,percent,10.5,10.6,1.0000000000000002e-06
Region 4,1 wk ahead,Bin,percent,10.6,10.7,1.0000000000000002e-06
Region 4,1 wk ahead,Bin,percent,10.7,10.8,1.0000000000000002e-06
Region 4,1 wk ahead,Bin,percent,10.8,10.9,1.0000000000000002e-06
Region 4,1 wk ahead,Bin,percent,10.9,11.0,1.0000000000000002e-06
Region 4,1 wk ahead,Bin,percent,11.0,11.1,1.0000000000000002e-06
Region 4,1 wk ahead,Bin,percent,11.1,11.2,1.0000000000000002e-06
Region 4,1 wk ahead,Bin,percent,11.2,11.3,1.0000000000000002e-06
Region 4,1 wk ahead,Bin,percent,11.3,11.4,1.0000000000000002e-06
Region 4,1 wk ahead,Bin,percent,11.4,11.5,1.0000000000000002e-06
Region 4,1 wk ahead,Bin,percent,11.5,11.6,1.0000000000000002e-06
Region 4,1 wk ahead,Bin,percent,11.6,11.7,1.0000000000000002e-06
Region 4,1 wk ahead,Bin,percent,11.7,11.8,1.0000000000000002e-06
Region 4,1 wk ahead,Bin,percent,11.8,11.9,1.0000000000000002e-06
Region 4,1 wk ahead,Bin,percent,11.9,12.0,1.0000000000000002e-06
Region 4,1 wk ahead,Bin,percent,12.0,12.1,1.0000000000000002e-06
Region 4,1 wk ahead,Bin,percent,12.1,12.2,1.0000000000000002e-06
Region 4,1 wk ahead,Bin,percent,12.2,12.3,1.0000000000000002e-06
Region 4,1 wk ahead,Bin,percent,12.3,12.4,1.0000000000000002e-06
Region 4,1 wk ahead,Bin,percent,12.4,12.5,1.0000000000000002e-06
Region 4,1 wk ahead,Bin,percent,12.5,12.6,1.0000000000000002e-06
Region 4,1 wk ahead,Bin,percent,12.6,12.7,1.0000000000000002e-06
Region 4,1 wk ahead,Bin,percent,12.7,12.8,1.0000000000000002e-06
Region 4,1 wk ahead,Bin,percent,12.8,12.9,1.0000000000000002e-06
Region 4,1 wk ahead,Bin,percent,12.9,13.0,1.0000000000000002e-06
Region 4,1 wk ahead,Bin,percent,13.0,100,1.0000000000000002e-06
Region 4,2 wk ahead,Point,percent,,,2.1933974908241014
Region 4,2 wk ahead,Bin,percent,0.0,0.1,1.0000000000000002e-06
Region 4,2 wk ahead,Bin,percent,0.1,0.2,1.0000000000000002e-06
Region 4,2 wk ahead,Bin,percent,0.2,0.3,1.0000000000000002e-06
Region 4,2 wk ahead,Bin,percent,0.3,0.4,1.0000000000000002e-06
Region 4,2 wk ahead,Bin,percent,0.4,0.5,1.0000000000000002e-06
Region 4,2 wk ahead,Bin,percent,0.5,0.6,1.0000000000000002e-06
Region 4,2 wk ahead,Bin,percent,0.6,0.7,1.0000000000000002e-06
Region 4,2 wk ahead,Bin,percent,0.7,0.8,1.0000000000000002e-06
Region 4,2 wk ahead,Bin,percent,0.8,0.9,1.0000000000000002e-06
Region 4,2 wk ahead,Bin,percent,0.9,1.0,1.0000000000000002e-06
Region 4,2 wk ahead,Bin,percent,1.0,1.1,1.0000000000000002e-06
Region 4,2 wk ahead,Bin,percent,1.1,1.2,1.0000000000000002e-06
Region 4,2 wk ahead,Bin,percent,1.2,1.3,1.0000000000000002e-06
Region 4,2 wk ahead,Bin,percent,1.3,1.4,1.0000000000000002e-06
Region 4,2 wk ahead,Bin,percent,1.4,1.5,1.0000000000000002e-06
Region 4,2 wk ahead,Bin,percent,1.5,1.6,1.0000000000000002e-06
Region 4,2 wk ahead,Bin,percent,1.6,1.7,1.0000000000000002e-06
Region 4,2 wk ahead,Bin,percent,1.7,1.8,1.0000000000000002e-06
Region 4,2 wk ahead,Bin,percent,1.8,1.9,1.0000000000000002e-06
Region 4,2 wk ahead,Bin,percent,1.9,2.0,1.0000000000000002e-06
Region 4,2 wk ahead,Bin,percent,2.0,2.1,1.0000000000000002e-06
Region 4,2 wk ahead,Bin,percent,2.1,2.2,1.0000000000000002e-06
Region 4,2 wk ahead,Bin,percent,2.2,2.3,0.00010099900000000001
Region 4,2 wk ahead,Bin,percent,2.3,2.4,0.00010099900000000001
Region 4,2 wk ahead,Bin,percent,2.4,2.5,0.000300997
Region 4,2 wk ahead,Bin,percent,2.5,2.6,0.000500995
Region 4,2 wk ahead,Bin,percent,2.6,2.7,0.000500995
Region 4,2 wk ahead,Bin,percent,2.7,2.8,0.000600994
Region 4,2 wk ahead,Bin,percent,2.8,2.9,0.0016009840000000002
Region 4,2 wk ahead,Bin,percent,2.9,3.0,0.002100979
Region 4,2 wk ahead,Bin,percent,3.0,3.1,0.0032009680000000006
Region 4,2 wk ahead,Bin,percent,3.1,3.2,0.0040009600000000005
Region 4,2 wk ahead,Bin,percent,3.2,3.3,0.004700953
Region 4,2 wk ahead,Bin,percent,3.3,3.4,0.0062009380000000005
Region 4,2 wk ahead,Bin,percent,3.4,3.5,0.006900931000000001
Region 4,2 wk ahead,Bin,percent,3.5,3.6,0.007700923
Region 4,2 wk ahead,Bin,percent,3.6,3.7,0.007700923
Region 4,2 wk ahead,Bin,percent,3.7,3.8,0.007100929000000001
Region 4,2 wk ahead,Bin,percent,3.8,3.9,0.006700932999999999
Region 4,2 wk ahead,Bin,percent,3.9,4.0,0.007800922
Region 4,2 wk ahead,Bin,percent,4.0,4.1,0.0050009500000000005
Region 4,2 wk ahead,Bin,percent,4.1,4.2,0.004500955
Region 4,2 wk ahead,Bin,percent,4.2,4.3,0.004700953
Region 4,2 wk ahead,Bin,percent,4.3,4.4,0.004300957
Region 4,2 wk ahead,Bin,percent,4.4,4.5,0.0027009729999999997
Region 4,2 wk ahead,Bin,percent,4.5,4.6,0.002900971
Region 4,2 wk ahead,Bin,percent,4.6,4.7,0.0020009800000000003
Region 4,2 wk ahead,Bin,percent,4.7,4.8,0.0013009870000000002
Region 4,2 wk ahead,Bin,percent,4.8,4.9,0.0020009800000000003
Region 4,2 wk ahead,Bin,percent,4.9,5.0,0.0007009929999999999
Region 4,2 wk ahead,Bin,percent,5.0,5.1,0.000800992
Region 4,2 wk ahead,Bin,percent,5.1,5.2,0.000500995
Region 4,2 wk ahead,Bin,percent,5.2,5.3,0.00010099900000000001
Region 4,2 wk ahead,Bin,percent,5.3,5.4,0.000300997
Region 4,2 wk ahead,Bin,percent,5.4,5.5,0.00010099900000000001
Region 4,2 wk ahead,Bin,percent,5.5,5.6,1.0000000000000002e-06
Region 4,2 wk ahead,Bin,percent,5.6,5.7,0.00020099800000000003
Region 4,2 wk ahead,Bin,percent,5.7,5.8,1.0000000000000002e-06
Region 4,2 wk ahead,Bin,percent,5.8,5.9,1.0000000000000002e-06
Region 4,2 wk ahead,Bin,percent,5.9,6.0,1.0000000000000002e-06
Region 4,2 wk ahead,Bin,percent,6.0,6.1,1.0000000000000002e-06
Region 4,2 wk ahead,Bin,percent,6.1,6.2,1.0000000000000002e-06
Region 4,2 wk ahead,Bin,percent,6.2,6.3,1.0000000000000002e-06
Region 4,2 wk ahead,Bin,percent,6.3,6.4,1.0000000000000002e-06
Region 4,2 wk ahead,Bin,percent,6.4,6.5,1.0000000000000002e-06
Region 4,2 wk ahead,Bin,percent,6.5,6.6,1.0000000000000002e-06
Region 4,2 wk ahead,Bin,percent,6.6,6.7,1.0000000000000002e-06
Region 4,2 wk ahead,Bin,percent,6.7,6.8,1.0000000000000002e-06
Region 4,2 wk ahead,Bin,percent,6.8,6.9,1.0000000000000002e-06
Region 4,2 wk ahead,Bin,percent,6.9,7.0,1.0000000000000002e-06
Region 4,2 wk ahead,Bin,percent,7.0,7.1,1.0000000000000002e-06
Region 4,2 wk ahead,Bin,percent,7.1,7.2,0.00010099900000000001
Region 4,2 wk ahead,Bin,percent,7.2,7.3,1.0000000000000002e-06
Region 4,2 wk ahead,Bin,percent,7.3,7.4,1.0000000000000002e-06
Region 4,2 wk ahead,Bin,percent,7.4,7.5,1.0000000000000002e-06
Region 4,2 wk ahead,Bin,percent,7.5,7.6,1.0000000000000002e-06
Region 4,2 wk ahead,Bin,percent,7.6,7.7,1.0000000000000002e-06
Region 4,2 wk ahead,Bin,percent,7.7,7.8,1.0000000000000002e-06
Region 4,2 wk ahead,Bin,percent,7.8,7.9,1.0000000000000002e-06
Region 4,2 wk ahead,Bin,percent,7.9,8.0,1.0000000000000002e-06
Region 4,2 wk ahead,Bin,percent,8.0,8.1,1.0000000000000002e-06
Region 4,2 wk ahead,Bin,percent,8.1,8.2,1.0000000000000002e-06
Region 4,2 wk ahead,Bin,percent,8.2,8.3,1.0000000000000002e-06
Region 4,2 wk ahead,Bin,percent,8.3,8.4,1.0000000000000002e-06
Region 4,2 wk ahead,Bin,percent,8.4,8.5,1.0000000000000002e-06
Region 4,2 wk ahead,Bin,percent,8.5,8.6,1.0000000000000002e-06
Region 4,2 wk ahead,Bin,percent,8.6,8.7,1.0000000000000002e-06
Region 4,2 wk ahead,Bin,percent,8.7,8.8,1.0000000000000002e-06
Region 4,2 wk ahead,Bin,percent,8.8,8.9,1.0000000000000002e-06
Region 4,2 wk ahead,Bin,percent,8.9,9.0,1.0000000000000002e-06
Region 4,2 wk ahead,Bin,percent,9.0,9.1,1.0000000000000002e-06
Region 4,2 wk ahead,Bin,percent,9.1,9.2,1.0000000000000002e-06
Region 4,2 wk ahead,Bin,percent,9.2,9.3,1.0000000000000002e-06
Region 4,2 wk ahead,Bin,percent,9.3,9.4,1.0000000000000002e-06
Region 4,2 wk ahead,Bin,percent,9.4,9.5,1.0000000000000002e-06
Region 4,2 wk ahead,Bin,percent,9.5,9.6,1.0000000000000002e-06
Region 4,2 wk ahead,Bin,percent,9.6,9.7,1.0000000000000002e-06
Region 4,2 wk ahead,Bin,percent,9.7,9.8,1.0000000000000002e-06
Region 4,2 wk ahead,Bin,percent,9.8,9.9,1.0000000000000002e-06
Region 4,2 wk ahead,Bin,percent,9.9,10.0,1.0000000000000002e-06
Region 4,2 wk ahead,Bin,percent,10.0,10.1,1.0000000000000002e-06
Region 4,2 wk ahead,Bin,percent,10.1,10.2,1.0000000000000002e-06
Region 4,2 wk ahead,Bin,percent,10.2,10.3,1.0000000000000002e-06
Region 4,2 wk ahead,Bin,percent,10.3,10.4,1.0000000000000002e-06
Region 4,2 wk ahead,Bin,percent,10.4,10.5,1.0000000000000002e-06
Region 4,2 wk ahead,Bin,percent,10.5,10.6,1.0000000000000002e-06
Region 4,2 wk ahead,Bin,percent,10.6,10.7,1.0000000000000002e-06
Region 4,2 wk ahead,Bin,percent,10.7,10.8,1.0000000000000002e-06
Region 4,2 wk ahead,Bin,percent,10.8,10.9,1.0000000000000002e-06
Region 4,2 wk ahead,Bin,percent,10.9,11.0,1.0000000000000002e-06
Region 4,2 wk ahead,Bin,percent,11.0,11.1,1.0000000000000002e-06
Region 4,2 wk ahead,Bin,percent,11.1,11.2,1.0000000000000002e-06
Region 4,2 wk ahead,Bin,percent,11.2,11.3,1.0000000000000002e-06
Region 4,2 wk ahead,Bin,percent,11.3,11.4,1.0000000000000002e-06
Region 4,2 wk ahead,Bin,percent,11.4,11.5,1.0000000000000002e-06
Region 4,2 wk ahead,Bin,percent,11.5,11.6,1.0000000000000002e-06
Region 4,2 wk ahead,Bin,percent,11.6,11.7,1.0000000000000002e-06
Region 4,2 wk ahead,Bin,percent,11.7,11.8,1.0000000000000002e-06
Region 4,2 wk ahead,Bin,percent,11.8,11.9,1.0000000000000002e-06
Region 4,2 wk ahead,Bin,percent,11.9,12.0,1.0000000000000002e-06
Region 4,2 wk ahead,Bin,percent,12.0,12.1,1.0000000000000002e-06
Region 4,2 wk ahead,Bin,percent,12.1,12.2,1.0000000000000002e-06
Region 4,2 wk ahead,Bin,percent,12.2,12.3,1.0000000000000002e-06
Region 4,2 wk ahead,Bin,percent,12.3,12.4,1.0000000000000002e-06
Region 4,2 wk ahead,Bin,percent,12.4,12.5,1.0000000000000002e-06
Region 4,2 wk ahead,Bin,percent,12.5,12.6,1.0000000000000002e-06
Region 4,2 wk ahead,Bin,percent,12.6,12.7,1.0000000000000002e-06
Region 4,2 wk ahead,Bin,percent,12.7,12.8,1.0000000000000002e-06
Region 4,2 wk ahead,Bin,percent,12.8,12.9,1.0000000000000002e-06
Region 4,2 wk ahead,Bin,percent,12.9,13.0,1.0000000000000002e-06
Region 4,2 wk ahead,Bin,percent,13.0,100,1.0000000000000002e-06
Region 4,3 wk ahead,Point,percent,,,2.1134807193233884
Region 4,3 wk ahead,Bin,percent,0.0,0.1,1.0000000000000002e-06
Region 4,3 wk ahead,Bin,percent,0.1,0.2,1.0000000000000002e-06
Region 4,3 wk ahead,Bin,percent,0.2,0.3,1.0000000000000002e-06
Region 4,3 wk ahead,Bin,percent,0.3,0.4,1.0000000000000002e-06
Region 4,3 wk ahead,Bin,percent,0.4,0.5,1.0000000000000002e-06
Region 4,3 wk ahead,Bin,percent,0.5,0.6,1.0000000000000002e-06
Region 4,3 wk ahead,Bin,percent,0.6,0.7,1.0000000000000002e-06
Region 4,3 wk ahead,Bin,percent,0.7,0.8,0.000300997
Region 4,3 wk ahead,Bin,percent,0.8,0.9,0.000300997
Region 4,3 wk ahead,Bin,percent,0.9,1.0,0.000300997
Region 4,3 wk ahead,Bin,percent,1.0,1.1,0.000500995
Region 4,3 wk ahead,Bin,percent,1.1,1.2,0.000400996
Region 4,3 wk ahead,Bin,percent,1.2,1.3,0.000400996
Region 4,3 wk ahead,Bin,percent,1.3,1.4,0.001500985
Region 4,3 wk ahead,Bin,percent,1.4,1.5,0.000900991
Region 4,3 wk ahead,Bin,percent,1.5,1.6,0.001400986
Region 4,3 wk ahead,Bin,percent,1.6,1.7,0.0016009840000000002
Region 4,3 wk ahead,Bin,percent,1.7,1.8,0.001700983
Region 4,3 wk ahead,Bin,percent,1.8,1.9,0.0013009870000000002
Region 4,3 wk ahead,Bin,percent,1.9,2.0,0.0013009870000000002
Region 4,3 wk ahead,Bin,percent,2.0,2.1,0.0027009729999999997
Region 4,3 wk ahead,Bin,percent,2.1,2.2,0.002400976
Region 4,3 wk ahead,Bin,percent,2.2,2.3,0.0013009870000000002
Region 4,3 wk ahead,Bin,percent,2.3,2.4,0.002500975
Region 4,3 wk ahead,Bin,percent,2.4,2.5,0.001500985
Region 4,3 wk ahead,Bin,percent,2.5,2.6,0.001700983
Region 4,3 wk ahead,Bin,percent,2.6,2.7,0.002400976
Region 4,3 wk ahead,Bin,percent,2.7,2.8,0.002500975
Region 4,3 wk ahead,Bin,percent,2.8,2.9,0.0016009840000000002
Region 4,3 wk ahead,Bin,percent,2.9,3.0,0.002400976
Region 4,3 wk ahead,Bin,percent,3.0,3.1,0.0028009719999999997
Region 4,3 wk ahead,Bin,percent,3.1,3.2,0.001800982
Region 4,3 wk ahead,Bin,percent,3.2,3.3,0.001800982
Region 4,3 wk ahead,Bin,percent,3.3,3.4,0.0027009729999999997
Region 4,3 wk ahead,Bin,percent,3.4,3.5,0.003100969
Region 4,3 wk ahead,Bin,percent,3.5,3.6,0.0032009680000000006
Region 4,3 wk ahead,Bin,percent,3.6,3.7,0.002400976
Region 4,3 wk ahead,Bin,percent,3.7,3.8,0.001700983
Region 4,3 wk ahead,Bin,percent,3.8,3.9,0.0026009740000000003
Region 4,3 wk ahead,Bin,percent,3.9,4.0,0.001900981
Region 4,3 wk ahead,Bin,percent,4.0,4.1,0.0013009870000000002
Region 4,3 wk ahead,Bin,percent,4.1,4.2,0.001800982
Region 4,3 wk ahead,Bin,percent,4.2,4.3,0.001500985
Region 4,3 wk ahead,Bin,percent,4.3,4.4,0.001900981
Region 4,3 wk ahead,Bin,percent,4.4,4.5,0.001700983
Region 4,3 wk ahead,Bin,percent,4.5,4.6,0.0013009870000000002
Region 4,3 wk ahead,Bin,percent,4.6,4.7,0.001200988
Region 4,3 wk ahead,Bin,percent,4.7,4.8,0.001200988
Region 4,3 wk ahead,Bin,percent,4.8,4.9,0.001900981
Region 4,3 wk ahead,Bin,percent,4.9,5.0,0.001400986
Region 4,3 wk ahead,Bin,percent,5.0,5.1,0.0013009870000000002
Region 4,3 wk ahead,Bin,percent,5.1,5.2,0.000600994
Region 4,3 wk ahead,Bin,percent,5.2,5.3,0.001100989
Region 4,3 wk ahead,Bin,percent,5.3,5.4,0.001200988
Region 4,3 wk ahead,Bin,percent,5.4,5.5,0.0020009800000000003
Region 4,3 wk ahead,Bin,percent,5.5,5.6,0.00100099
Region 4,3 wk ahead,Bin,percent,5.6,5.7,0.000900991
Region 4,3 wk ahead,Bin,percent,5.7,5.8,0.000900991
Region 4,3 wk ahead,Bin,percent,5.8,5.9,0.0007009929999999999
Region 4,3 wk ahead,Bin,percent,5.9,6.0,0.000900991
Region 4,3 wk ahead,Bin,percent,6.0,6.1,0.001400986
Region 4,3 wk ahead,Bin,percent,6.1,6.2,0.000800992
Region 4,3 wk ahead,Bin,percent,6.2,6.3,0.000500995
Region 4,3 wk ahead,Bin,percent,6.3,6.4,0.000500995
Region 4,3 wk ahead,Bin,percent,6.4,6.5,0.000400996
Region 4,3 wk ahead,Bin,percent,6.5,6.6,0.000400996
Region 4,3 wk ahead,Bin,percent,6.6,6.7,0.000500995
Region 4,3 wk ahead,Bin,percent,6.7,6.8,0.000500995
Region 4,3 wk ahead,Bin,percent,6.8,6.9,1.0000000000000002e-06
Region 4,3 wk ahead,Bin,percent,6.9,7.0,0.000600994
Region 4,3 wk ahead,Bin,percent,7.0,7.1,0.000600994
Region 4,3 wk ahead,Bin,percent,7.1,7.2,0.000500995
Region 4,3 wk ahead,Bin,percent,7.2,7.3,0.000400996
Region 4,3 wk ahead,Bin,percent,7.3,7.4,0.000300997
Region 4,3 wk ahead,Bin,percent,7.4,7.5,0.000400996
Region 4,3 wk ahead,Bin,percent,7.5,7.6,0.000600994
Region 4,3 wk ahead,Bin,percent,7.6,7.7,0.000300997
Region 4,3 wk ahead,Bin,percent,7.7,7.8,0.000500995
Region 4,3 wk ahead,Bin,percent,7.8,7.9,0.00010099900000000001
Region 4,3 wk ahead,Bin,percent,7.9,8.0,0.00020099800000000003
Region 4,3 wk ahead,Bin,percent,8.0,8.1,0.00020099800000000003
Region 4,3 wk ahead,Bin,percent,8.1,8.2,0.000400996
Region 4,3 wk ahead,Bin,percent,8.2,8.3,0.000300997
Region 4,3 wk ahead,Bin,percent,8.3,8.4,0.000300997
Region 4,3 wk ahead,Bin,percent,8.4,8.5,0.000300997
Region 4,3 wk ahead,Bin,percent,8.5,8.6,0.000300997
Region 4,3 wk ahead,Bin,percent,8.6,8.7,0.00010099900000000001
Region 4,3 wk ahead,Bin,percent,8.7,8.8,1.0000000000000002e-06
Region 4,3 wk ahead,Bin,percent,8.8,8.9,0.000500995
Region 4,3 wk ahead,Bin,percent,8.9,9.0,1.0000000000000002e-06
Region 4,3 wk ahead,Bin,percent,9.0,9.1,0.00020099800000000003
Region 4,3 wk ahead,Bin,percent,9.1,9.2,0.000500995
Region 4,3 wk ahead,Bin,percent,9.2,9.3,0.000500995
Region 4,3 wk ahead,Bin,percent,9.3,9.4,0.000300997
Region 4,3 wk ahead,Bin,percent,9.4,9.5,0.00020099800000000003
Region 4,3 wk ahead,Bin,percent,9.5,9.6,0.00010099900000000001
Region 4,3 wk ahead,Bin,percent,9.6,9.7,1.0000000000000002e-06
Region 4,3 wk ahead,Bin,percent,9.7,9.8,0.000300997
Region 4,3 wk ahead,Bin,percent,9.8,9.9,0.00010099900000000001
Region 4,3 wk ahead,Bin,percent,9.9,10.0,0.00010099900000000001
Region 4,3 wk ahead,Bin,percent,10.0,10.1,0.000300997
Region 4,3 wk ahead,Bin,percent,10.1,10.2,0.00010099900000000001
Region 4,3 wk ahead,Bin,percent,10.2,10.3,1.0000000000000002e-06
Region 4,3 wk ahead,Bin,percent,10.3,10.4,0.00020099800000000003
Region 4,3 wk ahead,Bin,percent,10.4,10.5,1.0000000000000002e-06
Region 4,3 wk ahead,Bin,percent,10.5,10.6,1.0000000000000002e-06
Region 4,3 wk ahead,Bin,percent,10.6,10.7,0.00020099800000000003
Region 4,3 wk ahead,Bin,percent,10.7,10.8,0.00010099900000000001
Region 4,3 wk ahead,Bin,percent,10.8,10.9,0.00010099900000000001
Region 4,3 wk ahead,Bin,percent,10.9,11.0,0.00010099900000000001
Region 4,3 wk ahead,Bin,percent,11.0,11.1,0.00010099900000000001
Region 4,3 wk ahead,Bin,percent,11.1,11.2,0.00010099900000000001
Region 4,3 wk ahead,Bin,percent,11.2,11.3,0.00010099900000000001
Region 4,3 wk ahead,Bin,percent,11.3,11.4,1.0000000000000002e-06
Region 4,3 wk ahead,Bin,percent,11.4,11.5,1.0000000000000002e-06
Region 4,3 wk ahead,Bin,percent,11.5,11.6,0.00010099900000000001
Region 4,3 wk ahead,Bin,percent,11.6,11.7,0.00010099900000000001
Region 4,3 wk ahead,Bin,percent,11.7,11.8,1.0000000000000002e-06
Region 4,3 wk ahead,Bin,percent,11.8,11.9,0.00020099800000000003
Region 4,3 wk ahead,Bin,percent,11.9,12.0,0.00020099800000000003
Region 4,3 wk ahead,Bin,percent,12.0,12.1,0.00010099900000000001
Region 4,3 wk ahead,Bin,percent,12.1,12.2,1.0000000000000002e-06
Region 4,3 wk ahead,Bin,percent,12.2,12.3,1.0000000000000002e-06
Region 4,3 wk ahead,Bin,percent,12.3,12.4,1.0000000000000002e-06
Region 4,3 wk ahead,Bin,percent,12.4,12.5,1.0000000000000002e-06
Region 4,3 wk ahead,Bin,percent,12.5,12.6,1.0000000000000002e-06
Region 4,3 wk ahead,Bin,percent,12.6,12.7,1.0000000000000002e-06
Region 4,3 wk ahead,Bin,percent,12.7,12.8,1.0000000000000002e-06
Region 4,3 wk ahead,Bin,percent,12.8,12.9,1.0000000000000002e-06
Region 4,3 wk ahead,Bin,percent,12.9,13.0,0.00010099900000000001
Region 4,3 wk ahead,Bin,percent,13.0,100,0.000900991
Region 4,4 wk ahead,Point,percent,,,2.328952973674455
Region 4,4 wk ahead,Bin,percent,0.0,0.1,1.0000000000000002e-06
Region 4,4 wk ahead,Bin,percent,0.1,0.2,1.0000000000000002e-06
Region 4,4 wk ahead,Bin,percent,0.2,0.3,1.0000000000000002e-06
Region 4,4 wk ahead,Bin,percent,0.3,0.4,1.0000000000000002e-06
Region 4,4 wk ahead,Bin,percent,0.4,0.5,1.0000000000000002e-06
Region 4,4 wk ahead,Bin,percent,0.5,0.6,1.0000000000000002e-06
Region 4,4 wk ahead,Bin,percent,0.6,0.7,1.0000000000000002e-06
Region 4,4 wk ahead,Bin,percent,0.7,0.8,1.0000000000000002e-06
Region 4,4 wk ahead,Bin,percent,0.8,0.9,1.0000000000000002e-06
Region 4,4 wk ahead,Bin,percent,0.9,1.0,1.0000000000000002e-06
Region 4,4 wk ahead,Bin,percent,1.0,1.1,1.0000000000000002e-06
Region 4,4 wk ahead,Bin,percent,1.1,1.2,1.0000000000000002e-06
Region 4,4 wk ahead,Bin,percent,1.2,1.3,1.0000000000000002e-06
Region 4,4 wk ahead,Bin,percent,1.3,1.4,1.0000000000000002e-06
Region 4,4 wk ahead,Bin,percent,1.4,1.5,1.0000000000000002e-06
Region 4,4 wk ahead,Bin,percent,1.5,1.6,1.0000000000000002e-06
Region 4,4 wk ahead,Bin,percent,1.6,1.7,1.0000000000000002e-06
Region 4,4 wk ahead,Bin,percent,1.7,1.8,1.0000000000000002e-06
Region 4,4 wk ahead,Bin,percent,1.8,1.9,0.00010099900000000001
Region 4,4 wk ahead,Bin,percent,1.9,2.0,1.0000000000000002e-06
Region 4,4 wk ahead,Bin,percent,2.0,2.1,0.00010099900000000001
Region 4,4 wk ahead,Bin,percent,2.1,2.2,0.000400996
Region 4,4 wk ahead,Bin,percent,2.2,2.3,0.000500995
Region 4,4 wk ahead,Bin,percent,2.3,2.4,0.00100099
Region 4,4 wk ahead,Bin,percent,2.4,2.5,0.001500985
Region 4,4 wk ahead,Bin,percent,2.5,2.6,0.002300977
Region 4,4 wk ahead,Bin,percent,2.6,2.7,0.00300097
Region 4,4 wk ahead,Bin,percent,2.7,2.8,0.004200958
Region 4,4 wk ahead,Bin,percent,2.8,2.9,0.0050009500000000005
Region 4,4 wk ahead,Bin,percent,2.9,3.0,0.006000940000000001
Region 4,4 wk ahead,Bin,percent,3.0,3.1,0.006900931000000001
Region 4,4 wk ahead,Bin,percent,3.1,3.2,0.007500925
Region 4,4 wk ahead,Bin,percent,3.2,3.3,0.007700923
Region 4,4 wk ahead,Bin,percent,3.3,3.4,0.006600934
Region 4,4 wk ahead,Bin,percent,3.4,3.5,0.006800932
Region 4,4 wk ahead,Bin,percent,3.5,3.6,0.007100929000000001
Region 4,4 wk ahead,Bin,percent,3.6,3.7,0.006000940000000001
Region 4,4 wk ahead,Bin,percent,3.7,3.8,0.0050009500000000005
Region 4,4 wk ahead,Bin,percent,3.8,3.9,0.0051009490000000005
Region 4,4 wk ahead,Bin,percent,3.9,4.0,0.0039009610000000005
Region 4,4 wk ahead,Bin,percent,4.0,4.1,0.003100969
Region 4,4 wk ahead,Bin,percent,4.1,4.2,0.0028009719999999997
Region 4,4 wk ahead,Bin,percent,4.2,4.3,0.0020009800000000003
Region 4,4 wk ahead,Bin,percent,4.3,4.4,0.001400986
Region 4,4 wk ahead,Bin,percent,4.4,4.5,0.000900991
Region 4,4 wk ahead,Bin,percent,4.5,4.6,0.0007009929999999999
Region 4,4 wk ahead,Bin,percent,4.6,4.7,0.000400996
Region 4,4 wk ahead,Bin,percent,4.7,4.8,0.000900991
Region 4,4 wk ahead,Bin,percent,4.8,4.9,0.000300997
Region 4,4 wk ahead,Bin,percent,4.9,5.0,0.00020099800000000003
Region 4,4 wk ahead,Bin,percent,5.0,5.1,0.00020099800000000003
Region 4,4 wk ahead,Bin,percent,5.1,5.2,0.00020099800000000003
Region 4,4 wk ahead,Bin,percent,5.2,5.3,0.00010099900000000001
Region 4,4 wk ahead,Bin,percent,5.3,5.4,0.00010099900000000001
Region 4,4 wk ahead,Bin,percent,5.4,5.5,1.0000000000000002e-06
Region 4,4 wk ahead,Bin,percent,5.5,5.6,1.0000000000000002e-06
Region 4,4 wk ahead,Bin,percent,5.6,5.7,1.0000000000000002e-06
Region 4,4 wk ahead,Bin,percent,5.7,5.8,1.0000000000000002e-06
Region 4,4 wk ahead,Bin,percent,5.8,5.9,1.0000000000000002e-06
Region 4,4 wk ahead,Bin,percent,5.9,6.0,1.0000000000000002e-06
Region 4,4 wk ahead,Bin,percent,6.0,6.1,1.0000000000000002e-06
Region 4,4 wk ahead,Bin,percent,6.1,6.2,1.0000000000000002e-06
Region 4,4 wk ahead,Bin,percent,6.2,6.3,1.0000000000000002e-06
Region 4,4 wk ahead,Bin,percent,6.3,6.4,1.0000000000000002e-06
Region 4,4 wk ahead,Bin,percent,6.4,6.5,1.0000000000000002e-06
Region 4,4 wk ahead,Bin,percent,6.5,6.6,1.0000000000000002e-06
Region 4,4 wk ahead,Bin,percent,6.6,6.7,1.0000000000000002e-06
Region 4,4 wk ahead,Bin,percent,6.7,6.8,1.0000000000000002e-06
Region 4,4 wk ahead,Bin,percent,6.8,6.9,1.0000000000000002e-06
Region 4,4 wk ahead,Bin,percent,6.9,7.0,1.0000000000000002e-06
Region 4,4 wk ahead,Bin,percent,7.0,7.1,1.0000000000000002e-06
Region 4,4 wk ahead,Bin,percent,7.1,7.2,1.0000000000000002e-06
Region 4,4 wk ahead,Bin,percent,7.2,7.3,1.0000000000000002e-06
Region 4,4 wk ahead,Bin,percent,7.3,7.4,1.0000000000000002e-06
Region 4,4 wk ahead,Bin,percent,7.4,7.5,1.0000000000000002e-06
Region 4,4 wk ahead,Bin,percent,7.5,7.6,1.0000000000000002e-06
Region 4,4 wk ahead,Bin,percent,7.6,7.7,1.0000000000000002e-06
Region 4,4 wk ahead,Bin,percent,7.7,7.8,1.0000000000000002e-06
Region 4,4 wk ahead,Bin,percent,7.8,7.9,1.0000000000000002e-06
Region 4,4 wk ahead,Bin,percent,7.9,8.0,1.0000000000000002e-06
Region 4,4 wk ahead,Bin,percent,8.0,8.1,1.0000000000000002e-06
Region 4,4 wk ahead,Bin,percent,8.1,8.2,1.0000000000000002e-06
Region 4,4 wk ahead,Bin,percent,8.2,8.3,1.0000000000000002e-06
Region 4,4 wk ahead,Bin,percent,8.3,8.4,1.0000000000000002e-06
Region 4,4 wk ahead,Bin,percent,8.4,8.5,1.0000000000000002e-06
Region 4,4 wk ahead,Bin,percent,8.5,8.6,1.0000000000000002e-06
Region 4,4 wk ahead,Bin,percent,8.6,8.7,1.0000000000000002e-06
Region 4,4 wk ahead,Bin,percent,8.7,8.8,1.0000000000000002e-06
Region 4,4 wk ahead,Bin,percent,8.8,8.9,1.0000000000000002e-06
Region 4,4 wk ahead,Bin,percent,8.9,9.0,1.0000000000000002e-06
Region 4,4 wk ahead,Bin,percent,9.0,9.1,1.0000000000000002e-06
Region 4,4 wk ahead,Bin,percent,9.1,9.2,1.0000000000000002e-06
Region 4,4 wk ahead,Bin,percent,9.2,9.3,1.0000000000000002e-06
Region 4,4 wk ahead,Bin,percent,9.3,9.4,1.0000000000000002e-06
Region 4,4 wk ahead,Bin,percent,9.4,9.5,1.0000000000000002e-06
Region 4,4 wk ahead,Bin,percent,9.5,9.6,1.0000000000000002e-06
Region 4,4 wk ahead,Bin,percent,9.6,9.7,1.0000000000000002e-06
Region 4,4 wk ahead,Bin,percent,9.7,9.8,1.0000000000000002e-06
Region 4,4 wk ahead,Bin,percent,9.8,9.9,1.0000000000000002e-06
Region 4,4 wk ahead,Bin,percent,9.9,10.0,1.0000000000000002e-06
Region 4,4 wk ahead,Bin,percent,10.0,10.1,1.0000000000000002e-06
Region 4,4 wk ahead,Bin,percent,10.1,10.2,1.0000000000000002e-06
Region 4,4 wk ahead,Bin,percent,10.2,10.3,1.0000000000000002e-06
Region 4,4 wk ahead,Bin,percent,10.3,10.4,1.0000000000000002e-06
Region 4,4 wk ahead,Bin,percent,10.4,10.5,1.0000000000000002e-06
Region 4,4 wk ahead,Bin,percent,10.5,10.6,1.0000000000000002e-06
Region 4,4 wk ahead,Bin,percent,10.6,10.7,1.0000000000000002e-06
Region 4,4 wk ahead,Bin,percent,10.7,10.8,1.0000000000000002e-06
Region 4,4 wk ahead,Bin,percent,10.8,10.9,1.0000000000000002e-06
Region 4,4 wk ahead,Bin,percent,10.9,11.0,1.0000000000000002e-06
Region 4,4 wk ahead,Bin,percent,11.0,11.1,1.0000000000000002e-06
Region 4,4 wk ahead,Bin,percent,11.1,11.2,1.0000000000000002e-06
Region 4,4 wk ahead,Bin,percent,11.2,11.3,1.0000000000000002e-06
Region 4,4 wk ahead,Bin,percent,11.3,11.4,1.0000000000000002e-06
Region 4,4 wk ahead,Bin,percent,11.4,11.5,1.0000000000000002e-06
Region 4,4 wk ahead,Bin,percent,11.5,11.6,1.0000000000000002e-06
Region 4,4 wk ahead,Bin,percent,11.6,11.7,1.0000000000000002e-06
Region 4,4 wk ahead,Bin,percent,11.7,11.8,1.0000000000000002e-06
Region 4,4 wk ahead,Bin,percent,11.8,11.9,1.0000000000000002e-06
Region 4,4 wk ahead,Bin,percent,11.9,12.0,1.0000000000000002e-06
Region 4,4 wk ahead,Bin,percent,12.0,12.1,1.0000000000000002e-06
Region 4,4 wk ahead,Bin,percent,12.1,12.2,1.0000000000000002e-06
Region 4,4 wk ahead,Bin,percent,12.2,12.3,1.0000000000000002e-06
Region 4,4 wk ahead,Bin,percent,12.3,12.4,1.0000000000000002e-06
Region 4,4 wk ahead,Bin,percent,12.4,12.5,1.0000000000000002e-06
Region 4,4 wk ahead,Bin,percent,12.5,12.6,1.0000000000000002e-06
Region 4,4 wk ahead,Bin,percent,12.6,12.7,1.0000000000000002e-06
Region 4,4 wk ahead,Bin,percent,12.7,12.8,1.0000000000000002e-06
Region 4,4 wk ahead,Bin,percent,12.8,12.9,1.0000000000000002e-06
Region 4,4 wk ahead,Bin,percent,12.9,13.0,1.0000000000000002e-06
Region 4,4 wk ahead,Bin,percent,13.0,100,1.0000000000000002e-06
Region 5,Season onset,Bin,week,none,none,0.029411765
Region 5,Season onset,Bin,week,40,41,0.029411765
Region 5,Season onset,Bin,week,41,42,0.029411765
Region 5,Season onset,Bin,week,42,43,0.029411765
Region 5,Season onset,Bin,week,43,44,0.029411765
Region 5,Season onset,Bin,week,44,45,0.029411765
Region 5,Season onset,Bin,week,45,46,0.029411765
Region 5,Season onset,Bin,week,46,47,0.029411765
Region 5,Season onset,Bin,week,47,48,0.029411765
Region 5,Season onset,Bin,week,48,49,0.029411765
Region 5,Season onset,Bin,week,49,50,0.029411765
Region 5,Season onset,Bin,week,50,51,0.029411765
Region 5,Season onset,Bin,week,51,52,0.029411765
Region 5,Season onset,Bin,week,52,53,0.029411765
Region 5,Season onset,Bin,week,1,2,0.0765
Region 5,Season onset,Bin,week,2,3,0.0765
Region 5,Season onset,Bin,week,3,4,0.0765
Region 5,Season onset,Bin,week,4,5,0.0765
Region 5,Season onset,Bin,week,5,6,0.0765
Region 5,Season onset,Bin,week,6,7,0.0765
Region 5,Season onset,Bin,week,7,8,0.0765
Region 5,Season onset,Bin,week,8,9,0.0765
Region 5,Season onset,Bin,week,9,10,0.0765
Region 5,Season onset,Bin,week,10,11,0.0765
Region 5,Season onset,Bin,week,11,12,0.0765
Region 5,Season onset,Bin,week,12,13,0.0765
Region 5,Season onset,Bin,week,13,14,0.0765
Region 5,Season onset,Bin,week,14,15,0.0765
Region 5,Season onset,Bin,week,15,16,0.0765
Region 5,Season onset,Bin,week,16,17,0.0765
Region 5,Season onset,Bin,week,17,18,0.0765
Region 5,Season onset,Bin,week,18,19,0.0765
Region 5,Season onset,Bin,week,19,20,0.0765
Region 5,Season onset,Bin,week,20,21,0.0765
Region 5,Season peak week,Bin,week,40,41,0.03030303
Region 5,Season peak week,Bin,week,41,42,0.03030303
Region 5,Season peak week,Bin,week,42,43,0.03030303
Region 5,Season peak week,Bin,week,43,44,0.03030303
Region 5,Season peak week,Bin,week,44,45,0.03030303
Region 5,Season peak week,Bin,week,45,46,0.03030303
Region 5,Season peak week,Bin,week,46,47,0.03030303
Region 5,Season peak week,Bin,week,47,48,0.03030303
Region 5,Season peak week,Bin,week,48,49,0.03030303
Region 5,Season peak week,Bin,week,49,50,0.03030303
Region 5,Season peak week,Bin,week,50,51,0.03030303
Region 5,Season peak week,Bin,week,51,52,0.03030303
Region 5,Season peak week,Bin,week,52,53,0.03030303
Region 5,Season peak week,Bin,week,1,2,0.03030303
Region 5,Season peak week,Bin,week,2,3,0.03030303
Region 5,Season peak week,Bin,week,3,4,0.03030303
Region 5,Season peak week,Bin,week,4,5,0.03030303
Region 5,Season peak week,Bin,week,5,6,0.03030303
Region 5,Season peak week,Bin,week,6,7,0.03030303
Region 5,Season peak week,Bin,week,7,8,0.03030303
Region 5,Season peak week,Bin,week,8,9,0.03030303
Region 5,Season peak week,Bin,week,9,10,0.03030303
Region 5,Season peak week,Bin,week,10,11,0.03030303
Region 5,Season peak week,Bin,week,11,12,0.03030303
Region 5,Season peak week,Bin,week,12,13,0.03030303
Region 5,Season peak week,Bin,week,13,14,0.03030303
Region 5,Season peak week,Bin,week,14,15,0.03030303
Region 5,Season peak week,Bin,week,15,16,0.03030303
Region 5,Season peak week,Bin,week,16,17,0.03030303
Region 5,Season peak week,Bin,week,17,18,0.03030303
Region 5,Season peak week,Bin,week,18,19,0.03030303
Region 5,Season peak week,Bin,week,19,20,0.03030303
Region 5,Season peak week,Bin,week,20,21,0.03030303
Region 5,Season peak percentage,Bin,percent,0.0,0.1,0.007633588
Region 5,Season peak percentage,Bin,percent,0.1,0.2,0.007633588
Region 5,Season peak percentage,Bin,percent,0.2,0.3,0.007633588
Region 5,Season peak percentage,Bin,percent,0.3,0.4,0.007633588
Region 5,Season peak percentage,Bin,percent,0.4,0.5,0.007633588
Region 5,Season peak percentage,Bin,percent,0.5,0.6,0.007633588
Region 5,Season peak percentage,Bin,percent,0.6,0.7,0.007633588
Region 5,Season peak percentage,Bin,percent,0.7,0.8,0.007633588
Region 5,Season peak percentage,Bin,percent,0.8,0.9,0.007633588
Region 5,Season peak percentage,Bin,percent,0.9,1.0,0.007633588
Region 5,Season peak percentage,Bin,percent,1.0,1.1,0.007633588
Region 5,Season peak percentage,Bin,percent,1.1,1.2,0.007633588
Region 5,Season peak percentage,Bin,percent,1.2,1.3,0.007633588
Region 5,Season peak percentage,Bin,percent,1.3,1.4,0.007633588
Region 5,Season peak percentage,Bin,percent,1.4,1.5,0.007633588
Region 5,Season peak percentage,Bin,percent,1.5,1.6,0.007633588
Region 5,Season peak percentage,Bin,percent,1.6,1.7,0.007633588
Region 5,Season peak percentage,Bin,percent,1.7,1.8,0.007633588
Region 5,Season peak percentage,Bin,percent,1.8,1.9,0.007633588
Region 5,Season peak percentage,Bin,percent,1.9,2.0,0.007633588
Region 5,Season peak percentage,Bin,percent,2.0,2.1,0.007633588
Region 5,Season peak percentage,Bin,percent,2.1,2.2,0.007633588
Region 5,Season peak percentage,Bin,percent,2.2,2.3,0.007633588
Region 5,Season peak percentage,Bin,percent,2.3,2.4,0.007633588
Region 5,Season peak percentage,Bin,percent,2.4,2.5,0.007633588
Region 5,Season peak percentage,Bin,percent,2.5,2.6,0.007633588
Region 5,Season peak percentage,Bin,percent,2.6,2.7,0.007633588
Region 5,Season peak percentage,Bin,percent,2.7,2.8,0.007633588
Region 5,Season peak percentage,Bin,percent,2.8,2.9,0.007633588
Region 5,Season peak percentage,Bin,percent,2.9,3.0,0.007633588
Region 5,Season peak percentage,Bin,percent,3.0,3.1,0.007633588
Region 5,Season peak percentage,Bin,percent,3.1,3.2,0.007633588
Region 5,Season peak percentage,Bin,percent,3.2,3.3,0.007633588
Region 5,Season peak percentage,Bin,percent,3.3,3.4,0.007633588
Region 5,Season peak percentage,Bin,percent,3.4,3.5,0.007633588
Region 5,Season peak percentage,Bin,percent,3.5,3.6,0.007633588
Region 5,Season peak percentage,Bin,percent,3.6,3.7,0.007633588
Region 5,Season peak percentage,Bin,percent,3.7,3.8,0.007633588
Region 5,Season peak percentage,Bin,percent,3.8,3.9,0.007633588
Region 5,Season peak percentage,Bin,percent,3.9,4.0,0.007633588
Region 5,Season peak percentage,Bin,percent,4.0,4.1,0.007633588
Region 5,Season peak percentage,Bin,percent,4.1,4.2,0.007633588
Region 5,Season peak percentage,Bin,percent,4.2,4.3,0.007633588
Region 5,Season peak percentage,Bin,percent,4.3,4.4,0.007633588
Region 5,Season peak percentage,Bin,percent,4.4,4.5,0.007633588
Region 5,Season peak percentage,Bin,percent,4.5,4.6,0.007633588
Region 5,Season peak percentage,Bin,percent,4.6,4.7,0.007633588
Region 5,Season peak percentage,Bin,percent,4.7,4.8,0.007633588
Region 5,Season peak percentage,Bin,percent,4.8,4.9,0.007633588
Region 5,Season peak percentage,Bin,percent,4.9,5.0,0.007633588
Region 5,Season peak percentage,Bin,percent,5.0,5.1,0.007633588
Region 5,Season peak percentage,Bin,percent,5.1,5.2,0.007633588
Region 5,Season peak percentage,Bin,percent,5.2,5.3,0.007633588
Region 5,Season peak percentage,Bin,percent,5.3,5.4,0.007633588
Region 5,Season peak percentage,Bin,percent,5.4,5.5,0.007633588
Region 5,Season peak percentage,Bin,percent,5.5,5.6,0.007633588
Region 5,Season peak percentage,Bin,percent,5.6,5.7,0.007633588
Region 5,Season peak percentage,Bin,percent,5.7,5.8,0.007633588
Region 5,Season peak percentage,Bin,percent,5.8,5.9,0.007633588
Region 5,Season peak percentage,Bin,percent,5.9,6.0,0.007633588
Region 5,Season peak percentage,Bin,percent,6.0,6.1,0.007633588
Region 5,Season peak percentage,Bin,percent,6.1,6.2,0.007633588
Region 5,Season peak percentage,Bin,percent,6.2,6.3,0.007633588
Region 5,Season peak percentage,Bin,percent,6.3,6.4,0.007633588
Region 5,Season peak percentage,Bin,percent,6.4,6.5,0.007633588
Region 5,Season peak percentage,Bin,percent,6.5,6.6,0.007633588
Region 5,Season peak percentage,Bin,percent,6.6,6.7,0.007633588
Region 5,Season peak percentage,Bin,percent,6.7,6.8,0.007633588
Region 5,Season peak percentage,Bin,percent,6.8,6.9,0.007633588
Region 5,Season peak percentage,Bin,percent,6.9,7.0,0.007633588
Region 5,Season peak percentage,Bin,percent,7.0,7.1,0.007633588
Region 5,Season peak percentage,Bin,percent,7.1,7.2,0.007633588
Region 5,Season peak percentage,Bin,percent,7.2,7.3,0.007633588
Region 5,Season peak percentage,Bin,percent,7.3,7.4,0.007633588
Region 5,Season peak percentage,Bin,percent,7.4,7.5,0.007633588
Region 5,Season peak percentage,Bin,percent,7.5,7.6,0.007633588
Region 5,Season peak percentage,Bin,percent,7.6,7.7,0.007633588
Region 5,Season peak percentage,Bin,percent,7.7,7.8,0.007633588
Region 5,Season peak percentage,Bin,percent,7.8,7.9,0.007633588
Region 5,Season peak percentage,Bin,percent,7.9,8.0,0.007633588
Region 5,Season peak percentage,Bin,percent,8.0,8.1,0.007633588
Region 5,Season peak percentage,Bin,percent,8.1,8.2,0.007633588
Region 5,Season peak percentage,Bin,percent,8.2,8.3,0.007633588
Region 5,Season peak percentage,Bin,percent,8.3,8.4,0.007633588
Region 5,Season peak percentage,Bin,percent,8.4,8.5,0.007633588
Region 5,Season peak percentage,Bin,percent,8.5,8.6,0.007633588
Region 5,Season peak percentage,Bin,percent,8.6,8.7,0.007633588
Region 5,Season peak percentage,Bin,percent,8.7,8.8,0.007633588
Region 5,Season peak percentage,Bin,percent,8.8,8.9,0.007633588
Region 5,Season peak percentage,Bin,percent,8.9,9.0,0.007633588
Region 5,Season peak percentage,Bin,percent,9.0,9.1,0.007633588
Region 5,Season peak percentage,Bin,percent,9.1,9.2,0.007633588
Region 5,Season peak percentage,Bin,percent,9.2,9.3,0.007633588
Region 5,Season peak percentage,Bin,percent,9.3,9.4,0.007633588
Region 5,Season peak percentage,Bin,percent,9.4,9.5,0.007633588
Region 5,Season peak percentage,Bin,percent,9.5,9.6,0.007633588
Region 5,Season peak percentage,Bin,percent,9.6,9.7,0.007633588
Region 5,Season peak percentage,Bin,percent,9.7,9.8,0.007633588
Region 5,Season peak percentage,Bin,percent,9.8,9.9,0.007633588
Region 5,Season peak percentage,Bin,percent,9.9,10.0,0.007633588
Region 5,Season peak percentage,Bin,percent,10.0,10.1,0.007633588
Region 5,Season peak percentage,Bin,percent,10.1,10.2,0.007633588
Region 5,Season peak percentage,Bin,percent,10.2,10.3,0.007633588
Region 5,Season peak percentage,Bin,percent,10.3,10.4,0.007633588
Region 5,Season peak percentage,Bin,percent,10.4,10.5,0.007633588
Region 5,Season peak percentage,Bin,percent,10.5,10.6,0.007633588
Region 5,Season peak percentage,Bin,percent,10.6,10.7,0.007633588
Region 5,Season peak percentage,Bin,percent,10.7,10.8,0.007633588
Region 5,Season peak percentage,Bin,percent,10.8,10.9,0.007633588
Region 5,Season peak percentage,Bin,percent,10.9,11.0,0.007633588
Region 5,Season peak percentage,Bin,percent,11.0,11.1,0.007633588
Region 5,Season peak percentage,Bin,percent,11.1,11.2,0.007633588
Region 5,Season peak percentage,Bin,percent,11.2,11.3,0.007633588
Region 5,Season peak percentage,Bin,percent,11.3,11.4,0.007633588
Region 5,Season peak percentage,Bin,percent,11.4,11.5,0.007633588
Region 5,Season peak percentage,Bin,percent,11.5,11.6,0.007633588
Region 5,Season peak percentage,Bin,percent,11.6,11.7,0.007633588
Region 5,Season peak percentage,Bin,percent,11.7,11.8,0.007633588
Region 5,Season peak percentage,Bin,percent,11.8,11.9,0.007633588
Region 5,Season peak percentage,Bin,percent,11.9,12.0,0.007633588
Region 5,Season peak percentage,Bin,percent,12.0,12.1,0.007633588
Region 5,Season peak percentage,Bin,percent,12.1,12.2,0.007633588
Region 5,Season peak percentage,Bin,percent,12.2,12.3,0.007633588
Region 5,Season peak percentage,Bin,percent,12.3,12.4,0.007633588
Region 5,Season peak percentage,Bin,percent,12.4,12.5,0.007633588
Region 5,Season peak percentage,Bin,percent,12.5,12.6,0.007633588
Region 5,Season peak percentage,Bin,percent,12.6,12.7,0.007633588
Region 5,Season peak percentage,Bin,percent,12.7,12.8,0.007633588
Region 5,Season peak percentage,Bin,percent,12.8,12.9,0.007633588
Region 5,Season peak percentage,Bin,percent,12.9,13.0,0.007633588
Region 5,Season peak percentage,Bin,percent,13.0,100.0,0.007633588
Region 5,1 wk ahead,Point,percent,,,1.8598625468550294
Region 5,1 wk ahead,Bin,percent,0.0,0.1,1.0000000000000002e-06
Region 5,1 wk ahead,Bin,percent,0.1,0.2,1.0000000000000002e-06
Region 5,1 wk ahead,Bin,percent,0.2,0.3,1.0000000000000002e-06
Region 5,1 wk ahead,Bin,percent,0.3,0.4,1.0000000000000002e-06
Region 5,1 wk ahead,Bin,percent,0.4,0.5,1.0000000000000002e-06
Region 5,1 wk ahead,Bin,percent,0.5,0.6,1.0000000000000002e-06
Region 5,1 wk ahead,Bin,percent,0.6,0.7,1.0000000000000002e-06
Region 5,1 wk ahead,Bin,percent,0.7,0.8,1.0000000000000002e-06
Region 5,1 wk ahead,Bin,percent,0.8,0.9,1.0000000000000002e-06
Region 5,1 wk ahead,Bin,percent,0.9,1.0,1.0000000000000002e-06
Region 5,1 wk ahead,Bin,percent,1.0,1.1,1.0000000000000002e-06
Region 5,1 wk ahead,Bin,percent,1.1,1.2,1.0000000000000002e-06
Region 5,1 wk ahead,Bin,percent,1.2,1.3,1.0000000000000002e-06
Region 5,1 wk ahead,Bin,percent,1.3,1.4,1.0000000000000002e-06
Region 5,1 wk ahead,Bin,percent,1.4,1.5,1.0000000000000002e-06
Region 5,1 wk ahead,Bin,percent,1.5,1.6,1.0000000000000002e-06
Region 5,1 wk ahead,Bin,percent,1.6,1.7,1.0000000000000002e-06
Region 5,1 wk ahead,Bin,percent,1.7,1.8,1.0000000000000002e-06
Region 5,1 wk ahead,Bin,percent,1.8,1.9,1.0000000000000002e-06
Region 5,1 wk ahead,Bin,percent,1.9,2.0,1.0000000000000002e-06
Region 5,1 wk ahead,Bin,percent,2.0,2.1,1.0000000000000002e-06
Region 5,1 wk ahead,Bin,percent,2.1,2.2,1.0000000000000002e-06
Region 5,1 wk ahead,Bin,percent,2.2,2.3,1.0000000000000002e-06
Region 5,1 wk ahead,Bin,percent,2.3,2.4,1.0000000000000002e-06
Region 5,1 wk ahead,Bin,percent,2.4,2.5,1.0000000000000002e-06
Region 5,1 wk ahead,Bin,percent,2.5,2.6,1.0000000000000002e-06
Region 5,1 wk ahead,Bin,percent,2.6,2.7,1.0000000000000002e-06
Region 5,1 wk ahead,Bin,percent,2.7,2.8,1.0000000000000002e-06
Region 5,1 wk ahead,Bin,percent,2.8,2.9,0.000400996
Region 5,1 wk ahead,Bin,percent,2.9,3.0,0.000500995
Region 5,1 wk ahead,Bin,percent,3.0,3.1,0.00100099
Region 5,1 wk ahead,Bin,percent,3.1,3.2,0.001700983
Region 5,1 wk ahead,Bin,percent,3.2,3.3,0.0035009650000000004
Region 5,1 wk ahead,Bin,percent,3.3,3.4,0.005600944
Region 5,1 wk ahead,Bin,percent,3.4,3.5,0.005600944
Region 5,1 wk ahead,Bin,percent,3.5,3.6,0.009700903
Region 5,1 wk ahead,Bin,percent,3.6,3.7,0.014300857
Region 5,1 wk ahead,Bin,percent,3.7,3.8,0.014100859000000002
Region 5,1 wk ahead,Bin,percent,3.8,3.9,0.010700893
Region 5,1 wk ahead,Bin,percent,3.9,4.0,0.011000890000000001
Region 5,1 wk ahead,Bin,percent,4.0,4.1,0.006800932
Region 5,1 wk ahead,Bin,percent,4.1,4.2,0.005400946
Region 5,1 wk ahead,Bin,percent,4.2,4.3,0.00300097
Region 5,1 wk ahead,Bin,percent,4.3,4.4,0.0028009719999999997
Region 5,1 wk ahead,Bin,percent,4.4,4.5,0.001500985
Region 5,1 wk ahead,Bin,percent,4.5,4.6,0.001200988
Region 5,1 wk ahead,Bin,percent,4.6,4.7,0.000300997
Region 5,1 wk ahead,Bin,percent,4.7,4.8,0.00010099900000000001
Region 5,1 wk ahead,Bin,percent,4.8,4.9,0.000300997
Region 5,1 wk ahead,Bin,percent,4.9,5.0,0.000300997
Region 5,1 wk ahead,Bin,percent,5.0,5.1,0.00010099900000000001
Region 5,1 wk ahead,Bin,percent,5.1,5.2,0.00010099900000000001
Region 5,1 wk ahead,Bin,percent,5.2,5.3,1.0000000000000002e-06
Region 5,1 wk ahead,Bin,percent,5.3,5.4,1.0000000000000002e-06
Region 5,1 wk ahead,Bin,percent,5.4,5.5,1.0000000000000002e-06
Region 5,1 wk ahead,Bin,percent,5.5,5.6,1.0000000000000002e-06
Region 5,1 wk ahead,Bin,percent,5.6,5.7,1.0000000000000002e-06
Region 5,1 wk ahead,Bin,percent,5.7,5.8,1.0000000000000002e-06
Region 5,1 wk ahead,Bin,percent,5.8,5.9,1.0000000000000002e-06
Region 5,1 wk ahead,Bin,percent,5.9,6.0,1.0000000000000002e-06
Region 5,1 wk ahead,Bin,percent,6.0,6.1,1.0000000000000002e-06
Region 5,1 wk ahead,Bin,percent,6.1,6.2,1.0000000000000002e-06
Region 5,1 wk ahead,Bin,percent,6.2,6.3,1.0000000000000002e-06
Region 5,1 wk ahead,Bin,percent,6.3,6.4,1.0000000000000002e-06
Region 5,1 wk ahead,Bin,percent,6.4,6.5,1.0000000000000002e-06
Region 5,1 wk ahead,Bin,percent,6.5,6.6,1.0000000000000002e-06
Region 5,1 wk ahead,Bin,percent,6.6,6.7,1.0000000000000002e-06
Region 5,1 wk ahead,Bin,percent,6.7,6.8,1.0000000000000002e-06
Region 5,1 wk ahead,Bin,percent,6.8,6.9,1.0000000000000002e-06
Region 5,1 wk ahead,Bin,percent,6.9,7.0,1.0000000000000002e-06
Region 5,1 wk ahead,Bin,percent,7.0,7.1,1.0000000000000002e-06
Region 5,1 wk ahead,Bin,percent,7.1,7.2,1.0000000000000002e-06
Region 5,1 wk ahead,Bin,percent,7.2,7.3,1.0000000000000002e-06
Region 5,1 wk ahead,Bin,percent,7.3,7.4,1.0000000000000002e-06
Region 5,1 wk ahead,Bin,percent,7.4,7.5,1.0000000000000002e-06
Region 5,1 wk ahead,Bin,percent,7.5,7.6,1.0000000000000002e-06
Region 5,1 wk ahead,Bin,percent,7.6,7.7,1.0000000000000002e-06
Region 5,1 wk ahead,Bin,percent,7.7,7.8,1.0000000000000002e-06
Region 5,1 wk ahead,Bin,percent,7.8,7.9,1.0000000000000002e-06
Region 5,1 wk ahead,Bin,percent,7.9,8.0,1.0000000000000002e-06
Region 5,1 wk ahead,Bin,percent,8.0,8.1,1.0000000000000002e-06
Region 5,1 wk ahead,Bin,percent,8.1,8.2,1.0000000000000002e-06
Region 5,1 wk ahead,Bin,percent,8.2,8.3,1.0000000000000002e-06
Region 5,1 wk ahead,Bin,percent,8.3,8.4,1.0000000000000002e-06
Region 5,1 wk ahead,Bin,percent,8.4,8.5,1.0000000000000002e-06
Region 5,1 wk ahead,Bin,percent,8.5,8.6,1.0000000000000002e-06
Region 5,1 wk ahead,Bin,percent,8.6,8.7,1.0000000000000002e-06
Region 5,1 wk ahead,Bin,percent,8.7,8.8,1.0000000000000002e-06
Region 5,1 wk ahead,Bin,percent,8.8,8.9,1.0000000000000002e-06
Region 5,1 wk ahead,Bin,percent,8.9,9.0,1.0000000000000002e-06
Region 5,1 wk ahead,Bin,percent,9.0,9.1,1.0000000000000002e-06
Region 5,1 wk ahead,Bin,percent,9.1,9.2,1.0000000000000002e-06
Region 5,1 wk ahead,Bin,percent,9.2,9.3,1.0000000000000002e-06
Region 5,1 wk ahead,Bin,percent,9.3,9.4,1.0000000000000002e-06
Region 5,1 wk ahead,Bin,percent,9.4,9.5,1.0000000000000002e-06
Region 5,1 wk ahead,Bin,percent,9.5,9.6,1.0000000000000002e-06
Region 5,1 wk ahead,Bin,percent,9.6,9.7,1.0000000000000002e-06
Region 5,1 wk ahead,Bin,percent,9.7,9.8,1.0000000000000002e-06
Region 5,1 wk ahead,Bin,percent,9.8,9.9,1.0000000000000002e-06
Region 5,1 wk ahead,Bin,percent,9.9,10.0,1.0000000000000002e-06
Region 5,1 wk ahead,Bin,percent,10.0,10.1,1.0000000000000002e-06
Region 5,1 wk ahead,Bin,percent,10.1,10.2,1.0000000000000002e-06
Region 5,1 wk ahead,Bin,percent,10.2,10.3,1.0000000000000002e-06
Region 5,1 wk ahead,Bin,percent,10.3,10.4,1.0000000000000002e-06
Region 5,1 wk ahead,Bin,percent,10.4,10.5,1.0000000000000002e-06
Region 5,1 wk ahead,Bin,percent,10.5,10.6,1.0000000000000002e-06
Region 5,1 wk ahead,Bin,percent,10.6,10.7,1.0000000000000002e-06
Region 5,1 wk ahead,Bin,percent,10.7,10.8,1.0000000000000002e-06
Region 5,1 wk ahead,Bin,percent,10.8,10.9,1.0000000000000002e-06
Region 5,1 wk ahead,Bin,percent,10.9,11.0,1.0000000000000002e-06
Region 5,1 wk ahead,Bin,percent,11.0,11.1,1.0000000000000002e-06
Region 5,1 wk ahead,Bin,percent,11.1,11.2,1.0000000000000002e-06
Region 5,1 wk ahead,Bin,percent,11.2,11.3,1.0000000000000002e-06
Region 5,1 wk ahead,Bin,percent,11.3,11.4,1.0000000000000002e-06
Region 5,1 wk ahead,Bin,percent,11.4,11.5,1.0000000000000002e-06
Region 5,1 wk ahead,Bin,percent,11.5,11.6,1.0000000000000002e-06
Region 5,1 wk ahead,Bin,percent,11.6,11.7,1.0000000000000002e-06
Region 5,1 wk ahead,Bin,percent,11.7,11.8,1.0000000000000002e-06
Region 5,1 wk ahead,Bin,percent,11.8,11.9,1.0000000000000002e-06
Region 5,1 wk ahead,Bin,percent,11.9,12.0,1.0000000000000002e-06
Region 5,1 wk ahead,Bin,percent,12.0,12.1,1.0000000000000002e-06
Region 5,1 wk ahead,Bin,percent,12.1,12.2,1.0000000000000002e-06
Region 5,1 wk ahead,Bin,percent,12.2,12.3,1.0000000000000002e-06
Region 5,1 wk ahead,Bin,percent,12.3,12.4,1.0000000000000002e-06
Region 5,1 wk ahead,Bin,percent,12.4,12.5,1.0000000000000002e-06
Region 5,1 wk ahead,Bin,percent,12.5,12.6,1.0000000000000002e-06
Region 5,1 wk ahead,Bin,percent,12.6,12.7,1.0000000000000002e-06
Region 5,1 wk ahead,Bin,percent,12.7,12.8,1.0000000000000002e-06
Region 5,1 wk ahead,Bin,percent,12.8,12.9,1.0000000000000002e-06
Region 5,1 wk ahead,Bin,percent,12.9,13.0,1.0000000000000002e-06
Region 5,1 wk ahead,Bin,percent,13.0,100,1.0000000000000002e-06
Region 5,2 wk ahead,Point,percent,,,2.305738460419317
Region 5,2 wk ahead,Bin,percent,0.0,0.1,0.029300707000000002
Region 5,2 wk ahead,Bin,percent,0.1,0.2,0.00100099
Region 5,2 wk ahead,Bin,percent,0.2,0.3,0.000600994
Region 5,2 wk ahead,Bin,percent,0.3,0.4,0.00010099900000000001
Region 5,2 wk ahead,Bin,percent,0.4,0.5,0.000400996
Region 5,2 wk ahead,Bin,percent,0.5,0.6,0.000300997
Region 5,2 wk ahead,Bin,percent,0.6,0.7,0.00020099800000000003
Region 5,2 wk ahead,Bin,percent,0.7,0.8,0.00020099800000000003
Region 5,2 wk ahead,Bin,percent,0.8,0.9,0.00010099900000000001
Region 5,2 wk ahead,Bin,percent,0.9,1.0,0.00010099900000000001
Region 5,2 wk ahead,Bin,percent,1.0,1.1,0.00010099900000000001
Region 5,2 wk ahead,Bin,percent,1.1,1.2,1.0000000000000002e-06
Region 5,2 wk ahead,Bin,percent,1.2,1.3,1.0000000000000002e-06
Region 5,2 wk ahead,Bin,percent,1.3,1.4,1.0000000000000002e-06
Region 5,2 wk ahead,Bin,percent,1.4,1.5,1.0000000000000002e-06
Region 5,2 wk ahead,Bin,percent,1.5,1.6,0.00010099900000000001
Region 5,2 wk ahead,Bin,percent,1.6,1.7,1.0000000000000002e-06
Region 5,2 wk ahead,Bin,percent,1.7,1.8,1.0000000000000002e-06
Region 5,2 wk ahead,Bin,percent,1.8,1.9,1.0000000000000002e-06
Region 5,2 wk ahead,Bin,percent,1.9,2.0,0.00010099900000000001
Region 5,2 wk ahead,Bin,percent,2.0,2.1,1.0000000000000002e-06
Region 5,2 wk ahead,Bin,percent,2.1,2.2,1.0000000000000002e-06
Region 5,2 wk ahead,Bin,percent,2.2,2.3,0.00010099900000000001
Region 5,2 wk ahead,Bin,percent,2.3,2.4,0.00010099900000000001
Region 5,2 wk ahead,Bin,percent,2.4,2.5,1.0000000000000002e-06
Region 5,2 wk ahead,Bin,percent,2.5,2.6,0.00010099900000000001
Region 5,2 wk ahead,Bin,percent,2.6,2.7,0.000300997
Region 5,2 wk ahead,Bin,percent,2.7,2.8,0.00010099900000000001
Region 5,2 wk ahead,Bin,percent,2.8,2.9,1.0000000000000002e-06
Region 5,2 wk ahead,Bin,percent,2.9,3.0,0.00010099900000000001
Region 5,2 wk ahead,Bin,percent,3.0,3.1,1.0000000000000002e-06
Region 5,2 wk ahead,Bin,percent,3.1,3.2,1.0000000000000002e-06
Region 5,2 wk ahead,Bin,percent,3.2,3.3,1.0000000000000002e-06
Region 5,2 wk ahead,Bin,percent,3.3,3.4,1.0000000000000002e-06
Region 5,2 wk ahead,Bin,percent,3.4,3.5,1.0000000000000002e-06
Region 5,2 wk ahead,Bin,percent,3.5,3.6,1.0000000000000002e-06
Region 5,2 wk ahead,Bin,percent,3.6,3.7,0.00010099900000000001
Region 5,2 wk ahead,Bin,percent,3.7,3.8,0.00010099900000000001
Region 5,2 wk ahead,Bin,percent,3.8,3.9,0.00010099900000000001
Region 5,2 wk ahead,Bin,percent,3.9,4.0,1.0000000000000002e-06
Region 5,2 wk ahead,Bin,percent,4.0,4.1,1.0000000000000002e-06
Region 5,2 wk ahead,Bin,percent,4.1,4.2,1.0000000000000002e-06
Region 5,2 wk ahead,Bin,percent,4.2,4.3,0.00010099900000000001
Region 5,2 wk ahead,Bin,percent,4.3,4.4,1.0000000000000002e-06
Region 5,2 wk ahead,Bin,percent,4.4,4.5,0.00010099900000000001
Region 5,2 wk ahead,Bin,percent,4.5,4.6,1.0000000000000002e-06
Region 5,2 wk ahead,Bin,percent,4.6,4.7,1.0000000000000002e-06
Region 5,2 wk ahead,Bin,percent,4.7,4.8,1.0000000000000002e-06
Region 5,2 wk ahead,Bin,percent,4.8,4.9,1.0000000000000002e-06
Region 5,2 wk ahead,Bin,percent,4.9,5.0,0.00010099900000000001
Region 5,2 wk ahead,Bin,percent,5.0,5.1,1.0000000000000002e-06
Region 5,2 wk ahead,Bin,percent,5.1,5.2,1.0000000000000002e-06
Region 5,2 wk ahead,Bin,percent,5.2,5.3,1.0000000000000002e-06
Region 5,2 wk ahead,Bin,percent,5.3,5.4,1.0000000000000002e-06
Region 5,2 wk ahead,Bin,percent,5.4,5.5,1.0000000000000002e-06
Region 5,2 wk ahead,Bin,percent,5.5,5.6,1.0000000000000002e-06
Region 5,2 wk ahead,Bin,percent,5.6,5.7,1.0000000000000002e-06
Region 5,2 wk ahead,Bin,percent,5.7,5.8,0.00010099900000000001
Region 5,2 wk ahead,Bin,percent,5.8,5.9,1.0000000000000002e-06
Region 5,2 wk ahead,Bin,percent,5.9,6.0,0.00010099900000000001
Region 5,2 wk ahead,Bin,percent,6.0,6.1,1.0000000000000002e-06
Region 5,2 wk ahead,Bin,percent,6.1,6.2,1.0000000000000002e-06
Region 5,2 wk ahead,Bin,percent,6.2,6.3,1.0000000000000002e-06
Region 5,2 wk ahead,Bin,percent,6.3,6.4,1.0000000000000002e-06
Region 5,2 wk ahead,Bin,percent,6.4,6.5,1.0000000000000002e-06
Region 5,2 wk ahead,Bin,percent,6.5,6.6,1.0000000000000002e-06
Region 5,2 wk ahead,Bin,percent,6.6,6.7,1.0000000000000002e-06
Region 5,2 wk ahead,Bin,percent,6.7,6.8,0.00010099900000000001
Region 5,2 wk ahead,Bin,percent,6.8,6.9,1.0000000000000002e-06
Region 5,2 wk ahead,Bin,percent,6.9,7.0,0.000300997
Region 5,2 wk ahead,Bin,percent,7.0,7.1,1.0000000000000002e-06
Region 5,2 wk ahead,Bin,percent,7.1,7.2,1.0000000000000002e-06
Region 5,2 wk ahead,Bin,percent,7.2,7.3,1.0000000000000002e-06
Region 5,2 wk ahead,Bin,percent,7.3,7.4,1.0000000000000002e-06
Region 5,2 wk ahead,Bin,percent,7.4,7.5,1.0000000000000002e-06
Region 5,2 wk ahead,Bin,percent,7.5,7.6,1.0000000000000002e-06
Region 5,2 wk ahead,Bin,percent,7.6,7.7,1.0000000000000002e-06
Region 5,2 wk ahead,Bin,percent,7.7,7.8,1.0000000000000002e-06
Region 5,2 wk ahead,Bin,percent,7.8,7.9,1.0000000000000002e-06
Region 5,2 wk ahead,Bin,percent,7.9,8.0,1.0000000000000002e-06
Region 5,2 wk ahead,Bin,percent,8.0,8.1,1.0000000000000002e-06
Region 5,2 wk ahead,Bin,percent,8.1,8.2,1.0000000000000002e-06
Region 5,2 wk ahead,Bin,percent,8.2,8.3,1.0000000000000002e-06
Region 5,2 wk ahead,Bin,percent,8.3,8.4,1.0000000000000002e-06
Region 5,2 wk ahead,Bin,percent,8.4,8.5,1.0000000000000002e-06
Region 5,2 wk ahead,Bin,percent,8.5,8.6,1.0000000000000002e-06
Region 5,2 wk ahead,Bin,percent,8.6,8.7,1.0000000000000002e-06
Region 5,2 wk ahead,Bin,percent,8.7,8.8,1.0000000000000002e-06
Region 5,2 wk ahead,Bin,percent,8.8,8.9,1.0000000000000002e-06
Region 5,2 wk ahead,Bin,percent,8.9,9.0,1.0000000000000002e-06
Region 5,2 wk ahead,Bin,percent,9.0,9.1,1.0000000000000002e-06
Region 5,2 wk ahead,Bin,percent,9.1,9.2,1.0000000000000002e-06
Region 5,2 wk ahead,Bin,percent,9.2,9.3,1.0000000000000002e-06
Region 5,2 wk ahead,Bin,percent,9.3,9.4,1.0000000000000002e-06
Region 5,2 wk ahead,Bin,percent,9.4,9.5,1.0000000000000002e-06
Region 5,2 wk ahead,Bin,percent,9.5,9.6,1.0000000000000002e-06
Region 5,2 wk ahead,Bin,percent,9.6,9.7,1.0000000000000002e-06
Region 5,2 wk ahead,Bin,percent,9.7,9.8,1.0000000000000002e-06
Region 5,2 wk ahead,Bin,percent,9.8,9.9,0.00010099900000000001
Region 5,2 wk ahead,Bin,percent,9.9,10.0,0.00010099900000000001
Region 5,2 wk ahead,Bin,percent,10.0,10.1,1.0000000000000002e-06
Region 5,2 wk ahead,Bin,percent,10.1,10.2,1.0000000000000002e-06
Region 5,2 wk ahead,Bin,percent,10.2,10.3,1.0000000000000002e-06
Region 5,2 wk ahead,Bin,percent,10.3,10.4,1.0000000000000002e-06
Region 5,2 wk ahead,Bin,percent,10.4,10.5,1.0000000000000002e-06
Region 5,2 wk ahead,Bin,percent,10.5,10.6,1.0000000000000002e-06
Region 5,2 wk ahead,Bin,percent,10.6,10.7,1.0000000000000002e-06
Region 5,2 wk ahead,Bin,percent,10.7,10.8,1.0000000000000002e-06
Region 5,2 wk ahead,Bin,percent,10.8,10.9,1.0000000000000002e-06
Region 5,2 wk ahead,Bin,percent,10.9,11.0,1.0000000000000002e-06
Region 5,2 wk ahead,Bin,percent,11.0,11.1,1.0000000000000002e-06
Region 5,2 wk ahead,Bin,percent,11.1,11.2,1.0000000000000002e-06
Region 5,2 wk ahead,Bin,percent,11.2,11.3,1.0000000000000002e-06
Region 5,2 wk ahead,Bin,percent,11.3,11.4,1.0000000000000002e-06
Region 5,2 wk ahead,Bin,percent,11.4,11.5,1.0000000000000002e-06
Region 5,2 wk ahead,Bin,percent,11.5,11.6,1.0000000000000002e-06
Region 5,2 wk ahead,Bin,percent,11.6,11.7,1.0000000000000002e-06
Region 5,2 wk ahead,Bin,percent,11.7,11.8,1.0000000000000002e-06
Region 5,2 wk ahead,Bin,percent,11.8,11.9,1.0000000000000002e-06
Region 5,2 wk ahead,Bin,percent,11.9,12.0,1.0000000000000002e-06
Region 5,2 wk ahead,Bin,percent,12.0,12.1,1.0000000000000002e-06
Region 5,2 wk ahead,Bin,percent,12.1,12.2,1.0000000000000002e-06
Region 5,2 wk ahead,Bin,percent,12.2,12.3,1.0000000000000002e-06
Region 5,2 wk ahead,Bin,percent,12.3,12.4,1.0000000000000002e-06
Region 5,2 wk ahead,Bin,percent,12.4,12.5,1.0000000000000002e-06
Region 5,2 wk ahead,Bin,percent,12.5,12.6,0.00010099900000000001
Region 5,2 wk ahead,Bin,percent,12.6,12.7,1.0000000000000002e-06
Region 5,2 wk ahead,Bin,percent,12.7,12.8,1.0000000000000002e-06
Region 5,2 wk ahead,Bin,percent,12.8,12.9,1.0000000000000002e-06
Region 5,2 wk ahead,Bin,percent,12.9,13.0,1.0000000000000002e-06
Region 5,2 wk ahead,Bin,percent,13.0,100,0.002200978
Region 5,3 wk ahead,Point,percent,,,2.4296653276301146
Region 5,3 wk ahead,Bin,percent,0.0,0.1,1.0000000000000002e-06
Region 5,3 wk ahead,Bin,percent,0.1,0.2,1.0000000000000002e-06
Region 5,3 wk ahead,Bin,percent,0.2,0.3,1.0000000000000002e-06
Region 5,3 wk ahead,Bin,percent,0.3,0.4,1.0000000000000002e-06
Region 5,3 wk ahead,Bin,percent,0.4,0.5,1.0000000000000002e-06
Region 5,3 wk ahead,Bin,percent,0.5,0.6,1.0000000000000002e-06
Region 5,3 wk ahead,Bin,percent,0.6,0.7,1.0000000000000002e-06
Region 5,3 wk ahead,Bin,percent,0.7,0.8,1.0000000000000002e-06
Region 5,3 wk ahead,Bin,percent,0.8,0.9,1.0000000000000002e-06
Region 5,3 wk ahead,Bin,percent,0.9,1.0,1.0000000000000002e-06
Region 5,3 wk ahead,Bin,percent,1.0,1.1,1.0000000000000002e-06
Region 5,3 wk ahead,Bin,percent,1.1,1.2,1.0000000000000002e-06
Region 5,3 wk ahead,Bin,percent,1.2,1.3,1.0000000000000002e-06
Region 5,3 wk ahead,Bin,percent,1.3,1.4,1.0000000000000002e-06
Region 5,3 wk ahead,Bin,percent,1.4,1.5,1.0000000000000002e-06
Region 5,3 wk ahead,Bin,percent,1.5,1.6,1.0000000000000002e-06
Region 5,3 wk ahead,Bin,percent,1.6,1.7,1.0000000000000002e-06
Region 5,3 wk ahead,Bin,percent,1.7,1.8,0.00010099900000000001
Region 5,3 wk ahead,Bin,percent,1.8,1.9,0.000400996
Region 5,3 wk ahead,Bin,percent,1.9,2.0,0.000600994
Region 5,3 wk ahead,Bin,percent,2.0,2.1,0.000900991
Region 5,3 wk ahead,Bin,percent,2.1,2.2,0.0020009800000000003
Region 5,3 wk ahead,Bin,percent,2.2,2.3,0.0037009630000000007
Region 5,3 wk ahead,Bin,percent,2.3,2.4,0.005500945000000001
Region 5,3 wk ahead,Bin,percent,2.4,2.5,0.007100929000000001
Region 5,3 wk ahead,Bin,percent,2.5,2.6,0.0062009380000000005
Region 5,3 wk ahead,Bin,percent,2.6,2.7,0.007400926
Region 5,3 wk ahead,Bin,percent,2.7,2.8,0.009700903
Region 5,3 wk ahead,Bin,percent,2.8,2.9,0.009800902
Region 5,3 wk ahead,Bin,percent,2.9,3.0,0.007900921
Region 5,3 wk ahead,Bin,percent,3.0,3.1,0.006700932999999999
Region 5,3 wk ahead,Bin,percent,3.1,3.2,0.006900931000000001
Region 5,3 wk ahead,Bin,percent,3.2,3.3,0.005900941000000001
Region 5,3 wk ahead,Bin,percent,3.3,3.4,0.005300947
Region 5,3 wk ahead,Bin,percent,3.4,3.5,0.0032009680000000006
Region 5,3 wk ahead,Bin,percent,3.5,3.6,0.002200978
Region 5,3 wk ahead,Bin,percent,3.6,3.7,0.002100979
Region 5,3 wk ahead,Bin,percent,3.7,3.8,0.001800982
Region 5,3 wk ahead,Bin,percent,3.8,3.9,0.002100979
Region 5,3 wk ahead,Bin,percent,3.9,4.0,0.000600994
Region 5,3 wk ahead,Bin,percent,4.0,4.1,0.000600994
Region 5,3 wk ahead,Bin,percent,4.1,4.2,0.000500995
Region 5,3 wk ahead,Bin,percent,4.2,4.3,0.000400996
Region 5,3 wk ahead,Bin,percent,4.3,4.4,0.00010099900000000001
Region 5,3 wk ahead,Bin,percent,4.4,4.5,0.00010099900000000001
Region 5,3 wk ahead,Bin,percent,4.5,4.6,1.0000000000000002e-06
Region 5,3 wk ahead,Bin,percent,4.6,4.7,0.00020099800000000003
Region 5,3 wk ahead,Bin,percent,4.7,4.8,1.0000000000000002e-06
Region 5,3 wk ahead,Bin,percent,4.8,4.9,1.0000000000000002e-06
Region 5,3 wk ahead,Bin,percent,4.9,5.0,1.0000000000000002e-06
Region 5,3 wk ahead,Bin,percent,5.0,5.1,1.0000000000000002e-06
Region 5,3 wk ahead,Bin,percent,5.1,5.2,1.0000000000000002e-06
Region 5,3 wk ahead,Bin,percent,5.2,5.3,1.0000000000000002e-06
Region 5,3 wk ahead,Bin,percent,5.3,5.4,1.0000000000000002e-06
Region 5,3 wk ahead,Bin,percent,5.4,5.5,1.0000000000000002e-06
Region 5,3 wk ahead,Bin,percent,5.5,5.6,1.0000000000000002e-06
Region 5,3 wk ahead,Bin,percent,5.6,5.7,1.0000000000000002e-06
Region 5,3 wk ahead,Bin,percent,5.7,5.8,1.0000000000000002e-06
Region 5,3 wk ahead,Bin,percent,5.8,5.9,1.0000000000000002e-06
Region 5,3 wk ahead,Bin,percent,5.9,6.0,1.0000000000000002e-06
Region 5,3 wk ahead,Bin,percent,6.0,6.1,1.0000000000000002e-06
Region 5,3 wk ahead,Bin,percent,6.1,6.2,1.0000000000000002e-06
Region 5,3 wk ahead,Bin,percent,6.2,6.3,1.0000000000000002e-06
Region 5,3 wk ahead,Bin,percent,6.3,6.4,1.0000000000000002e-06
Region 5,3 wk ahead,Bin,percent,6.4,6.5,1.0000000000000002e-06
Region 5,3 wk ahead,Bin,percent,6.5,6.6,1.0000000000000002e-06
Region 5,3 wk ahead,Bin,percent,6.6,6.7,1.0000000000000002e-06
Region 5,3 wk ahead,Bin,percent,6.7,6.8,1.0000000000000002e-06
Region 5,3 wk ahead,Bin,percent,6.8,6.9,1.0000000000000002e-06
Region 5,3 wk ahead,Bin,percent,6.9,7.0,1.0000000000000002e-06
Region 5,3 wk ahead,Bin,percent,7.0,7.1,1.0000000000000002e-06
Region 5,3 wk ahead,Bin,percent,7.1,7.2,1.0000000000000002e-06
Region 5,3 wk ahead,Bin,percent,7.2,7.3,1.0000000000000002e-06
Region 5,3 wk ahead,Bin,percent,7.3,7.4,1.0000000000000002e-06
Region 5,3 wk ahead,Bin,percent,7.4,7.5,1.0000000000000002e-06
Region 5,3 wk ahead,Bin,percent,7.5,7.6,1.0000000000000002e-06
Region 5,3 wk ahead,Bin,percent,7.6,7.7,1.0000000000000002e-06
Region 5,3 wk ahead,Bin,percent,7.7,7.8,1.0000000000000002e-06
Region 5,3 wk ahead,Bin,percent,7.8,7.9,1.0000000000000002e-06
Region 5,3 wk ahead,Bin,percent,7.9,8.0,1.0000000000000002e-06
Region 5,3 wk ahead,Bin,percent,8.0,8.1,1.0000000000000002e-06
Region 5,3 wk ahead,Bin,percent,8.1,8.2,1.0000000000000002e-06
Region 5,3 wk ahead,Bin,percent,8.2,8.3,1.0000000000000002e-06
Region 5,3 wk ahead,Bin,percent,8.3,8.4,1.0000000000000002e-06
Region 5,3 wk ahead,Bin,percent,8.4,8.5,1.0000000000000002e-06
Region 5,3 wk ahead,Bin,percent,8.5,8.6,1.0000000000000002e-06
Region 5,3 wk ahead,Bin,percent,8.6,8.7,1.0000000000000002e-06
Region 5,3 wk ahead,Bin,percent,8.7,8.8,1.0000000000000002e-06
Region 5,3 wk ahead,Bin,percent,8.8,8.9,1.0000000000000002e-06
Region 5,3 wk ahead,Bin,percent,8.9,9.0,1.0000000000000002e-06
Region 5,3 wk ahead,Bin,percent,9.0,9.1,1.0000000000000002e-06
Region 5,3 wk ahead,Bin,percent,9.1,9.2,1.0000000000000002e-06
Region 5,3 wk ahead,Bin,percent,9.2,9.3,1.0000000000000002e-06
Region 5,3 wk ahead,Bin,percent,9.3,9.4,1.0000000000000002e-06
Region 5,3 wk ahead,Bin,percent,9.4,9.5,1.0000000000000002e-06
Region 5,3 wk ahead,Bin,percent,9.5,9.6,1.0000000000000002e-06
Region 5,3 wk ahead,Bin,percent,9.6,9.7,1.0000000000000002e-06
Region 5,3 wk ahead,Bin,percent,9.7,9.8,1.0000000000000002e-06
Region 5,3 wk ahead,Bin,percent,9.8,9.9,1.0000000000000002e-06
Region 5,3 wk ahead,Bin,percent,9.9,10.0,1.0000000000000002e-06
Region 5,3 wk ahead,Bin,percent,10.0,10.1,1.0000000000000002e-06
Region 5,3 wk ahead,Bin,percent,10.1,10.2,1.0000000000000002e-06
Region 5,3 wk ahead,Bin,percent,10.2,10.3,1.0000000000000002e-06
Region 5,3 wk ahead,Bin,percent,10.3,10.4,1.0000000000000002e-06
Region 5,3 wk ahead,Bin,percent,10.4,10.5,1.0000000000000002e-06
Region 5,3 wk ahead,Bin,percent,10.5,10.6,1.0000000000000002e-06
Region 5,3 wk ahead,Bin,percent,10.6,10.7,1.0000000000000002e-06
Region 5,3 wk ahead,Bin,percent,10.7,10.8,1.0000000000000002e-06
Region 5,3 wk ahead,Bin,percent,10.8,10.9,1.0000000000000002e-06
Region 5,3 wk ahead,Bin,percent,10.9,11.0,1.0000000000000002e-06
Region 5,3 wk ahead,Bin,percent,11.0,11.1,1.0000000000000002e-06
Region 5,3 wk ahead,Bin,percent,11.1,11.2,1.0000000000000002e-06
Region 5,3 wk ahead,Bin,percent,11.2,11.3,1.0000000000000002e-06
Region 5,3 wk ahead,Bin,percent,11.3,11.4,1.0000000000000002e-06
Region 5,3 wk ahead,Bin,percent,11.4,11.5,1.0000000000000002e-06
Region 5,3 wk ahead,Bin,percent,11.5,11.6,1.0000000000000002e-06
Region 5,3 wk ahead,Bin,percent,11.6,11.7,1.0000000000000002e-06
Region 5,3 wk ahead,Bin,percent,11.7,11.8,1.0000000000000002e-06
Region 5,3 wk ahead,Bin,percent,11.8,11.9,1.0000000000000002e-06
Region 5,3 wk ahead,Bin,percent,11.9,12.0,1.0000000000000002e-06
Region 5,3 wk ahead,Bin,percent,12.0,12.1,1.0000000000000002e-06
Region 5,3 wk ahead,Bin,percent,12.1,12.2,1.0000000000000002e-06
Region 5,3 wk ahead,Bin,percent,12.2,12.3,1.0000000000000002e-06
Region 5,3 wk ahead,Bin,percent,12.3,12.4,1.0000000000000002e-06
Region 5,3 wk ahead,Bin,percent,12.4,12.5,1.0000000000000002e-06
Region 5,3 wk ahead,Bin,percent,12.5,12.6,1.0000000000000002e-06
Region 5,3 wk ahead,Bin,percent,12.6,12.7,1.0000000000000002e-06
Region 5,3 wk ahead,Bin,percent,12.7,12.8,1.0000000000000002e-06
Region 5,3 wk ahead,Bin,percent,12.8,12.9,1.0000000000000002e-06
Region 5,3 wk ahead,Bin,percent,12.9,13.0,1.0000000000000002e-06
Region 5,3 wk ahead,Bin,percent,13.0,100,1.0000000000000002e-06
Region 5,4 wk ahead,Point,percent,,,2.672637154690138
Region 5,4 wk ahead,Bin,percent,0.0,0.1,1.0000000000000002e-06
Region 5,4 wk ahead,Bin,percent,0.1,0.2,1.0000000000000002e-06
Region 5,4 wk ahead,Bin,percent,0.2,0.3,1.0000000000000002e-06
Region 5,4 wk ahead,Bin,percent,0.3,0.4,1.0000000000000002e-06
Region 5,4 wk ahead,Bin,percent,0.4,0.5,1.0000000000000002e-06
Region 5,4 wk ahead,Bin,percent,0.5,0.6,1.0000000000000002e-06
Region 5,4 wk ahead,Bin,percent,0.6,0.7,1.0000000000000002e-06
Region 5,4 wk ahead,Bin,percent,0.7,0.8,1.0000000000000002e-06
Region 5,4 wk ahead,Bin,percent,0.8,0.9,1.0000000000000002e-06
Region 5,4 wk ahead,Bin,percent,0.9,1.0,1.0000000000000002e-06
Region 5,4 wk ahead,Bin,percent,1.0,1.1,1.0000000000000002e-06
Region 5,4 wk ahead,Bin,percent,1.1,1.2,1.0000000000000002e-06
Region 5,4 wk ahead,Bin,percent,1.2,1.3,0.00010099900000000001
Region 5,4 wk ahead,Bin,percent,1.3,1.4,1.0000000000000002e-06
Region 5,4 wk ahead,Bin,percent,1.4,1.5,0.000500995
Region 5,4 wk ahead,Bin,percent,1.5,1.6,0.0007009929999999999
Region 5,4 wk ahead,Bin,percent,1.6,1.7,0.0013009870000000002
Region 5,4 wk ahead,Bin,percent,1.7,1.8,0.001400986
Region 5,4 wk ahead,Bin,percent,1.8,1.9,0.002500975
Region 5,4 wk ahead,Bin,percent,1.9,2.0,0.002500975
Region 5,4 wk ahead,Bin,percent,2.0,2.1,0.0040009600000000005
Region 5,4 wk ahead,Bin,percent,2.1,2.2,0.0050009500000000005
Region 5,4 wk ahead,Bin,percent,2.2,2.3,0.005300947
Region 5,4 wk ahead,Bin,percent,2.3,2.4,0.0062009380000000005
Region 5,4 wk ahead,Bin,percent,2.4,2.5,0.004700953
Region 5,4 wk ahead,Bin,percent,2.5,2.6,0.006300937000000001
Region 5,4 wk ahead,Bin,percent,2.6,2.7,0.0051009490000000005
Region 5,4 wk ahead,Bin,percent,2.7,2.8,0.0050009500000000005
Region 5,4 wk ahead,Bin,percent,2.8,2.9,0.004800952000000001
Region 5,4 wk ahead,Bin,percent,2.9,3.0,0.004900951000000001
Region 5,4 wk ahead,Bin,percent,3.0,3.1,0.004900951000000001
Region 5,4 wk ahead,Bin,percent,3.1,3.2,0.004700953
Region 5,4 wk ahead,Bin,percent,3.2,3.3,0.0037009630000000007
Region 5,4 wk ahead,Bin,percent,3.3,3.4,0.0037009630000000007
Region 5,4 wk ahead,Bin,percent,3.4,3.5,0.0036009640000000003
Region 5,4 wk ahead,Bin,percent,3.5,3.6,0.0036009640000000003
Region 5,4 wk ahead,Bin,percent,3.6,3.7,0.001700983
Region 5,4 wk ahead,Bin,percent,3.7,3.8,0.002200978
Region 5,4 wk ahead,Bin,percent,3.8,3.9,0.002300977
Region 5,4 wk ahead,Bin,percent,3.9,4.0,0.001400986
Region 5,4 wk ahead,Bin,percent,4.0,4.1,0.001700983
Region 5,4 wk ahead,Bin,percent,4.1,4.2,0.000600994
Region 5,4 wk ahead,Bin,percent,4.2,4.3,0.00100099
Region 5,4 wk ahead,Bin,percent,4.3,4.4,0.001100989
Region 5,4 wk ahead,Bin,percent,4.4,4.5,0.000900991
Region 5,4 wk ahead,Bin,percent,4.5,4.6,0.000400996
Region 5,4 wk ahead,Bin,percent,4.6,4.7,0.000300997
Region 5,4 wk ahead,Bin,percent,4.7,4.8,0.000300997
Region 5,4 wk ahead,Bin,percent,4.8,4.9,0.000300997
Region 5,4 wk ahead,Bin,percent,4.9,5.0,0.000400996
Region 5,4 wk ahead,Bin,percent,5.0,5.1,0.00020099800000000003
Region 5,4 wk ahead,Bin,percent,5.1,5.2,1.0000000000000002e-06
Region 5,4 wk ahead,Bin,percent,5.2,5.3,0.00010099900000000001
Region 5,4 wk ahead,Bin,percent,5.3,5.4,1.0000000000000002e-06
Region 5,4 wk ahead,Bin,percent,5.4,5.5,0.00010099900000000001
Region 5,4 wk ahead,Bin,percent,5.5,5.6,0.00010099900000000001
Region 5,4 wk ahead,Bin,percent,5.6,5.7,0.00010099900000000001
Region 5,4 wk ahead,Bin,percent,5.7,5.8,1.0000000000000002e-06
Region 5,4 wk ahead,Bin,percent,5.8,5.9,1.0000000000000002e-06
Region 5,4 wk ahead,Bin,percent,5.9,6.0,1.0000000000000002e-06
Region 5,4 wk ahead,Bin,percent,6.0,6.1,1.0000000000000002e-06
Region 5,4 wk ahead,Bin,percent,6.1,6.2,1.0000000000000002e-06
Region 5,4 wk ahead,Bin,percent,6.2,6.3,0.00010099900000000001
Region 5,4 wk ahead,Bin,percent,6.3,6.4,1.0000000000000002e-06
Region 5,4 wk ahead,Bin,percent,6.4,6.5,1.0000000000000002e-06
Region 5,4 wk ahead,Bin,percent,6.5,6.6,1.0000000000000002e-06
Region 5,4 wk ahead,Bin,percent,6.6,6.7,0.00010099900000000001
Region 5,4 wk ahead,Bin,percent,6.7,6.8,1.0000000000000002e-06
Region 5,4 wk ahead,Bin,percent,6.8,6.9,1.0000000000000002e-06
Region 5,4 wk ahead,Bin,percent,6.9,7.0,0.00010099900000000001
Region 5,4 wk ahead,Bin,percent,7.0,7.1,1.0000000000000002e-06
Region 5,4 wk ahead,Bin,percent,7.1,7.2,1.0000000000000002e-06
Region 5,4 wk ahead,Bin,percent,7.2,7.3,1.0000000000000002e-06
Region 5,4 wk ahead,Bin,percent,7.3,7.4,1.0000000000000002e-06
Region 5,4 wk ahead,Bin,percent,7.4,7.5,1.0000000000000002e-06
Region 5,4 wk ahead,Bin,percent,7.5,7.6,1.0000000000000002e-06
Region 5,4 wk ahead,Bin,percent,7.6,7.7,1.0000000000000002e-06
Region 5,4 wk ahead,Bin,percent,7.7,7.8,1.0000000000000002e-06
Region 5,4 wk ahead,Bin,percent,7.8,7.9,1.0000000000000002e-06
Region 5,4 wk ahead,Bin,percent,7.9,8.0,1.0000000000000002e-06
Region 5,4 wk ahead,Bin,percent,8.0,8.1,1.0000000000000002e-06
Region 5,4 wk ahead,Bin,percent,8.1,8.2,1.0000000000000002e-06
Region 5,4 wk ahead,Bin,percent,8.2,8.3,1.0000000000000002e-06
Region 5,4 wk ahead,Bin,percent,8.3,8.4,1.0000000000000002e-06
Region 5,4 wk ahead,Bin,percent,8.4,8.5,1.0000000000000002e-06
Region 5,4 wk ahead,Bin,percent,8.5,8.6,1.0000000000000002e-06
Region 5,4 wk ahead,Bin,percent,8.6,8.7,1.0000000000000002e-06
Region 5,4 wk ahead,Bin,percent,8.7,8.8,1.0000000000000002e-06
Region 5,4 wk ahead,Bin,percent,8.8,8.9,1.0000000000000002e-06
Region 5,4 wk ahead,Bin,percent,8.9,9.0,1.0000000000000002e-06
Region 5,4 wk ahead,Bin,percent,9.0,9.1,1.0000000000000002e-06
Region 5,4 wk ahead,Bin,percent,9.1,9.2,1.0000000000000002e-06
Region 5,4 wk ahead,Bin,percent,9.2,9.3,1.0000000000000002e-06
Region 5,4 wk ahead,Bin,percent,9.3,9.4,1.0000000000000002e-06
Region 5,4 wk ahead,Bin,percent,9.4,9.5,1.0000000000000002e-06
Region 5,4 wk ahead,Bin,percent,9.5,9.6,1.0000000000000002e-06
Region 5,4 wk ahead,Bin,percent,9.6,9.7,1.0000000000000002e-06
Region 5,4 wk ahead,Bin,percent,9.7,9.8,1.0000000000000002e-06
Region 5,4 wk ahead,Bin,percent,9.8,9.9,1.0000000000000002e-06
Region 5,4 wk ahead,Bin,percent,9.9,10.0,1.0000000000000002e-06
Region 5,4 wk ahead,Bin,percent,10.0,10.1,1.0000000000000002e-06
Region 5,4 wk ahead,Bin,percent,10.1,10.2,1.0000000000000002e-06
Region 5,4 wk ahead,Bin,percent,10.2,10.3,1.0000000000000002e-06
Region 5,4 wk ahead,Bin,percent,10.3,10.4,1.0000000000000002e-06
Region 5,4 wk ahead,Bin,percent,10.4,10.5,1.0000000000000002e-06
Region 5,4 wk ahead,Bin,percent,10.5,10.6,1.0000000000000002e-06
Region 5,4 wk ahead,Bin,percent,10.6,10.7,1.0000000000000002e-06
Region 5,4 wk ahead,Bin,percent,10.7,10.8,1.0000000000000002e-06
Region 5,4 wk ahead,Bin,percent,10.8,10.9,1.0000000000000002e-06
Region 5,4 wk ahead,Bin,percent,10.9,11.0,1.0000000000000002e-06
Region 5,4 wk ahead,Bin,percent,11.0,11.1,1.0000000000000002e-06
Region 5,4 wk ahead,Bin,percent,11.1,11.2,1.0000000000000002e-06
Region 5,4 wk ahead,Bin,percent,11.2,11.3,1.0000000000000002e-06
Region 5,4 wk ahead,Bin,percent,11.3,11.4,1.0000000000000002e-06
Region 5,4 wk ahead,Bin,percent,11.4,11.5,1.0000000000000002e-06
Region 5,4 wk ahead,Bin,percent,11.5,11.6,1.0000000000000002e-06
Region 5,4 wk ahead,Bin,percent,11.6,11.7,1.0000000000000002e-06
Region 5,4 wk ahead,Bin,percent,11.7,11.8,1.0000000000000002e-06
Region 5,4 wk ahead,Bin,percent,11.8,11.9,1.0000000000000002e-06
Region 5,4 wk ahead,Bin,percent,11.9,12.0,1.0000000000000002e-06
Region 5,4 wk ahead,Bin,percent,12.0,12.1,1.0000000000000002e-06
Region 5,4 wk ahead,Bin,percent,12.1,12.2,1.0000000000000002e-06
Region 5,4 wk ahead,Bin,percent,12.2,12.3,1.0000000000000002e-06
Region 5,4 wk ahead,Bin,percent,12.3,12.4,1.0000000000000002e-06
Region 5,4 wk ahead,Bin,percent,12.4,12.5,1.0000000000000002e-06
Region 5,4 wk ahead,Bin,percent,12.5,12.6,1.0000000000000002e-06
Region 5,4 wk ahead,Bin,percent,12.6,12.7,1.0000000000000002e-06
Region 5,4 wk ahead,Bin,percent,12.7,12.8,1.0000000000000002e-06
Region 5,4 wk ahead,Bin,percent,12.8,12.9,1.0000000000000002e-06
Region 5,4 wk ahead,Bin,percent,12.9,13.0,1.0000000000000002e-06
Region 5,4 wk ahead,Bin,percent,13.0,100,1.0000000000000002e-06
Region 6,Season onset,Bin,week,none,none,0.029411765
Region 6,Season onset,Bin,week,40,41,0.029411765
Region 6,Season onset,Bin,week,41,42,0.029411765
Region 6,Season onset,Bin,week,42,43,0.029411765
Region 6,Season onset,Bin,week,43,44,0.029411765
Region 6,Season onset,Bin,week,44,45,0.029411765
Region 6,Season onset,Bin,week,45,46,0.029411765
Region 6,Season onset,Bin,week,46,47,0.029411765
Region 6,Season onset,Bin,week,47,48,0.029411765
Region 6,Season onset,Bin,week,48,49,0.029411765
Region 6,Season onset,Bin,week,49,50,0.029411765
Region 6,Season onset,Bin,week,50,51,0.029411765
Region 6,Season onset,Bin,week,51,52,0.029411765
Region 6,Season onset,Bin,week,52,53,0.029411765
Region 6,Season onset,Bin,week,1,2,0.0765
Region 6,Season onset,Bin,week,2,3,0.0765
Region 6,Season onset,Bin,week,3,4,0.0765
Region 6,Season onset,Bin,week,4,5,0.0765
Region 6,Season onset,Bin,week,5,6,0.0765
Region 6,Season onset,Bin,week,6,7,0.0765
Region 6,Season onset,Bin,week,7,8,0.0765
Region 6,Season onset,Bin,week,8,9,0.0765
Region 6,Season onset,Bin,week,9,10,0.0765
Region 6,Season onset,Bin,week,10,11,0.0765
Region 6,Season onset,Bin,week,11,12,0.0765
Region 6,Season onset,Bin,week,12,13,0.0765
Region 6,Season onset,Bin,week,13,14,0.0765
Region 6,Season onset,Bin,week,14,15,0.0765
Region 6,Season onset,Bin,week,15,16,0.0765
Region 6,Season onset,Bin,week,16,17,0.0765
Region 6,Season onset,Bin,week,17,18,0.0765
Region 6,Season onset,Bin,week,18,19,0.0765
Region 6,Season onset,Bin,week,19,20,0.0765
Region 6,Season onset,Bin,week,20,21,0.0765
Region 6,Season peak week,Bin,week,40,41,0.03030303
Region 6,Season peak week,Bin,week,41,42,0.03030303
Region 6,Season peak week,Bin,week,42,43,0.03030303
Region 6,Season peak week,Bin,week,43,44,0.03030303
Region 6,Season peak week,Bin,week,44,45,0.03030303
Region 6,Season peak week,Bin,week,45,46,0.03030303
Region 6,Season peak week,Bin,week,46,47,0.03030303
Region 6,Season peak week,Bin,week,47,48,0.03030303
Region 6,Season peak week,Bin,week,48,49,0.03030303
Region 6,Season peak week,Bin,week,49,50,0.03030303
Region 6,Season peak week,Bin,week,50,51,0.03030303
Region 6,Season peak week,Bin,week,51,52,0.03030303
Region 6,Season peak week,Bin,week,52,53,0.03030303
Region 6,Season peak week,Bin,week,1,2,0.03030303
Region 6,Season peak week,Bin,week,2,3,0.03030303
Region 6,Season peak week,Bin,week,3,4,0.03030303
Region 6,Season peak week,Bin,week,4,5,0.03030303
Region 6,Season peak week,Bin,week,5,6,0.03030303
Region 6,Season peak week,Bin,week,6,7,0.03030303
Region 6,Season peak week,Bin,week,7,8,0.03030303
Region 6,Season peak week,Bin,week,8,9,0.03030303
Region 6,Season peak week,Bin,week,9,10,0.03030303
Region 6,Season peak week,Bin,week,10,11,0.03030303
Region 6,Season peak week,Bin,week,11,12,0.03030303
Region 6,Season peak week,Bin,week,12,13,0.03030303
Region 6,Season peak week,Bin,week,13,14,0.03030303
Region 6,Season peak week,Bin,week,14,15,0.03030303
Region 6,Season peak week,Bin,week,15,16,0.03030303
Region 6,Season peak week,Bin,week,16,17,0.03030303
Region 6,Season peak week,Bin,week,17,18,0.03030303
Region 6,Season peak week,Bin,week,18,19,0.03030303
Region 6,Season peak week,Bin,week,19,20,0.03030303
Region 6,Season peak week,Bin,week,20,21,0.03030303
Region 6,Season peak percentage,Bin,percent,0.0,0.1,0.007633588
Region 6,Season peak percentage,Bin,percent,0.1,0.2,0.007633588
Region 6,Season peak percentage,Bin,percent,0.2,0.3,0.007633588
Region 6,Season peak percentage,Bin,percent,0.3,0.4,0.007633588
Region 6,Season peak percentage,Bin,percent,0.4,0.5,0.007633588
Region 6,Season peak percentage,Bin,percent,0.5,0.6,0.007633588
Region 6,Season peak percentage,Bin,percent,0.6,0.7,0.007633588
Region 6,Season peak percentage,Bin,percent,0.7,0.8,0.007633588
Region 6,Season peak percentage,Bin,percent,0.8,0.9,0.007633588
Region 6,Season peak percentage,Bin,percent,0.9,1.0,0.007633588
Region 6,Season peak percentage,Bin,percent,1.0,1.1,0.007633588
Region 6,Season peak percentage,Bin,percent,1.1,1.2,0.007633588
Region 6,Season peak percentage,Bin,percent,1.2,1.3,0.007633588
Region 6,Season peak percentage,Bin,percent,1.3,1.4,0.007633588
Region 6,Season peak percentage,Bin,percent,1.4,1.5,0.007633588
Region 6,Season peak percentage,Bin,percent,1.5,1.6,0.007633588
Region 6,Season peak percentage,Bin,percent,1.6,1.7,0.007633588
Region 6,Season peak percentage,Bin,percent,1.7,1.8,0.007633588
Region 6,Season peak percentage,Bin,percent,1.8,1.9,0.007633588
Region 6,Season peak percentage,Bin,percent,1.9,2.0,0.007633588
Region 6,Season peak percentage,Bin,percent,2.0,2.1,0.007633588
Region 6,Season peak percentage,Bin,percent,2.1,2.2,0.007633588
Region 6,Season peak percentage,Bin,percent,2.2,2.3,0.007633588
Region 6,Season peak percentage,Bin,percent,2.3,2.4,0.007633588
Region 6,Season peak percentage,Bin,percent,2.4,2.5,0.007633588
Region 6,Season peak percentage,Bin,percent,2.5,2.6,0.007633588
Region 6,Season peak percentage,Bin,percent,2.6,2.7,0.007633588
Region 6,Season peak percentage,Bin,percent,2.7,2.8,0.007633588
Region 6,Season peak percentage,Bin,percent,2.8,2.9,0.007633588
Region 6,Season peak percentage,Bin,percent,2.9,3.0,0.007633588
Region 6,Season peak percentage,Bin,percent,3.0,3.1,0.007633588
Region 6,Season peak percentage,Bin,percent,3.1,3.2,0.007633588
Region 6,Season peak percentage,Bin,percent,3.2,3.3,0.007633588
Region 6,Season peak percentage,Bin,percent,3.3,3.4,0.007633588
Region 6,Season peak percentage,Bin,percent,3.4,3.5,0.007633588
Region 6,Season peak percentage,Bin,percent,3.5,3.6,0.007633588
Region 6,Season peak percentage,Bin,percent,3.6,3.7,0.007633588
Region 6,Season peak percentage,Bin,percent,3.7,3.8,0.007633588
Region 6,Season peak percentage,Bin,percent,3.8,3.9,0.007633588
Region 6,Season peak percentage,Bin,percent,3.9,4.0,0.007633588
Region 6,Season peak percentage,Bin,percent,4.0,4.1,0.007633588
Region 6,Season peak percentage,Bin,percent,4.1,4.2,0.007633588
Region 6,Season peak percentage,Bin,percent,4.2,4.3,0.007633588
Region 6,Season peak percentage,Bin,percent,4.3,4.4,0.007633588
Region 6,Season peak percentage,Bin,percent,4.4,4.5,0.007633588
Region 6,Season peak percentage,Bin,percent,4.5,4.6,0.007633588
Region 6,Season peak percentage,Bin,percent,4.6,4.7,0.007633588
Region 6,Season peak percentage,Bin,percent,4.7,4.8,0.007633588
Region 6,Season peak percentage,Bin,percent,4.8,4.9,0.007633588
Region 6,Season peak percentage,Bin,percent,4.9,5.0,0.007633588
Region 6,Season peak percentage,Bin,percent,5.0,5.1,0.007633588
Region 6,Season peak percentage,Bin,percent,5.1,5.2,0.007633588
Region 6,Season peak percentage,Bin,percent,5.2,5.3,0.007633588
Region 6,Season peak percentage,Bin,percent,5.3,5.4,0.007633588
Region 6,Season peak percentage,Bin,percent,5.4,5.5,0.007633588
Region 6,Season peak percentage,Bin,percent,5.5,5.6,0.007633588
Region 6,Season peak percentage,Bin,percent,5.6,5.7,0.007633588
Region 6,Season peak percentage,Bin,percent,5.7,5.8,0.007633588
Region 6,Season peak percentage,Bin,percent,5.8,5.9,0.007633588
Region 6,Season peak percentage,Bin,percent,5.9,6.0,0.007633588
Region 6,Season peak percentage,Bin,percent,6.0,6.1,0.007633588
Region 6,Season peak percentage,Bin,percent,6.1,6.2,0.007633588
Region 6,Season peak percentage,Bin,percent,6.2,6.3,0.007633588
Region 6,Season peak percentage,Bin,percent,6.3,6.4,0.007633588
Region 6,Season peak percentage,Bin,percent,6.4,6.5,0.007633588
Region 6,Season peak percentage,Bin,percent,6.5,6.6,0.007633588
Region 6,Season peak percentage,Bin,percent,6.6,6.7,0.007633588
Region 6,Season peak percentage,Bin,percent,6.7,6.8,0.007633588
Region 6,Season peak percentage,Bin,percent,6.8,6.9,0.007633588
Region 6,Season peak percentage,Bin,percent,6.9,7.0,0.007633588
Region 6,Season peak percentage,Bin,percent,7.0,7.1,0.007633588
Region 6,Season peak percentage,Bin,percent,7.1,7.2,0.007633588
Region 6,Season peak percentage,Bin,percent,7.2,7.3,0.007633588
Region 6,Season peak percentage,Bin,percent,7.3,7.4,0.007633588
Region 6,Season peak percentage,Bin,percent,7.4,7.5,0.007633588
Region 6,Season peak percentage,Bin,percent,7.5,7.6,0.007633588
Region 6,Season peak percentage,Bin,percent,7.6,7.7,0.007633588
Region 6,Season peak percentage,Bin,percent,7.7,7.8,0.007633588
Region 6,Season peak percentage,Bin,percent,7.8,7.9,0.007633588
Region 6,Season peak percentage,Bin,percent,7.9,8.0,0.007633588
Region 6,Season peak percentage,Bin,percent,8.0,8.1,0.007633588
Region 6,Season peak percentage,Bin,percent,8.1,8.2,0.007633588
Region 6,Season peak percentage,Bin,percent,8.2,8.3,0.007633588
Region 6,Season peak percentage,Bin,percent,8.3,8.4,0.007633588
Region 6,Season peak percentage,Bin,percent,8.4,8.5,0.007633588
Region 6,Season peak percentage,Bin,percent,8.5,8.6,0.007633588
Region 6,Season peak percentage,Bin,percent,8.6,8.7,0.007633588
Region 6,Season peak percentage,Bin,percent,8.7,8.8,0.007633588
Region 6,Season peak percentage,Bin,percent,8.8,8.9,0.007633588
Region 6,Season peak percentage,Bin,percent,8.9,9.0,0.007633588
Region 6,Season peak percentage,Bin,percent,9.0,9.1,0.007633588
Region 6,Season peak percentage,Bin,percent,9.1,9.2,0.007633588
Region 6,Season peak percentage,Bin,percent,9.2,9.3,0.007633588
Region 6,Season peak percentage,Bin,percent,9.3,9.4,0.007633588
Region 6,Season peak percentage,Bin,percent,9.4,9.5,0.007633588
Region 6,Season peak percentage,Bin,percent,9.5,9.6,0.007633588
Region 6,Season peak percentage,Bin,percent,9.6,9.7,0.007633588
Region 6,Season peak percentage,Bin,percent,9.7,9.8,0.007633588
Region 6,Season peak percentage,Bin,percent,9.8,9.9,0.007633588
Region 6,Season peak percentage,Bin,percent,9.9,10.0,0.007633588
Region 6,Season peak percentage,Bin,percent,10.0,10.1,0.007633588
Region 6,Season peak percentage,Bin,percent,10.1,10.2,0.007633588
Region 6,Season peak percentage,Bin,percent,10.2,10.3,0.007633588
Region 6,Season peak percentage,Bin,percent,10.3,10.4,0.007633588
Region 6,Season peak percentage,Bin,percent,10.4,10.5,0.007633588
Region 6,Season peak percentage,Bin,percent,10.5,10.6,0.007633588
Region 6,Season peak percentage,Bin,percent,10.6,10.7,0.007633588
Region 6,Season peak percentage,Bin,percent,10.7,10.8,0.007633588
Region 6,Season peak percentage,Bin,percent,10.8,10.9,0.007633588
Region 6,Season peak percentage,Bin,percent,10.9,11.0,0.007633588
Region 6,Season peak percentage,Bin,percent,11.0,11.1,0.007633588
Region 6,Season peak percentage,Bin,percent,11.1,11.2,0.007633588
Region 6,Season peak percentage,Bin,percent,11.2,11.3,0.007633588
Region 6,Season peak percentage,Bin,percent,11.3,11.4,0.007633588
Region 6,Season peak percentage,Bin,percent,11.4,11.5,0.007633588
Region 6,Season peak percentage,Bin,percent,11.5,11.6,0.007633588
Region 6,Season peak percentage,Bin,percent,11.6,11.7,0.007633588
Region 6,Season peak percentage,Bin,percent,11.7,11.8,0.007633588
Region 6,Season peak percentage,Bin,percent,11.8,11.9,0.007633588
Region 6,Season peak percentage,Bin,percent,11.9,12.0,0.007633588
Region 6,Season peak percentage,Bin,percent,12.0,12.1,0.007633588
Region 6,Season peak percentage,Bin,percent,12.1,12.2,0.007633588
Region 6,Season peak percentage,Bin,percent,12.2,12.3,0.007633588
Region 6,Season peak percentage,Bin,percent,12.3,12.4,0.007633588
Region 6,Season peak percentage,Bin,percent,12.4,12.5,0.007633588
Region 6,Season peak percentage,Bin,percent,12.5,12.6,0.007633588
Region 6,Season peak percentage,Bin,percent,12.6,12.7,0.007633588
Region 6,Season peak percentage,Bin,percent,12.7,12.8,0.007633588
Region 6,Season peak percentage,Bin,percent,12.8,12.9,0.007633588
Region 6,Season peak percentage,Bin,percent,12.9,13.0,0.007633588
Region 6,Season peak percentage,Bin,percent,13.0,100.0,0.007633588
Region 6,1 wk ahead,Point,percent,,,3.166535200640779
Region 6,1 wk ahead,Bin,percent,0.0,0.1,1.0000000000000002e-06
Region 6,1 wk ahead,Bin,percent,0.1,0.2,1.0000000000000002e-06
Region 6,1 wk ahead,Bin,percent,0.2,0.3,1.0000000000000002e-06
Region 6,1 wk ahead,Bin,percent,0.3,0.4,1.0000000000000002e-06
Region 6,1 wk ahead,Bin,percent,0.4,0.5,1.0000000000000002e-06
Region 6,1 wk ahead,Bin,percent,0.5,0.6,1.0000000000000002e-06
Region 6,1 wk ahead,Bin,percent,0.6,0.7,1.0000000000000002e-06
Region 6,1 wk ahead,Bin,percent,0.7,0.8,1.0000000000000002e-06
Region 6,1 wk ahead,Bin,percent,0.8,0.9,1.0000000000000002e-06
Region 6,1 wk ahead,Bin,percent,0.9,1.0,1.0000000000000002e-06
Region 6,1 wk ahead,Bin,percent,1.0,1.1,1.0000000000000002e-06
Region 6,1 wk ahead,Bin,percent,1.1,1.2,1.0000000000000002e-06
Region 6,1 wk ahead,Bin,percent,1.2,1.3,1.0000000000000002e-06
Region 6,1 wk ahead,Bin,percent,1.3,1.4,1.0000000000000002e-06
Region 6,1 wk ahead,Bin,percent,1.4,1.5,1.0000000000000002e-06
Region 6,1 wk ahead,Bin,percent,1.5,1.6,1.0000000000000002e-06
Region 6,1 wk ahead,Bin,percent,1.6,1.7,1.0000000000000002e-06
Region 6,1 wk ahead,Bin,percent,1.7,1.8,1.0000000000000002e-06
Region 6,1 wk ahead,Bin,percent,1.8,1.9,1.0000000000000002e-06
Region 6,1 wk ahead,Bin,percent,1.9,2.0,1.0000000000000002e-06
Region 6,1 wk ahead,Bin,percent,2.0,2.1,1.0000000000000002e-06
Region 6,1 wk ahead,Bin,percent,2.1,2.2,1.0000000000000002e-06
Region 6,1 wk ahead,Bin,percent,2.2,2.3,1.0000000000000002e-06
Region 6,1 wk ahead,Bin,percent,2.3,2.4,1.0000000000000002e-06
Region 6,1 wk ahead,Bin,percent,2.4,2.5,1.0000000000000002e-06
Region 6,1 wk ahead,Bin,percent,2.5,2.6,1.0000000000000002e-06
Region 6,1 wk ahead,Bin,percent,2.6,2.7,1.0000000000000002e-06
Region 6,1 wk ahead,Bin,percent,2.7,2.8,1.0000000000000002e-06
Region 6,1 wk ahead,Bin,percent,2.8,2.9,1.0000000000000002e-06
Region 6,1 wk ahead,Bin,percent,2.9,3.0,1.0000000000000002e-06
Region 6,1 wk ahead,Bin,percent,3.0,3.1,1.0000000000000002e-06
Region 6,1 wk ahead,Bin,percent,3.1,3.2,1.0000000000000002e-06
Region 6,1 wk ahead,Bin,percent,3.2,3.3,1.0000000000000002e-06
Region 6,1 wk ahead,Bin,percent,3.3,3.4,1.0000000000000002e-06
Region 6,1 wk ahead,Bin,percent,3.4,3.5,1.0000000000000002e-06
Region 6,1 wk ahead,Bin,percent,3.5,3.6,1.0000000000000002e-06
Region 6,1 wk ahead,Bin,percent,3.6,3.7,1.0000000000000002e-06
Region 6,1 wk ahead,Bin,percent,3.7,3.8,1.0000000000000002e-06
Region 6,1 wk ahead,Bin,percent,3.8,3.9,1.0000000000000002e-06
Region 6,1 wk ahead,Bin,percent,3.9,4.0,1.0000000000000002e-06
Region 6,1 wk ahead,Bin,percent,4.0,4.1,1.0000000000000002e-06
Region 6,1 wk ahead,Bin,percent,4.1,4.2,1.0000000000000002e-06
Region 6,1 wk ahead,Bin,percent,4.2,4.3,0.00020099800000000003
Region 6,1 wk ahead,Bin,percent,4.3,4.4,0.00020099800000000003
Region 6,1 wk ahead,Bin,percent,4.4,4.5,0.000400996
Region 6,1 wk ahead,Bin,percent,4.5,4.6,0.000400996
Region 6,1 wk ahead,Bin,percent,4.6,4.7,0.000400996
Region 6,1 wk ahead,Bin,percent,4.7,4.8,0.00010099900000000001
Region 6,1 wk ahead,Bin,percent,4.8,4.9,0.000500995
Region 6,1 wk ahead,Bin,percent,4.9,5.0,0.000500995
Region 6,1 wk ahead,Bin,percent,5.0,5.1,0.000400996
Region 6,1 wk ahead,Bin,percent,5.1,5.2,0.002300977
Region 6,1 wk ahead,Bin,percent,5.2,5.3,0.0020009800000000003
Region 6,1 wk ahead,Bin,percent,5.3,5.4,0.0033009670000000006
Region 6,1 wk ahead,Bin,percent,5.4,5.5,0.002900971
Region 6,1 wk ahead,Bin,percent,5.5,5.6,0.004500955
Region 6,1 wk ahead,Bin,percent,5.6,5.7,0.005200948000000001
Region 6,1 wk ahead,Bin,percent,5.7,5.8,0.004900951000000001
Region 6,1 wk ahead,Bin,percent,5.8,5.9,0.004600954000000001
Region 6,1 wk ahead,Bin,percent,5.9,6.0,0.007400926
Region 6,1 wk ahead,Bin,percent,6.0,6.1,0.005400946
Region 6,1 wk ahead,Bin,percent,6.1,6.2,0.005700943000000001
Region 6,1 wk ahead,Bin,percent,6.2,6.3,0.006400936
Region 6,1 wk ahead,Bin,percent,6.3,6.4,0.006800932
Region 6,1 wk ahead,Bin,percent,6.4,6.5,0.0050009500000000005
Region 6,1 wk ahead,Bin,percent,6.5,6.6,0.005500945000000001
Region 6,1 wk ahead,Bin,percent,6.6,6.7,0.004900951000000001
Region 6,1 wk ahead,Bin,percent,6.7,6.8,0.0037009630000000007
Region 6,1 wk ahead,Bin,percent,6.8,6.9,0.0027009729999999997
Region 6,1 wk ahead,Bin,percent,6.9,7.0,0.002500975
Region 6,1 wk ahead,Bin,percent,7.0,7.1,0.001100989
Region 6,1 wk ahead,Bin,percent,7.1,7.2,0.001800982
Region 6,1 wk ahead,Bin,percent,7.2,7.3,0.000900991
Region 6,1 wk ahead,Bin,percent,7.3,7.4,0.000800992
Region 6,1 wk ahead,Bin,percent,7.4,7.5,0.001100989
Region 6,1 wk ahead,Bin,percent,7.5,7.6,0.000500995
Region 6,1 wk ahead,Bin,percent,7.6,7.7,0.000800992
Region 6,1 wk ahead,Bin,percent,7.7,7.8,0.00010099900000000001
Region 6,1 wk ahead,Bin,percent,7.8,7.9,0.0007009929999999999
Region 6,1 wk ahead,Bin,percent,7.9,8.0,0.000500995
Region 6,1 wk ahead,Bin,percent,8.0,8.1,0.00020099800000000003
Region 6,1 wk ahead,Bin,percent,8.1,8.2,0.000400996
Region 6,1 wk ahead,Bin,percent,8.2,8.3,0.000400996
Region 6,1 wk ahead,Bin,percent,8.3,8.4,0.0007009929999999999
Region 6,1 wk ahead,Bin,percent,8.4,8.5,0.000400996
Region 6,1 wk ahead,Bin,percent,8.5,8.6,0.00020099800000000003
Region 6,1 wk ahead,Bin,percent,8.6,8.7,1.0000000000000002e-06
Region 6,1 wk ahead,Bin,percent,8.7,8.8,0.00020099800000000003
Region 6,1 wk ahead,Bin,percent,8.8,8.9,1.0000000000000002e-06
Region 6,1 wk ahead,Bin,percent,8.9,9.0,0.00010099900000000001
Region 6,1 wk ahead,Bin,percent,9.0,9.1,0.00010099900000000001
Region 6,1 wk ahead,Bin,percent,9.1,9.2,1.0000000000000002e-06
Region 6,1 wk ahead,Bin,percent,9.2,9.3,1.0000000000000002e-06
Region 6,1 wk ahead,Bin,percent,9.3,9.4,0.00010099900000000001
Region 6,1 wk ahead,Bin,percent,9.4,9.5,0.00010099900000000001
Region 6,1 wk ahead,Bin,percent,9.5,9.6,1.0000000000000002e-06
Region 6,1 wk ahead,Bin,percent,9.6,9.7,1.0000000000000002e-06
Region 6,1 wk ahead,Bin,percent,9.7,9.8,1.0000000000000002e-06
Region 6,1 wk ahead,Bin,percent,9.8,9.9,1.0000000000000002e-06
Region 6,1 wk ahead,Bin,percent,9.9,10.0,1.0000000000000002e-06
Region 6,1 wk ahead,Bin,percent,10.0,10.1,1.0000000000000002e-06
Region 6,1 wk ahead,Bin,percent,10.1,10.2,1.0000000000000002e-06
Region 6,1 wk ahead,Bin,percent,10.2,10.3,1.0000000000000002e-06
Region 6,1 wk ahead,Bin,percent,10.3,10.4,1.0000000000000002e-06
Region 6,1 wk ahead,Bin,percent,10.4,10.5,1.0000000000000002e-06
Region 6,1 wk ahead,Bin,percent,10.5,10.6,1.0000000000000002e-06
Region 6,1 wk ahead,Bin,percent,10.6,10.7,1.0000000000000002e-06
Region 6,1 wk ahead,Bin,percent,10.7,10.8,1.0000000000000002e-06
Region 6,1 wk ahead,Bin,percent,10.8,10.9,1.0000000000000002e-06
Region 6,1 wk ahead,Bin,percent,10.9,11.0,1.0000000000000002e-06
Region 6,1 wk ahead,Bin,percent,11.0,11.1,1.0000000000000002e-06
Region 6,1 wk ahead,Bin,percent,11.1,11.2,1.0000000000000002e-06
Region 6,1 wk ahead,Bin,percent,11.2,11.3,1.0000000000000002e-06
Region 6,1 wk ahead,Bin,percent,11.3,11.4,1.0000000000000002e-06
Region 6,1 wk ahead,Bin,percent,11.4,11.5,1.0000000000000002e-06
Region 6,1 wk ahead,Bin,percent,11.5,11.6,1.0000000000000002e-06
Region 6,1 wk ahead,Bin,percent,11.6,11.7,1.0000000000000002e-06
Region 6,1 wk ahead,Bin,percent,11.7,11.8,1.0000000000000002e-06
Region 6,1 wk ahead,Bin,percent,11.8,11.9,1.0000000000000002e-06
Region 6,1 wk ahead,Bin,percent,11.9,12.0,1.0000000000000002e-06
Region 6,1 wk ahead,Bin,percent,12.0,12.1,1.0000000000000002e-06
Region 6,1 wk ahead,Bin,percent,12.1,12.2,1.0000000000000002e-06
Region 6,1 wk ahead,Bin,percent,12.2,12.3,1.0000000000000002e-06
Region 6,1 wk ahead,Bin,percent,12.3,12.4,1.0000000000000002e-06
Region 6,1 wk ahead,Bin,percent,12.4,12.5,1.0000000000000002e-06
Region 6,1 wk ahead,Bin,percent,12.5,12.6,1.0000000000000002e-06
Region 6,1 wk ahead,Bin,percent,12.6,12.7,1.0000000000000002e-06
Region 6,1 wk ahead,Bin,percent,12.7,12.8,1.0000000000000002e-06
Region 6,1 wk ahead,Bin,percent,12.8,12.9,1.0000000000000002e-06
Region 6,1 wk ahead,Bin,percent,12.9,13.0,1.0000000000000002e-06
Region 6,1 wk ahead,Bin,percent,13.0,100,1.0000000000000002e-06
Region 6,2 wk ahead,Point,percent,,,3.5865246674122435
Region 6,2 wk ahead,Bin,percent,0.0,0.1,1.0000000000000002e-06
Region 6,2 wk ahead,Bin,percent,0.1,0.2,1.0000000000000002e-06
Region 6,2 wk ahead,Bin,percent,0.2,0.3,1.0000000000000002e-06
Region 6,2 wk ahead,Bin,percent,0.3,0.4,1.0000000000000002e-06
Region 6,2 wk ahead,Bin,percent,0.4,0.5,1.0000000000000002e-06
Region 6,2 wk ahead,Bin,percent,0.5,0.6,1.0000000000000002e-06
Region 6,2 wk ahead,Bin,percent,0.6,0.7,1.0000000000000002e-06
Region 6,2 wk ahead,Bin,percent,0.7,0.8,1.0000000000000002e-06
Region 6,2 wk ahead,Bin,percent,0.8,0.9,1.0000000000000002e-06
Region 6,2 wk ahead,Bin,percent,0.9,1.0,1.0000000000000002e-06
Region 6,2 wk ahead,Bin,percent,1.0,1.1,1.0000000000000002e-06
Region 6,2 wk ahead,Bin,percent,1.1,1.2,1.0000000000000002e-06
Region 6,2 wk ahead,Bin,percent,1.2,1.3,1.0000000000000002e-06
Region 6,2 wk ahead,Bin,percent,1.3,1.4,1.0000000000000002e-06
Region 6,2 wk ahead,Bin,percent,1.4,1.5,1.0000000000000002e-06
Region 6,2 wk ahead,Bin,percent,1.5,1.6,1.0000000000000002e-06
Region 6,2 wk ahead,Bin,percent,1.6,1.7,1.0000000000000002e-06
Region 6,2 wk ahead,Bin,percent,1.7,1.8,1.0000000000000002e-06
Region 6,2 wk ahead,Bin,percent,1.8,1.9,1.0000000000000002e-06
Region 6,2 wk ahead,Bin,percent,1.9,2.0,1.0000000000000002e-06
Region 6,2 wk ahead,Bin,percent,2.0,2.1,1.0000000000000002e-06
Region 6,2 wk ahead,Bin,percent,2.1,2.2,1.0000000000000002e-06
Region 6,2 wk ahead,Bin,percent,2.2,2.3,1.0000000000000002e-06
Region 6,2 wk ahead,Bin,percent,2.3,2.4,1.0000000000000002e-06
Region 6,2 wk ahead,Bin,percent,2.4,2.5,1.0000000000000002e-06
Region 6,2 wk ahead,Bin,percent,2.5,2.6,1.0000000000000002e-06
Region 6,2 wk ahead,Bin,percent,2.6,2.7,1.0000000000000002e-06
Region 6,2 wk ahead,Bin,percent,2.7,2.8,1.0000000000000002e-06
Region 6,2 wk ahead,Bin,percent,2.8,2.9,1.0000000000000002e-06
Region 6,2 wk ahead,Bin,percent,2.9,3.0,1.0000000000000002e-06
Region 6,2 wk ahead,Bin,percent,3.0,3.1,1.0000000000000002e-06
Region 6,2 wk ahead,Bin,percent,3.1,3.2,1.0000000000000002e-06
Region 6,2 wk ahead,Bin,percent,3.2,3.3,0.00010099900000000001
Region 6,2 wk ahead,Bin,percent,3.3,3.4,1.0000000000000002e-06
Region 6,2 wk ahead,Bin,percent,3.4,3.5,0.00010099900000000001
Region 6,2 wk ahead,Bin,percent,3.5,3.6,0.000400996
Region 6,2 wk ahead,Bin,percent,3.6,3.7,0.00010099900000000001
Region 6,2 wk ahead,Bin,percent,3.7,3.8,0.000400996
Region 6,2 wk ahead,Bin,percent,3.8,3.9,0.000300997
Region 6,2 wk ahead,Bin,percent,3.9,4.0,0.000400996
Region 6,2 wk ahead,Bin,percent,4.0,4.1,0.0007009929999999999
Region 6,2 wk ahead,Bin,percent,4.1,4.2,0.000300997
Region 6,2 wk ahead,Bin,percent,4.2,4.3,0.000600994
Region 6,2 wk ahead,Bin,percent,4.3,4.4,0.001400986
Region 6,2 wk ahead,Bin,percent,4.4,4.5,0.000600994
Region 6,2 wk ahead,Bin,percent,4.5,4.6,0.001100989
Region 6,2 wk ahead,Bin,percent,4.6,4.7,0.001700983
Region 6,2 wk ahead,Bin,percent,4.7,4.8,0.001900981
Region 6,2 wk ahead,Bin,percent,4.8,4.9,0.001400986
Region 6,2 wk ahead,Bin,percent,4.9,5.0,0.001100989
Region 6,2 wk ahead,Bin,percent,5.0,5.1,0.001400986
Region 6,2 wk ahead,Bin,percent,5.1,5.2,0.002100979
Region 6,2 wk ahead,Bin,percent,5.2,5.3,0.0016009840000000002
Region 6,2 wk ahead,Bin,percent,5.3,5.4,0.002200978
Region 6,2 wk ahead,Bin,percent,5.4,5.5,0.002100979
Region 6,2 wk ahead,Bin,percent,5.5,5.6,0.001700983
Region 6,2 wk ahead,Bin,percent,5.6,5.7,0.0020009800000000003
Region 6,2 wk ahead,Bin,percent,5.7,5.8,0.0020009800000000003
Region 6,2 wk ahead,Bin,percent,5.8,5.9,0.002500975
Region 6,2 wk ahead,Bin,percent,5.9,6.0,0.0032009680000000006
Region 6,2 wk ahead,Bin,percent,6.0,6.1,0.002300977
Region 6,2 wk ahead,Bin,percent,6.1,6.2,0.0026009740000000003
Region 6,2 wk ahead,Bin,percent,6.2,6.3,0.001700983
Region 6,2 wk ahead,Bin,percent,6.3,6.4,0.0026009740000000003
Region 6,2 wk ahead,Bin,percent,6.4,6.5,0.002200978
Region 6,2 wk ahead,Bin,percent,6.5,6.6,0.0040009600000000005
Region 6,2 wk ahead,Bin,percent,6.6,6.7,0.002500975
Region 6,2 wk ahead,Bin,percent,6.7,6.8,0.002100979
Region 6,2 wk ahead,Bin,percent,6.8,6.9,0.002500975
Region 6,2 wk ahead,Bin,percent,6.9,7.0,0.0027009729999999997
Region 6,2 wk ahead,Bin,percent,7.0,7.1,0.002400976
Region 6,2 wk ahead,Bin,percent,7.1,7.2,0.001900981
Region 6,2 wk ahead,Bin,percent,7.2,7.3,0.002400976
Region 6,2 wk ahead,Bin,percent,7.3,7.4,0.0028009719999999997
Region 6,2 wk ahead,Bin,percent,7.4,7.5,0.0020009800000000003
Region 6,2 wk ahead,Bin,percent,7.5,7.6,0.001700983
Region 6,2 wk ahead,Bin,percent,7.6,7.7,0.001900981
Region 6,2 wk ahead,Bin,percent,7.7,7.8,0.001400986
Region 6,2 wk ahead,Bin,percent,7.8,7.9,0.001100989
Region 6,2 wk ahead,Bin,percent,7.9,8.0,0.001900981
Region 6,2 wk ahead,Bin,percent,8.0,8.1,0.001100989
Region 6,2 wk ahead,Bin,percent,8.1,8.2,0.001500985
Region 6,2 wk ahead,Bin,percent,8.2,8.3,0.001500985
Region 6,2 wk ahead,Bin,percent,8.3,8.4,0.00100099
Region 6,2 wk ahead,Bin,percent,8.4,8.5,0.00100099
Region 6,2 wk ahead,Bin,percent,8.5,8.6,0.00100099
Region 6,2 wk ahead,Bin,percent,8.6,8.7,0.00100099
Region 6,2 wk ahead,Bin,percent,8.7,8.8,0.000900991
Region 6,2 wk ahead,Bin,percent,8.8,8.9,0.001100989
Region 6,2 wk ahead,Bin,percent,8.9,9.0,0.00020099800000000003
Region 6,2 wk ahead,Bin,percent,9.0,9.1,0.001100989
Region 6,2 wk ahead,Bin,percent,9.1,9.2,0.000600994
Region 6,2 wk ahead,Bin,percent,9.2,9.3,0.000500995
Region 6,2 wk ahead,Bin,percent,9.3,9.4,0.00100099
Region 6,2 wk ahead,Bin,percent,9.4,9.5,0.000400996
Region 6,2 wk ahead,Bin,percent,9.5,9.6,0.000600994
Region 6,2 wk ahead,Bin,percent,9.6,9.7,0.000400996
Region 6,2 wk ahead,Bin,percent,9.7,9.8,0.000600994
Region 6,2 wk ahead,Bin,percent,9.8,9.9,0.000300997
Region 6,2 wk ahead,Bin,percent,9.9,10.0,0.000800992
Region 6,2 wk ahead,Bin,percent,10.0,10.1,0.000400996
Region 6,2 wk ahead,Bin,percent,10.1,10.2,1.0000000000000002e-06
Region 6,2 wk ahead,Bin,percent,10.2,10.3,0.000400996
Region 6,2 wk ahead,Bin,percent,10.3,10.4,0.000300997
Region 6,2 wk ahead,Bin,percent,10.4,10.5,0.00020099800000000003
Region 6,2 wk ahead,Bin,percent,10.5,10.6,0.000300997
Region 6,2 wk ahead,Bin,percent,10.6,10.7,1.0000000000000002e-06
Region 6,2 wk ahead,Bin,percent,10.7,10.8,0.00020099800000000003
Region 6,2 wk ahead,Bin,percent,10.8,10.9,0.000300997
Region 6,2 wk ahead,Bin,percent,10.9,11.0,1.0000000000000002e-06
Region 6,2 wk ahead,Bin,percent,11.0,11.1,0.00020099800000000003
Region 6,2 wk ahead,Bin,percent,11.1,11.2,0.00020099800000000003
Region 6,2 wk ahead,Bin,percent,11.2,11.3,0.00010099900000000001
Region 6,2 wk ahead,Bin,percent,11.3,11.4,0.00020099800000000003
Region 6,2 wk ahead,Bin,percent,11.4,11.5,0.00010099900000000001
Region 6,2 wk ahead,Bin,percent,11.5,11.6,0.00020099800000000003
Region 6,2 wk ahead,Bin,percent,11.6,11.7,0.00010099900000000001
Region 6,2 wk ahead,Bin,percent,11.7,11.8,0.000400996
Region 6,2 wk ahead,Bin,percent,11.8,11.9,0.00020099800000000003
Region 6,2 wk ahead,Bin,percent,11.9,12.0,0.00010099900000000001
Region 6,2 wk ahead,Bin,percent,12.0,12.1,0.000300997
Region 6,2 wk ahead,Bin,percent,12.1,12.2,0.00020099800000000003
Region 6,2 wk ahead,Bin,percent,12.2,12.3,1.0000000000000002e-06
Region 6,2 wk ahead,Bin,percent,12.3,12.4,0.00010099900000000001
Region 6,2 wk ahead,Bin,percent,12.4,12.5,0.00010099900000000001
Region 6,2 wk ahead,Bin,percent,12.5,12.6,1.0000000000000002e-06
Region 6,2 wk ahead,Bin,percent,12.6,12.7,1.0000000000000002e-06
Region 6,2 wk ahead,Bin,percent,12.7,12.8,0.00010099900000000001
Region 6,2 wk ahead,Bin,percent,12.8,12.9,1.0000000000000002e-06
Region 6,2 wk ahead,Bin,percent,12.9,13.0,1.0000000000000002e-06
Region 6,2 wk ahead,Bin,percent,13.0,100,0.000600994
Region 6,3 wk ahead,Point,percent,,,3.042753496972457
Region 6,3 wk ahead,Bin,percent,0.0,0.1,1.0000000000000002e-06
Region 6,3 wk ahead,Bin,percent,0.1,0.2,1.0000000000000002e-06
Region 6,3 wk ahead,Bin,percent,0.2,0.3,1.0000000000000002e-06
Region 6,3 wk ahead,Bin,percent,0.3,0.4,1.0000000000000002e-06
Region 6,3 wk ahead,Bin,percent,0.4,0.5,1.0000000000000002e-06
Region 6,3 wk ahead,Bin,percent,0.5,0.6,1.0000000000000002e-06
Region 6,3 wk ahead,Bin,percent,0.6,0.7,1.0000000000000002e-06
Region 6,3 wk ahead,Bin,percent,0.7,0.8,1.0000000000000002e-06
Region 6,3 wk ahead,Bin,percent,0.8,0.9,1.0000000000000002e-06
Region 6,3 wk ahead,Bin,percent,0.9,1.0,1.0000000000000002e-06
Region 6,3 wk ahead,Bin,percent,1.0,1.1,1.0000000000000002e-06
Region 6,3 wk ahead,Bin,percent,1.1,1.2,1.0000000000000002e-06
Region 6,3 wk ahead,Bin,percent,1.2,1.3,1.0000000000000002e-06
Region 6,3 wk ahead,Bin,percent,1.3,1.4,1.0000000000000002e-06
Region 6,3 wk ahead,Bin,percent,1.4,1.5,1.0000000000000002e-06
Region 6,3 wk ahead,Bin,percent,1.5,1.6,1.0000000000000002e-06
Region 6,3 wk ahead,Bin,percent,1.6,1.7,1.0000000000000002e-06
Region 6,3 wk ahead,Bin,percent,1.7,1.8,1.0000000000000002e-06
Region 6,3 wk ahead,Bin,percent,1.8,1.9,1.0000000000000002e-06
Region 6,3 wk ahead,Bin,percent,1.9,2.0,1.0000000000000002e-06
Region 6,3 wk ahead,Bin,percent,2.0,2.1,1.0000000000000002e-06
Region 6,3 wk ahead,Bin,percent,2.1,2.2,1.0000000000000002e-06
Region 6,3 wk ahead,Bin,percent,2.2,2.3,1.0000000000000002e-06
Region 6,3 wk ahead,Bin,percent,2.3,2.4,1.0000000000000002e-06
Region 6,3 wk ahead,Bin,percent,2.4,2.5,0.00010099900000000001
Region 6,3 wk ahead,Bin,percent,2.5,2.6,0.00010099900000000001
Region 6,3 wk ahead,Bin,percent,2.6,2.7,1.0000000000000002e-06
Region 6,3 wk ahead,Bin,percent,2.7,2.8,0.00020099800000000003
Region 6,3 wk ahead,Bin,percent,2.8,2.9,0.00020099800000000003
Region 6,3 wk ahead,Bin,percent,2.9,3.0,0.000300997
Region 6,3 wk ahead,Bin,percent,3.0,3.1,0.00020099800000000003
Region 6,3 wk ahead,Bin,percent,3.1,3.2,0.000400996
Region 6,3 wk ahead,Bin,percent,3.2,3.3,0.000300997
Region 6,3 wk ahead,Bin,percent,3.3,3.4,0.000400996
Region 6,3 wk ahead,Bin,percent,3.4,3.5,0.000400996
Region 6,3 wk ahead,Bin,percent,3.5,3.6,0.000500995
Region 6,3 wk ahead,Bin,percent,3.6,3.7,0.0007009929999999999
Region 6,3 wk ahead,Bin,percent,3.7,3.8,0.000800992
Region 6,3 wk ahead,Bin,percent,3.8,3.9,0.0007009929999999999
Region 6,3 wk ahead,Bin,percent,3.9,4.0,0.000900991
Region 6,3 wk ahead,Bin,percent,4.0,4.1,0.001400986
Region 6,3 wk ahead,Bin,percent,4.1,4.2,0.000900991
Region 6,3 wk ahead,Bin,percent,4.2,4.3,0.001100989
Region 6,3 wk ahead,Bin,percent,4.3,4.4,0.0013009870000000002
Region 6,3 wk ahead,Bin,percent,4.4,4.5,0.0016009840000000002
Region 6,3 wk ahead,Bin,percent,4.5,4.6,0.001400986
Region 6,3 wk ahead,Bin,percent,4.6,4.7,0.0016009840000000002
Region 6,3 wk ahead,Bin,percent,4.7,4.8,0.000900991
Region 6,3 wk ahead,Bin,percent,4.8,4.9,0.0020009800000000003
Region 6,3 wk ahead,Bin,percent,4.9,5.0,0.001900981
Region 6,3 wk ahead,Bin,percent,5.0,5.1,0.00100099
Region 6,3 wk ahead,Bin,percent,5.1,5.2,0.00100099
Region 6,3 wk ahead,Bin,percent,5.2,5.3,0.001700983
Region 6,3 wk ahead,Bin,percent,5.3,5.4,0.001900981
Region 6,3 wk ahead,Bin,percent,5.4,5.5,0.001500985
Region 6,3 wk ahead,Bin,percent,5.5,5.6,0.0016009840000000002
Region 6,3 wk ahead,Bin,percent,5.6,5.7,0.002400976
Region 6,3 wk ahead,Bin,percent,5.7,5.8,0.001400986
Region 6,3 wk ahead,Bin,percent,5.8,5.9,0.002100979
Region 6,3 wk ahead,Bin,percent,5.9,6.0,0.001100989
Region 6,3 wk ahead,Bin,percent,6.0,6.1,0.001900981
Region 6,3 wk ahead,Bin,percent,6.1,6.2,0.002200978
Region 6,3 wk ahead,Bin,percent,6.2,6.3,0.0027009729999999997
Region 6,3 wk ahead,Bin,percent,6.3,6.4,0.001900981
Region 6,3 wk ahead,Bin,percent,6.4,6.5,0.001700983
Region 6,3 wk ahead,Bin,percent,6.5,6.6,0.0013009870000000002
Region 6,3 wk ahead,Bin,percent,6.6,6.7,0.0016009840000000002
Region 6,3 wk ahead,Bin,percent,6.7,6.8,0.002400976
Region 6,3 wk ahead,Bin,percent,6.8,6.9,0.001800982
Region 6,3 wk ahead,Bin,percent,6.9,7.0,0.001900981
Region 6,3 wk ahead,Bin,percent,7.0,7.1,0.0013009870000000002
Region 6,3 wk ahead,Bin,percent,7.1,7.2,0.001900981
Region 6,3 wk ahead,Bin,percent,7.2,7.3,0.000900991
Region 6,3 wk ahead,Bin,percent,7.3,7.4,0.001400986
Region 6,3 wk ahead,Bin,percent,7.4,7.5,0.001400986
Region 6,3 wk ahead,Bin,percent,7.5,7.6,0.000800992
Region 6,3 wk ahead,Bin,percent,7.6,7.7,0.0013009870000000002
Region 6,3 wk ahead,Bin,percent,7.7,7.8,0.000800992
Region 6,3 wk ahead,Bin,percent,7.8,7.9,0.001900981
Region 6,3 wk ahead,Bin,percent,7.9,8.0,0.001100989
Region 6,3 wk ahead,Bin,percent,8.0,8.1,0.001400986
Region 6,3 wk ahead,Bin,percent,8.1,8.2,0.000800992
Region 6,3 wk ahead,Bin,percent,8.2,8.3,0.001400986
Region 6,3 wk ahead,Bin,percent,8.3,8.4,0.000500995
Region 6,3 wk ahead,Bin,percent,8.4,8.5,0.001700983
Region 6,3 wk ahead,Bin,percent,8.5,8.6,0.00100099
Region 6,3 wk ahead,Bin,percent,8.6,8.7,0.001100989
Region 6,3 wk ahead,Bin,percent,8.7,8.8,0.0007009929999999999
Region 6,3 wk ahead,Bin,percent,8.8,8.9,0.001100989
Region 6,3 wk ahead,Bin,percent,8.9,9.0,0.001100989
Region 6,3 wk ahead,Bin,percent,9.0,9.1,0.001100989
Region 6,3 wk ahead,Bin,percent,9.1,9.2,0.00100099
Region 6,3 wk ahead,Bin,percent,9.2,9.3,0.0007009929999999999
Region 6,3 wk ahead,Bin,percent,9.3,9.4,0.0007009929999999999
Region 6,3 wk ahead,Bin,percent,9.4,9.5,0.000900991
Region 6,3 wk ahead,Bin,percent,9.5,9.6,0.00100099
Region 6,3 wk ahead,Bin,percent,9.6,9.7,0.000300997
Region 6,3 wk ahead,Bin,percent,9.7,9.8,0.000500995
Region 6,3 wk ahead,Bin,percent,9.8,9.9,0.000400996
Region 6,3 wk ahead,Bin,percent,9.9,10.0,0.000300997
Region 6,3 wk ahead,Bin,percent,10.0,10.1,0.000900991
Region 6,3 wk ahead,Bin,percent,10.1,10.2,0.0007009929999999999
Region 6,3 wk ahead,Bin,percent,10.2,10.3,0.000400996
Region 6,3 wk ahead,Bin,percent,10.3,10.4,0.000400996
Region 6,3 wk ahead,Bin,percent,10.4,10.5,0.000400996
Region 6,3 wk ahead,Bin,percent,10.5,10.6,0.000600994
Region 6,3 wk ahead,Bin,percent,10.6,10.7,0.000300997
Region 6,3 wk ahead,Bin,percent,10.7,10.8,0.00020099800000000003
Region 6,3 wk ahead,Bin,percent,10.8,10.9,0.000500995
Region 6,3 wk ahead,Bin,percent,10.9,11.0,0.000500995
Region 6,3 wk ahead,Bin,percent,11.0,11.1,1.0000000000000002e-06
Region 6,3 wk ahead,Bin,percent,11.1,11.2,0.0007009929999999999
Region 6,3 wk ahead,Bin,percent,11.2,11.3,0.000800992
Region 6,3 wk ahead,Bin,percent,11.3,11.4,0.000300997
Region 6,3 wk ahead,Bin,percent,11.4,11.5,0.00020099800000000003
Region 6,3 wk ahead,Bin,percent,11.5,11.6,0.000300997
Region 6,3 wk ahead,Bin,percent,11.6,11.7,0.000600994
Region 6,3 wk ahead,Bin,percent,11.7,11.8,0.000300997
Region 6,3 wk ahead,Bin,percent,11.8,11.9,0.00020099800000000003
Region 6,3 wk ahead,Bin,percent,11.9,12.0,0.00020099800000000003
Region 6,3 wk ahead,Bin,percent,12.0,12.1,0.00020099800000000003
Region 6,3 wk ahead,Bin,percent,12.1,12.2,0.000500995
Region 6,3 wk ahead,Bin,percent,12.2,12.3,0.000300997
Region 6,3 wk ahead,Bin,percent,12.3,12.4,0.000300997
Region 6,3 wk ahead,Bin,percent,12.4,12.5,0.00010099900000000001
Region 6,3 wk ahead,Bin,percent,12.5,12.6,0.00020099800000000003
Region 6,3 wk ahead,Bin,percent,12.6,12.7,0.000300997
Region 6,3 wk ahead,Bin,percent,12.7,12.8,1.0000000000000002e-06
Region 6,3 wk ahead,Bin,percent,12.8,12.9,1.0000000000000002e-06
Region 6,3 wk ahead,Bin,percent,12.9,13.0,0.00010099900000000001
Region 6,3 wk ahead,Bin,percent,13.0,100,0.0036009640000000003
Region 6,4 wk ahead,Point,percent,,,3.6161387489194436
Region 6,4 wk ahead,Bin,percent,0.0,0.1,1.0000000000000002e-06
Region 6,4 wk ahead,Bin,percent,0.1,0.2,1.0000000000000002e-06
Region 6,4 wk ahead,Bin,percent,0.2,0.3,1.0000000000000002e-06
Region 6,4 wk ahead,Bin,percent,0.3,0.4,1.0000000000000002e-06
Region 6,4 wk ahead,Bin,percent,0.4,0.5,1.0000000000000002e-06
Region 6,4 wk ahead,Bin,percent,0.5,0.6,1.0000000000000002e-06
Region 6,4 wk ahead,Bin,percent,0.6,0.7,1.0000000000000002e-06
Region 6,4 wk ahead,Bin,percent,0.7,0.8,1.0000000000000002e-06
Region 6,4 wk ahead,Bin,percent,0.8,0.9,1.0000000000000002e-06
Region 6,4 wk ahead,Bin,percent,0.9,1.0,1.0000000000000002e-06
Region 6,4 wk ahead,Bin,percent,1.0,1.1,1.0000000000000002e-06
Region 6,4 wk ahead,Bin,percent,1.1,1.2,1.0000000000000002e-06
Region 6,4 wk ahead,Bin,percent,1.2,1.3,1.0000000000000002e-06
Region 6,4 wk ahead,Bin,percent,1.3,1.4,1.0000000000000002e-06
Region 6,4 wk ahead,Bin,percent,1.4,1.5,1.0000000000000002e-06
Region 6,4 wk ahead,Bin,percent,1.5,1.6,1.0000000000000002e-06
Region 6,4 wk ahead,Bin,percent,1.6,1.7,0.00010099900000000001
Region 6,4 wk ahead,Bin,percent,1.7,1.8,1.0000000000000002e-06
Region 6,4 wk ahead,Bin,percent,1.8,1.9,1.0000000000000002e-06
Region 6,4 wk ahead,Bin,percent,1.9,2.0,0.000300997
Region 6,4 wk ahead,Bin,percent,2.0,2.1,0.00010099900000000001
Region 6,4 wk ahead,Bin,percent,2.1,2.2,0.00010099900000000001
Region 6,4 wk ahead,Bin,percent,2.2,2.3,0.000300997
Region 6,4 wk ahead,Bin,percent,2.3,2.4,0.000400996
Region 6,4 wk ahead,Bin,percent,2.4,2.5,0.000400996
Region 6,4 wk ahead,Bin,percent,2.5,2.6,0.000300997
Region 6,4 wk ahead,Bin,percent,2.6,2.7,0.000300997
Region 6,4 wk ahead,Bin,percent,2.7,2.8,0.000500995
Region 6,4 wk ahead,Bin,percent,2.8,2.9,0.000500995
Region 6,4 wk ahead,Bin,percent,2.9,3.0,0.000600994
Region 6,4 wk ahead,Bin,percent,3.0,3.1,0.000500995
Region 6,4 wk ahead,Bin,percent,3.1,3.2,0.000500995
Region 6,4 wk ahead,Bin,percent,3.2,3.3,0.0007009929999999999
Region 6,4 wk ahead,Bin,percent,3.3,3.4,0.000600994
Region 6,4 wk ahead,Bin,percent,3.4,3.5,0.00100099
Region 6,4 wk ahead,Bin,percent,3.5,3.6,0.00100099
Region 6,4 wk ahead,Bin,percent,3.6,3.7,0.000600994
Region 6,4 wk ahead,Bin,percent,3.7,3.8,0.000400996
Region 6,4 wk ahead,Bin,percent,3.8,3.9,0.000600994
Region 6,4 wk ahead,Bin,percent,3.9,4.0,0.000600994
Region 6,4 wk ahead,Bin,percent,4.0,4.1,0.00100099
Region 6,4 wk ahead,Bin,percent,4.1,4.2,0.001200988
Region 6,4 wk ahead,Bin,percent,4.2,4.3,0.001700983
Region 6,4 wk ahead,Bin,percent,4.3,4.4,0.0016009840000000002
Region 6,4 wk ahead,Bin,percent,4.4,4.5,0.0016009840000000002
Region 6,4 wk ahead,Bin,percent,4.5,4.6,0.00100099
Region 6,4 wk ahead,Bin,percent,4.6,4.7,0.001200988
Region 6,4 wk ahead,Bin,percent,4.7,4.8,0.001500985
Region 6,4 wk ahead,Bin,percent,4.8,4.9,0.001100989
Region 6,4 wk ahead,Bin,percent,4.9,5.0,0.001200988
Region 6,4 wk ahead,Bin,percent,5.0,5.1,0.001700983
Region 6,4 wk ahead,Bin,percent,5.1,5.2,0.001800982
Region 6,4 wk ahead,Bin,percent,5.2,5.3,0.0020009800000000003
Region 6,4 wk ahead,Bin,percent,5.3,5.4,0.0020009800000000003
Region 6,4 wk ahead,Bin,percent,5.4,5.5,0.001500985
Region 6,4 wk ahead,Bin,percent,5.5,5.6,0.0016009840000000002
Region 6,4 wk ahead,Bin,percent,5.6,5.7,0.001200988
Region 6,4 wk ahead,Bin,percent,5.7,5.8,0.001100989
Region 6,4 wk ahead,Bin,percent,5.8,5.9,0.001200988
Region 6,4 wk ahead,Bin,percent,5.9,6.0,0.0013009870000000002
Region 6,4 wk ahead,Bin,percent,6.0,6.1,0.001400986
Region 6,4 wk ahead,Bin,percent,6.1,6.2,0.002300977
Region 6,4 wk ahead,Bin,percent,6.2,6.3,0.0016009840000000002
Region 6,4 wk ahead,Bin,percent,6.3,6.4,0.001700983
Region 6,4 wk ahead,Bin,percent,6.4,6.5,0.002100979
Region 6,4 wk ahead,Bin,percent,6.5,6.6,0.001700983
Region 6,4 wk ahead,Bin,percent,6.6,6.7,0.001700983
Region 6,4 wk ahead,Bin,percent,6.7,6.8,0.00100099
Region 6,4 wk ahead,Bin,percent,6.8,6.9,0.001100989
Region 6,4 wk ahead,Bin,percent,6.9,7.0,0.000900991
Region 6,4 wk ahead,Bin,percent,7.0,7.1,0.001900981
Region 6,4 wk ahead,Bin,percent,7.1,7.2,0.001400986
Region 6,4 wk ahead,Bin,percent,7.2,7.3,0.000800992
Region 6,4 wk ahead,Bin,percent,7.3,7.4,0.001200988
Region 6,4 wk ahead,Bin,percent,7.4,7.5,0.00100099
Region 6,4 wk ahead,Bin,percent,7.5,7.6,0.001100989
Region 6,4 wk ahead,Bin,percent,7.6,7.7,0.000800992
Region 6,4 wk ahead,Bin,percent,7.7,7.8,0.000500995
Region 6,4 wk ahead,Bin,percent,7.8,7.9,0.000800992
Region 6,4 wk ahead,Bin,percent,7.9,8.0,0.001100989
Region 6,4 wk ahead,Bin,percent,8.0,8.1,0.001200988
Region 6,4 wk ahead,Bin,percent,8.1,8.2,0.000800992
Region 6,4 wk ahead,Bin,percent,8.2,8.3,0.000600994
Region 6,4 wk ahead,Bin,percent,8.3,8.4,0.000800992
Region 6,4 wk ahead,Bin,percent,8.4,8.5,0.00100099
Region 6,4 wk ahead,Bin,percent,8.5,8.6,0.00100099
Region 6,4 wk ahead,Bin,percent,8.6,8.7,0.000900991
Region 6,4 wk ahead,Bin,percent,8.7,8.8,0.000800992
Region 6,4 wk ahead,Bin,percent,8.8,8.9,0.000600994
Region 6,4 wk ahead,Bin,percent,8.9,9.0,0.000900991
Region 6,4 wk ahead,Bin,percent,9.0,9.1,0.0007009929999999999
Region 6,4 wk ahead,Bin,percent,9.1,9.2,0.001100989
Region 6,4 wk ahead,Bin,percent,9.2,9.3,0.000600994
Region 6,4 wk ahead,Bin,percent,9.3,9.4,0.000300997
Region 6,4 wk ahead,Bin,percent,9.4,9.5,0.0007009929999999999
Region 6,4 wk ahead,Bin,percent,9.5,9.6,0.000800992
Region 6,4 wk ahead,Bin,percent,9.6,9.7,0.00020099800000000003
Region 6,4 wk ahead,Bin,percent,9.7,9.8,0.00010099900000000001
Region 6,4 wk ahead,Bin,percent,9.8,9.9,0.000500995
Region 6,4 wk ahead,Bin,percent,9.9,10.0,0.000400996
Region 6,4 wk ahead,Bin,percent,10.0,10.1,0.001100989
Region 6,4 wk ahead,Bin,percent,10.1,10.2,0.000500995
Region 6,4 wk ahead,Bin,percent,10.2,10.3,0.000400996
Region 6,4 wk ahead,Bin,percent,10.3,10.4,0.00020099800000000003
Region 6,4 wk ahead,Bin,percent,10.4,10.5,0.001100989
Region 6,4 wk ahead,Bin,percent,10.5,10.6,0.000600994
Region 6,4 wk ahead,Bin,percent,10.6,10.7,0.000800992
Region 6,4 wk ahead,Bin,percent,10.7,10.8,0.000500995
Region 6,4 wk ahead,Bin,percent,10.8,10.9,0.00100099
Region 6,4 wk ahead,Bin,percent,10.9,11.0,0.00020099800000000003
Region 6,4 wk ahead,Bin,percent,11.0,11.1,0.000600994
Region 6,4 wk ahead,Bin,percent,11.1,11.2,0.000600994
Region 6,4 wk ahead,Bin,percent,11.2,11.3,0.0007009929999999999
Region 6,4 wk ahead,Bin,percent,11.3,11.4,0.000300997
Region 6,4 wk ahead,Bin,percent,11.4,11.5,1.0000000000000002e-06
Region 6,4 wk ahead,Bin,percent,11.5,11.6,0.00020099800000000003
Region 6,4 wk ahead,Bin,percent,11.6,11.7,0.000300997
Region 6,4 wk ahead,Bin,percent,11.7,11.8,0.000500995
Region 6,4 wk ahead,Bin,percent,11.8,11.9,0.00010099900000000001
Region 6,4 wk ahead,Bin,percent,11.9,12.0,0.00020099800000000003
Region 6,4 wk ahead,Bin,percent,12.0,12.1,0.000400996
Region 6,4 wk ahead,Bin,percent,12.1,12.2,0.000300997
Region 6,4 wk ahead,Bin,percent,12.2,12.3,0.000500995
Region 6,4 wk ahead,Bin,percent,12.3,12.4,0.000600994
Region 6,4 wk ahead,Bin,percent,12.4,12.5,0.00010099900000000001
Region 6,4 wk ahead,Bin,percent,12.5,12.6,0.00020099800000000003
Region 6,4 wk ahead,Bin,percent,12.6,12.7,0.000300997
Region 6,4 wk ahead,Bin,percent,12.7,12.8,0.00020099800000000003
Region 6,4 wk ahead,Bin,percent,12.8,12.9,0.000500995
Region 6,4 wk ahead,Bin,percent,12.9,13.0,0.00010099900000000001
Region 6,4 wk ahead,Bin,percent,13.0,100,0.007900921
Region 7,Season onset,Bin,week,none,none,0.029411765
Region 7,Season onset,Bin,week,40,41,0.029411765
Region 7,Season onset,Bin,week,41,42,0.029411765
Region 7,Season onset,Bin,week,42,43,0.029411765
Region 7,Season onset,Bin,week,43,44,0.029411765
Region 7,Season onset,Bin,week,44,45,0.029411765
Region 7,Season onset,Bin,week,45,46,0.029411765
Region 7,Season onset,Bin,week,46,47,0.029411765
Region 7,Season onset,Bin,week,47,48,0.029411765
Region 7,Season onset,Bin,week,48,49,0.029411765
Region 7,Season onset,Bin,week,49,50,0.029411765
Region 7,Season onset,Bin,week,50,51,0.029411765
Region 7,Season onset,Bin,week,51,52,0.029411765
Region 7,Season onset,Bin,week,52,53,0.029411765
Region 7,Season onset,Bin,week,1,2,0.0765
Region 7,Season onset,Bin,week,2,3,0.0765
Region 7,Season onset,Bin,week,3,4,0.0765
Region 7,Season onset,Bin,week,4,5,0.0765
Region 7,Season onset,Bin,week,5,6,0.0765
Region 7,Season onset,Bin,week,6,7,0.0765
Region 7,Season onset,Bin,week,7,8,0.0765
Region 7,Season onset,Bin,week,8,9,0.0765
Region 7,Season onset,Bin,week,9,10,0.0765
Region 7,Season onset,Bin,week,10,11,0.0765
Region 7,Season onset,Bin,week,11,12,0.0765
Region 7,Season onset,Bin,week,12,13,0.0765
Region 7,Season onset,Bin,week,13,14,0.0765
Region 7,Season onset,Bin,week,14,15,0.0765
Region 7,Season onset,Bin,week,15,16,0.0765
Region 7,Season onset,Bin,week,16,17,0.0765
Region 7,Season onset,Bin,week,17,18,0.0765
Region 7,Season onset,Bin,week,18,19,0.0765
Region 7,Season onset,Bin,week,19,20,0.0765
Region 7,Season onset,Bin,week,20,21,0.0765
Region 7,Season peak week,Bin,week,40,41,0.03030303
Region 7,Season peak week,Bin,week,41,42,0.03030303
Region 7,Season peak week,Bin,week,42,43,0.03030303
Region 7,Season peak week,Bin,week,43,44,0.03030303
Region 7,Season peak week,Bin,week,44,45,0.03030303
Region 7,Season peak week,Bin,week,45,46,0.03030303
Region 7,Season peak week,Bin,week,46,47,0.03030303
Region 7,Season peak week,Bin,week,47,48,0.03030303
Region 7,Season peak week,Bin,week,48,49,0.03030303
Region 7,Season peak week,Bin,week,49,50,0.03030303
Region 7,Season peak week,Bin,week,50,51,0.03030303
Region 7,Season peak week,Bin,week,51,52,0.03030303
Region 7,Season peak week,Bin,week,52,53,0.03030303
Region 7,Season peak week,Bin,week,1,2,0.03030303
Region 7,Season peak week,Bin,week,2,3,0.03030303
Region 7,Season peak week,Bin,week,3,4,0.03030303
Region 7,Season peak week,Bin,week,4,5,0.03030303
Region 7,Season peak week,Bin,week,5,6,0.03030303
Region 7,Season peak week,Bin,week,6,7,0.03030303
Region 7,Season peak week,Bin,week,7,8,0.03030303
Region 7,Season peak week,Bin,week,8,9,0.03030303
Region 7,Season peak week,Bin,week,9,10,0.03030303
Region 7,Season peak week,Bin,week,10,11,0.03030303
Region 7,Season peak week,Bin,week,11,12,0.03030303
Region 7,Season peak week,Bin,week,12,13,0.03030303
Region 7,Season peak week,Bin,week,13,14,0.03030303
Region 7,Season peak week,Bin,week,14,15,0.03030303
Region 7,Season peak week,Bin,week,15,16,0.03030303
Region 7,Season peak week,Bin,week,16,17,0.03030303
Region 7,Season peak week,Bin,week,17,18,0.03030303
Region 7,Season peak week,Bin,week,18,19,0.03030303
Region 7,Season peak week,Bin,week,19,20,0.03030303
Region 7,Season peak week,Bin,week,20,21,0.03030303
Region 7,Season peak percentage,Bin,percent,0.0,0.1,0.007633588
Region 7,Season peak percentage,Bin,percent,0.1,0.2,0.007633588
Region 7,Season peak percentage,Bin,percent,0.2,0.3,0.007633588
Region 7,Season peak percentage,Bin,percent,0.3,0.4,0.007633588
Region 7,Season peak percentage,Bin,percent,0.4,0.5,0.007633588
Region 7,Season peak percentage,Bin,percent,0.5,0.6,0.007633588
Region 7,Season peak percentage,Bin,percent,0.6,0.7,0.007633588
Region 7,Season peak percentage,Bin,percent,0.7,0.8,0.007633588
Region 7,Season peak percentage,Bin,percent,0.8,0.9,0.007633588
Region 7,Season peak percentage,Bin,percent,0.9,1.0,0.007633588
Region 7,Season peak percentage,Bin,percent,1.0,1.1,0.007633588
Region 7,Season peak percentage,Bin,percent,1.1,1.2,0.007633588
Region 7,Season peak percentage,Bin,percent,1.2,1.3,0.007633588
Region 7,Season peak percentage,Bin,percent,1.3,1.4,0.007633588
Region 7,Season peak percentage,Bin,percent,1.4,1.5,0.007633588
Region 7,Season peak percentage,Bin,percent,1.5,1.6,0.007633588
Region 7,Season peak percentage,Bin,percent,1.6,1.7,0.007633588
Region 7,Season peak percentage,Bin,percent,1.7,1.8,0.007633588
Region 7,Season peak percentage,Bin,percent,1.8,1.9,0.007633588
Region 7,Season peak percentage,Bin,percent,1.9,2.0,0.007633588
Region 7,Season peak percentage,Bin,percent,2.0,2.1,0.007633588
Region 7,Season peak percentage,Bin,percent,2.1,2.2,0.007633588
Region 7,Season peak percentage,Bin,percent,2.2,2.3,0.007633588
Region 7,Season peak percentage,Bin,percent,2.3,2.4,0.007633588
Region 7,Season peak percentage,Bin,percent,2.4,2.5,0.007633588
Region 7,Season peak percentage,Bin,percent,2.5,2.6,0.007633588
Region 7,Season peak percentage,Bin,percent,2.6,2.7,0.007633588
Region 7,Season peak percentage,Bin,percent,2.7,2.8,0.007633588
Region 7,Season peak percentage,Bin,percent,2.8,2.9,0.007633588
Region 7,Season peak percentage,Bin,percent,2.9,3.0,0.007633588
Region 7,Season peak percentage,Bin,percent,3.0,3.1,0.007633588
Region 7,Season peak percentage,Bin,percent,3.1,3.2,0.007633588
Region 7,Season peak percentage,Bin,percent,3.2,3.3,0.007633588
Region 7,Season peak percentage,Bin,percent,3.3,3.4,0.007633588
Region 7,Season peak percentage,Bin,percent,3.4,3.5,0.007633588
Region 7,Season peak percentage,Bin,percent,3.5,3.6,0.007633588
Region 7,Season peak percentage,Bin,percent,3.6,3.7,0.007633588
Region 7,Season peak percentage,Bin,percent,3.7,3.8,0.007633588
Region 7,Season peak percentage,Bin,percent,3.8,3.9,0.007633588
Region 7,Season peak percentage,Bin,percent,3.9,4.0,0.007633588
Region 7,Season peak percentage,Bin,percent,4.0,4.1,0.007633588
Region 7,Season peak percentage,Bin,percent,4.1,4.2,0.007633588
Region 7,Season peak percentage,Bin,percent,4.2,4.3,0.007633588
Region 7,Season peak percentage,Bin,percent,4.3,4.4,0.007633588
Region 7,Season peak percentage,Bin,percent,4.4,4.5,0.007633588
Region 7,Season peak percentage,Bin,percent,4.5,4.6,0.007633588
Region 7,Season peak percentage,Bin,percent,4.6,4.7,0.007633588
Region 7,Season peak percentage,Bin,percent,4.7,4.8,0.007633588
Region 7,Season peak percentage,Bin,percent,4.8,4.9,0.007633588
Region 7,Season peak percentage,Bin,percent,4.9,5.0,0.007633588
Region 7,Season peak percentage,Bin,percent,5.0,5.1,0.007633588
Region 7,Season peak percentage,Bin,percent,5.1,5.2,0.007633588
Region 7,Season peak percentage,Bin,percent,5.2,5.3,0.007633588
Region 7,Season peak percentage,Bin,percent,5.3,5.4,0.007633588
Region 7,Season peak percentage,Bin,percent,5.4,5.5,0.007633588
Region 7,Season peak percentage,Bin,percent,5.5,5.6,0.007633588
Region 7,Season peak percentage,Bin,percent,5.6,5.7,0.007633588
Region 7,Season peak percentage,Bin,percent,5.7,5.8,0.007633588
Region 7,Season peak percentage,Bin,percent,5.8,5.9,0.007633588
Region 7,Season peak percentage,Bin,percent,5.9,6.0,0.007633588
Region 7,Season peak percentage,Bin,percent,6.0,6.1,0.007633588
Region 7,Season peak percentage,Bin,percent,6.1,6.2,0.007633588
Region 7,Season peak percentage,Bin,percent,6.2,6.3,0.007633588
Region 7,Season peak percentage,Bin,percent,6.3,6.4,0.007633588
Region 7,Season peak percentage,Bin,percent,6.4,6.5,0.007633588
Region 7,Season peak percentage,Bin,percent,6.5,6.6,0.007633588
Region 7,Season peak percentage,Bin,percent,6.6,6.7,0.007633588
Region 7,Season peak percentage,Bin,percent,6.7,6.8,0.007633588
Region 7,Season peak percentage,Bin,percent,6.8,6.9,0.007633588
Region 7,Season peak percentage,Bin,percent,6.9,7.0,0.007633588
Region 7,Season peak percentage,Bin,percent,7.0,7.1,0.007633588
Region 7,Season peak percentage,Bin,percent,7.1,7.2,0.007633588
Region 7,Season peak percentage,Bin,percent,7.2,7.3,0.007633588
Region 7,Season peak percentage,Bin,percent,7.3,7.4,0.007633588
Region 7,Season peak percentage,Bin,percent,7.4,7.5,0.007633588
Region 7,Season peak percentage,Bin,percent,7.5,7.6,0.007633588
Region 7,Season peak percentage,Bin,percent,7.6,7.7,0.007633588
Region 7,Season peak percentage,Bin,percent,7.7,7.8,0.007633588
Region 7,Season peak percentage,Bin,percent,7.8,7.9,0.007633588
Region 7,Season peak percentage,Bin,percent,7.9,8.0,0.007633588
Region 7,Season peak percentage,Bin,percent,8.0,8.1,0.007633588
Region 7,Season peak percentage,Bin,percent,8.1,8.2,0.007633588
Region 7,Season peak percentage,Bin,percent,8.2,8.3,0.007633588
Region 7,Season peak percentage,Bin,percent,8.3,8.4,0.007633588
Region 7,Season peak percentage,Bin,percent,8.4,8.5,0.007633588
Region 7,Season peak percentage,Bin,percent,8.5,8.6,0.007633588
Region 7,Season peak percentage,Bin,percent,8.6,8.7,0.007633588
Region 7,Season peak percentage,Bin,percent,8.7,8.8,0.007633588
Region 7,Season peak percentage,Bin,percent,8.8,8.9,0.007633588
Region 7,Season peak percentage,Bin,percent,8.9,9.0,0.007633588
Region 7,Season peak percentage,Bin,percent,9.0,9.1,0.007633588
Region 7,Season peak percentage,Bin,percent,9.1,9.2,0.007633588
Region 7,Season peak percentage,Bin,percent,9.2,9.3,0.007633588
Region 7,Season peak percentage,Bin,percent,9.3,9.4,0.007633588
Region 7,Season peak percentage,Bin,percent,9.4,9.5,0.007633588
Region 7,Season peak percentage,Bin,percent,9.5,9.6,0.007633588
Region 7,Season peak percentage,Bin,percent,9.6,9.7,0.007633588
Region 7,Season peak percentage,Bin,percent,9.7,9.8,0.007633588
Region 7,Season peak percentage,Bin,percent,9.8,9.9,0.007633588
Region 7,Season peak percentage,Bin,percent,9.9,10.0,0.007633588
Region 7,Season peak percentage,Bin,percent,10.0,10.1,0.007633588
Region 7,Season peak percentage,Bin,percent,10.1,10.2,0.007633588
Region 7,Season peak percentage,Bin,percent,10.2,10.3,0.007633588
Region 7,Season peak percentage,Bin,percent,10.3,10.4,0.007633588
Region 7,Season peak percentage,Bin,percent,10.4,10.5,0.007633588
Region 7,Season peak percentage,Bin,percent,10.5,10.6,0.007633588
Region 7,Season peak percentage,Bin,percent,10.6,10.7,0.007633588
Region 7,Season peak percentage,Bin,percent,10.7,10.8,0.007633588
Region 7,Season peak percentage,Bin,percent,10.8,10.9,0.007633588
Region 7,Season peak percentage,Bin,percent,10.9,11.0,0.007633588
Region 7,Season peak percentage,Bin,percent,11.0,11.1,0.007633588
Region 7,Season peak percentage,Bin,percent,11.1,11.2,0.007633588
Region 7,Season peak percentage,Bin,percent,11.2,11.3,0.007633588
Region 7,Season peak percentage,Bin,percent,11.3,11.4,0.007633588
Region 7,Season peak percentage,Bin,percent,11.4,11.5,0.007633588
Region 7,Season peak percentage,Bin,percent,11.5,11.6,0.007633588
Region 7,Season peak percentage,Bin,percent,11.6,11.7,0.007633588
Region 7,Season peak percentage,Bin,percent,11.7,11.8,0.007633588
Region 7,Season peak percentage,Bin,percent,11.8,11.9,0.007633588
Region 7,Season peak percentage,Bin,percent,11.9,12.0,0.007633588
Region 7,Season peak percentage,Bin,percent,12.0,12.1,0.007633588
Region 7,Season peak percentage,Bin,percent,12.1,12.2,0.007633588
Region 7,Season peak percentage,Bin,percent,12.2,12.3,0.007633588
Region 7,Season peak percentage,Bin,percent,12.3,12.4,0.007633588
Region 7,Season peak percentage,Bin,percent,12.4,12.5,0.007633588
Region 7,Season peak percentage,Bin,percent,12.5,12.6,0.007633588
Region 7,Season peak percentage,Bin,percent,12.6,12.7,0.007633588
Region 7,Season peak percentage,Bin,percent,12.7,12.8,0.007633588
Region 7,Season peak percentage,Bin,percent,12.8,12.9,0.007633588
Region 7,Season peak percentage,Bin,percent,12.9,13.0,0.007633588
Region 7,Season peak percentage,Bin,percent,13.0,100.0,0.007633588
Region 7,1 wk ahead,Point,percent,,,1.7273038606852398
Region 7,1 wk ahead,Bin,percent,0.0,0.1,1.0000000000000002e-06
Region 7,1 wk ahead,Bin,percent,0.1,0.2,1.0000000000000002e-06
Region 7,1 wk ahead,Bin,percent,0.2,0.3,1.0000000000000002e-06
Region 7,1 wk ahead,Bin,percent,0.3,0.4,1.0000000000000002e-06
Region 7,1 wk ahead,Bin,percent,0.4,0.5,1.0000000000000002e-06
Region 7,1 wk ahead,Bin,percent,0.5,0.6,1.0000000000000002e-06
Region 7,1 wk ahead,Bin,percent,0.6,0.7,1.0000000000000002e-06
Region 7,1 wk ahead,Bin,percent,0.7,0.8,1.0000000000000002e-06
Region 7,1 wk ahead,Bin,percent,0.8,0.9,1.0000000000000002e-06
Region 7,1 wk ahead,Bin,percent,0.9,1.0,1.0000000000000002e-06
Region 7,1 wk ahead,Bin,percent,1.0,1.1,1.0000000000000002e-06
Region 7,1 wk ahead,Bin,percent,1.1,1.2,1.0000000000000002e-06
Region 7,1 wk ahead,Bin,percent,1.2,1.3,1.0000000000000002e-06
Region 7,1 wk ahead,Bin,percent,1.3,1.4,1.0000000000000002e-06
Region 7,1 wk ahead,Bin,percent,1.4,1.5,1.0000000000000002e-06
Region 7,1 wk ahead,Bin,percent,1.5,1.6,1.0000000000000002e-06
Region 7,1 wk ahead,Bin,percent,1.6,1.7,1.0000000000000002e-06
Region 7,1 wk ahead,Bin,percent,1.7,1.8,1.0000000000000002e-06
Region 7,1 wk ahead,Bin,percent,1.8,1.9,0.00010099900000000001
Region 7,1 wk ahead,Bin,percent,1.9,2.0,0.00010099900000000001
Region 7,1 wk ahead,Bin,percent,2.0,2.1,1.0000000000000002e-06
Region 7,1 wk ahead,Bin,percent,2.1,2.2,0.000500995
Region 7,1 wk ahead,Bin,percent,2.2,2.3,0.000900991
Region 7,1 wk ahead,Bin,percent,2.3,2.4,0.000500995
Region 7,1 wk ahead,Bin,percent,2.4,2.5,0.001800982
Region 7,1 wk ahead,Bin,percent,2.5,2.6,0.0032009680000000006
Region 7,1 wk ahead,Bin,percent,2.6,2.7,0.003800962
Region 7,1 wk ahead,Bin,percent,2.7,2.8,0.003800962
Region 7,1 wk ahead,Bin,percent,2.8,2.9,0.005500945000000001
Region 7,1 wk ahead,Bin,percent,2.9,3.0,0.0051009490000000005
Region 7,1 wk ahead,Bin,percent,3.0,3.1,0.006000940000000001
Region 7,1 wk ahead,Bin,percent,3.1,3.2,0.008200918
Region 7,1 wk ahead,Bin,percent,3.2,3.3,0.008100919
Region 7,1 wk ahead,Bin,percent,3.3,3.4,0.005700943000000001
Region 7,1 wk ahead,Bin,percent,3.4,3.5,0.0073009270000000005
Region 7,1 wk ahead,Bin,percent,3.5,3.6,0.00700093
Region 7,1 wk ahead,Bin,percent,3.6,3.7,0.005900941000000001
Region 7,1 wk ahead,Bin,percent,3.7,3.8,0.004700953
Region 7,1 wk ahead,Bin,percent,3.8,3.9,0.0037009630000000007
Region 7,1 wk ahead,Bin,percent,3.9,4.0,0.0037009630000000007
Region 7,1 wk ahead,Bin,percent,4.0,4.1,0.002200978
Region 7,1 wk ahead,Bin,percent,4.1,4.2,0.002900971
Region 7,1 wk ahead,Bin,percent,4.2,4.3,0.0016009840000000002
Region 7,1 wk ahead,Bin,percent,4.3,4.4,0.001400986
Region 7,1 wk ahead,Bin,percent,4.4,4.5,0.001500985
Region 7,1 wk ahead,Bin,percent,4.5,4.6,0.0013009870000000002
Region 7,1 wk ahead,Bin,percent,4.6,4.7,0.0007009929999999999
Region 7,1 wk ahead,Bin,percent,4.7,4.8,0.000400996
Region 7,1 wk ahead,Bin,percent,4.8,4.9,0.000400996
Region 7,1 wk ahead,Bin,percent,4.9,5.0,0.000300997
Region 7,1 wk ahead,Bin,percent,5.0,5.1,0.00010099900000000001
Region 7,1 wk ahead,Bin,percent,5.1,5.2,0.00020099800000000003
Region 7,1 wk ahead,Bin,percent,5.2,5.3,0.00020099800000000003
Region 7,1 wk ahead,Bin,percent,5.3,5.4,0.00010099900000000001
Region 7,1 wk ahead,Bin,percent,5.4,5.5,0.00010099900000000001
Region 7,1 wk ahead,Bin,percent,5.5,5.6,0.000300997
Region 7,1 wk ahead,Bin,percent,5.6,5.7,0.00010099900000000001
Region 7,1 wk ahead,Bin,percent,5.7,5.8,1.0000000000000002e-06
Region 7,1 wk ahead,Bin,percent,5.8,5.9,1.0000000000000002e-06
Region 7,1 wk ahead,Bin,percent,5.9,6.0,0.00020099800000000003
Region 7,1 wk ahead,Bin,percent,6.0,6.1,1.0000000000000002e-06
Region 7,1 wk ahead,Bin,percent,6.1,6.2,1.0000000000000002e-06
Region 7,1 wk ahead,Bin,percent,6.2,6.3,0.00010099900000000001
Region 7,1 wk ahead,Bin,percent,6.3,6.4,1.0000000000000002e-06
Region 7,1 wk ahead,Bin,percent,6.4,6.5,0.00010099900000000001
Region 7,1 wk ahead,Bin,percent,6.5,6.6,1.0000000000000002e-06
Region 7,1 wk ahead,Bin,percent,6.6,6.7,1.0000000000000002e-06
Region 7,1 wk ahead,Bin,percent,6.7,6.8,1.0000000000000002e-06
Region 7,1 wk ahead,Bin,percent,6.8,6.9,1.0000000000000002e-06
Region 7,1 wk ahead,Bin,percent,6.9,7.0,1.0000000000000002e-06
Region 7,1 wk ahead,Bin,percent,7.0,7.1,1.0000000000000002e-06
Region 7,1 wk ahead,Bin,percent,7.1,7.2,1.0000000000000002e-06
Region 7,1 wk ahead,Bin,percent,7.2,7.3,0.00010099900000000001
Region 7,1 wk ahead,Bin,percent,7.3,7.4,1.0000000000000002e-06
Region 7,1 wk ahead,Bin,percent,7.4,7.5,1.0000000000000002e-06
Region 7,1 wk ahead,Bin,percent,7.5,7.6,1.0000000000000002e-06
Region 7,1 wk ahead,Bin,percent,7.6,7.7,1.0000000000000002e-06
Region 7,1 wk ahead,Bin,percent,7.7,7.8,1.0000000000000002e-06
Region 7,1 wk ahead,Bin,percent,7.8,7.9,0.00010099900000000001
Region 7,1 wk ahead,Bin,percent,7.9,8.0,1.0000000000000002e-06
Region 7,1 wk ahead,Bin,percent,8.0,8.1,1.0000000000000002e-06
Region 7,1 wk ahead,Bin,percent,8.1,8.2,1.0000000000000002e-06
Region 7,1 wk ahead,Bin,percent,8.2,8.3,1.0000000000000002e-06
Region 7,1 wk ahead,Bin,percent,8.3,8.4,1.0000000000000002e-06
Region 7,1 wk ahead,Bin,percent,8.4,8.5,1.0000000000000002e-06
Region 7,1 wk ahead,Bin,percent,8.5,8.6,1.0000000000000002e-06
Region 7,1 wk ahead,Bin,percent,8.6,8.7,1.0000000000000002e-06
Region 7,1 wk ahead,Bin,percent,8.7,8.8,1.0000000000000002e-06
Region 7,1 wk ahead,Bin,percent,8.8,8.9,1.0000000000000002e-06
Region 7,1 wk ahead,Bin,percent,8.9,9.0,1.0000000000000002e-06
Region 7,1 wk ahead,Bin,percent,9.0,9.1,1.0000000000000002e-06
Region 7,1 wk ahead,Bin,percent,9.1,9.2,1.0000000000000002e-06
Region 7,1 wk ahead,Bin,percent,9.2,9.3,1.0000000000000002e-06
Region 7,1 wk ahead,Bin,percent,9.3,9.4,1.0000000000000002e-06
Region 7,1 wk ahead,Bin,percent,9.4,9.5,1.0000000000000002e-06
Region 7,1 wk ahead,Bin,percent,9.5,9.6,1.0000000000000002e-06
Region 7,1 wk ahead,Bin,percent,9.6,9.7,1.0000000000000002e-06
Region 7,1 wk ahead,Bin,percent,9.7,9.8,1.0000000000000002e-06
Region 7,1 wk ahead,Bin,percent,9.8,9.9,1.0000000000000002e-06
Region 7,1 wk ahead,Bin,percent,9.9,10.0,1.0000000000000002e-06
Region 7,1 wk ahead,Bin,percent,10.0,10.1,1.0000000000000002e-06
Region 7,1 wk ahead,Bin,percent,10.1,10.2,1.0000000000000002e-06
Region 7,1 wk ahead,Bin,percent,10.2,10.3,1.0000000000000002e-06
Region 7,1 wk ahead,Bin,percent,10.3,10.4,1.0000000000000002e-06
Region 7,1 wk ahead,Bin,percent,10.4,10.5,1.0000000000000002e-06
Region 7,1 wk ahead,Bin,percent,10.5,10.6,1.0000000000000002e-06
Region 7,1 wk ahead,Bin,percent,10.6,10.7,1.0000000000000002e-06
Region 7,1 wk ahead,Bin,percent,10.7,10.8,1.0000000000000002e-06
Region 7,1 wk ahead,Bin,percent,10.8,10.9,1.0000000000000002e-06
Region 7,1 wk ahead,Bin,percent,10.9,11.0,1.0000000000000002e-06
Region 7,1 wk ahead,Bin,percent,11.0,11.1,1.0000000000000002e-06
Region 7,1 wk ahead,Bin,percent,11.1,11.2,1.0000000000000002e-06
Region 7,1 wk ahead,Bin,percent,11.2,11.3,1.0000000000000002e-06
Region 7,1 wk ahead,Bin,percent,11.3,11.4,1.0000000000000002e-06
Region 7,1 wk ahead,Bin,percent,11.4,11.5,1.0000000000000002e-06
Region 7,1 wk ahead,Bin,percent,11.5,11.6,1.0000000000000002e-06
Region 7,1 wk ahead,Bin,percent,11.6,11.7,1.0000000000000002e-06
Region 7,1 wk ahead,Bin,percent,11.7,11.8,1.0000000000000002e-06
Region 7,1 wk ahead,Bin,percent,11.8,11.9,1.0000000000000002e-06
Region 7,1 wk ahead,Bin,percent,11.9,12.0,1.0000000000000002e-06
Region 7,1 wk ahead,Bin,percent,12.0,12.1,1.0000000000000002e-06
Region 7,1 wk ahead,Bin,percent,12.1,12.2,1.0000000000000002e-06
Region 7,1 wk ahead,Bin,percent,12.2,12.3,1.0000000000000002e-06
Region 7,1 wk ahead,Bin,percent,12.3,12.4,1.0000000000000002e-06
Region 7,1 wk ahead,Bin,percent,12.4,12.5,1.0000000000000002e-06
Region 7,1 wk ahead,Bin,percent,12.5,12.6,1.0000000000000002e-06
Region 7,1 wk ahead,Bin,percent,12.6,12.7,1.0000000000000002e-06
Region 7,1 wk ahead,Bin,percent,12.7,12.8,1.0000000000000002e-06
Region 7,1 wk ahead,Bin,percent,12.8,12.9,1.0000000000000002e-06
Region 7,1 wk ahead,Bin,percent,12.9,13.0,1.0000000000000002e-06
Region 7,1 wk ahead,Bin,percent,13.0,100,1.0000000000000002e-06
Region 7,2 wk ahead,Point,percent,,,2.036809604133559
Region 7,2 wk ahead,Bin,percent,0.0,0.1,1.0000000000000002e-06
Region 7,2 wk ahead,Bin,percent,0.1,0.2,1.0000000000000002e-06
Region 7,2 wk ahead,Bin,percent,0.2,0.3,1.0000000000000002e-06
Region 7,2 wk ahead,Bin,percent,0.3,0.4,1.0000000000000002e-06
Region 7,2 wk ahead,Bin,percent,0.4,0.5,1.0000000000000002e-06
Region 7,2 wk ahead,Bin,percent,0.5,0.6,1.0000000000000002e-06
Region 7,2 wk ahead,Bin,percent,0.6,0.7,1.0000000000000002e-06
Region 7,2 wk ahead,Bin,percent,0.7,0.8,1.0000000000000002e-06
Region 7,2 wk ahead,Bin,percent,0.8,0.9,1.0000000000000002e-06
Region 7,2 wk ahead,Bin,percent,0.9,1.0,1.0000000000000002e-06
Region 7,2 wk ahead,Bin,percent,1.0,1.1,1.0000000000000002e-06
Region 7,2 wk ahead,Bin,percent,1.1,1.2,1.0000000000000002e-06
Region 7,2 wk ahead,Bin,percent,1.2,1.3,1.0000000000000002e-06
Region 7,2 wk ahead,Bin,percent,1.3,1.4,1.0000000000000002e-06
Region 7,2 wk ahead,Bin,percent,1.4,1.5,1.0000000000000002e-06
Region 7,2 wk ahead,Bin,percent,1.5,1.6,1.0000000000000002e-06
Region 7,2 wk ahead,Bin,percent,1.6,1.7,1.0000000000000002e-06
Region 7,2 wk ahead,Bin,percent,1.7,1.8,1.0000000000000002e-06
Region 7,2 wk ahead,Bin,percent,1.8,1.9,1.0000000000000002e-06
Region 7,2 wk ahead,Bin,percent,1.9,2.0,0.00020099800000000003
Region 7,2 wk ahead,Bin,percent,2.0,2.1,0.00010099900000000001
Region 7,2 wk ahead,Bin,percent,2.1,2.2,0.00010099900000000001
Region 7,2 wk ahead,Bin,percent,2.2,2.3,0.000400996
Region 7,2 wk ahead,Bin,percent,2.3,2.4,0.000400996
Region 7,2 wk ahead,Bin,percent,2.4,2.5,0.00100099
Region 7,2 wk ahead,Bin,percent,2.5,2.6,0.001500985
Region 7,2 wk ahead,Bin,percent,2.6,2.7,0.001900981
Region 7,2 wk ahead,Bin,percent,2.7,2.8,0.0026009740000000003
Region 7,2 wk ahead,Bin,percent,2.8,2.9,0.002500975
Region 7,2 wk ahead,Bin,percent,2.9,3.0,0.004200958
Region 7,2 wk ahead,Bin,percent,3.0,3.1,0.004900951000000001
Region 7,2 wk ahead,Bin,percent,3.1,3.2,0.004500955
Region 7,2 wk ahead,Bin,percent,3.2,3.3,0.005800942000000001
Region 7,2 wk ahead,Bin,percent,3.3,3.4,0.006600934
Region 7,2 wk ahead,Bin,percent,3.4,3.5,0.006900931000000001
Region 7,2 wk ahead,Bin,percent,3.5,3.6,0.006100939000000001
Region 7,2 wk ahead,Bin,percent,3.6,3.7,0.005500945000000001
Region 7,2 wk ahead,Bin,percent,3.7,3.8,0.006700932999999999
Region 7,2 wk ahead,Bin,percent,3.8,3.9,0.005300947
Region 7,2 wk ahead,Bin,percent,3.9,4.0,0.005900941000000001
Region 7,2 wk ahead,Bin,percent,4.0,4.1,0.0040009600000000005
Region 7,2 wk ahead,Bin,percent,4.1,4.2,0.003100969
Region 7,2 wk ahead,Bin,percent,4.2,4.3,0.0027009729999999997
Region 7,2 wk ahead,Bin,percent,4.3,4.4,0.0033009670000000006
Region 7,2 wk ahead,Bin,percent,4.4,4.5,0.002300977
Region 7,2 wk ahead,Bin,percent,4.5,4.6,0.002500975
Region 7,2 wk ahead,Bin,percent,4.6,4.7,0.001700983
Region 7,2 wk ahead,Bin,percent,4.7,4.8,0.001500985
Region 7,2 wk ahead,Bin,percent,4.8,4.9,0.000800992
Region 7,2 wk ahead,Bin,percent,4.9,5.0,0.001500985
Region 7,2 wk ahead,Bin,percent,5.0,5.1,0.000800992
Region 7,2 wk ahead,Bin,percent,5.1,5.2,0.000600994
Region 7,2 wk ahead,Bin,percent,5.2,5.3,0.000300997
Region 7,2 wk ahead,Bin,percent,5.3,5.4,0.000400996
Region 7,2 wk ahead,Bin,percent,5.4,5.5,0.000300997
Region 7,2 wk ahead,Bin,percent,5.5,5.6,0.00010099900000000001
Region 7,2 wk ahead,Bin,percent,5.6,5.7,0.00020099800000000003
Region 7,2 wk ahead,Bin,percent,5.7,5.8,0.00020099800000000003
Region 7,2 wk ahead,Bin,percent,5.8,5.9,1.0000000000000002e-06
Region 7,2 wk ahead,Bin,percent,5.9,6.0,0.000300997
Region 7,2 wk ahead,Bin,percent,6.0,6.1,0.00010099900000000001
Region 7,2 wk ahead,Bin,percent,6.1,6.2,0.00010099900000000001
Region 7,2 wk ahead,Bin,percent,6.2,6.3,1.0000000000000002e-06
Region 7,2 wk ahead,Bin,percent,6.3,6.4,1.0000000000000002e-06
Region 7,2 wk ahead,Bin,percent,6.4,6.5,1.0000000000000002e-06
Region 7,2 wk ahead,Bin,percent,6.5,6.6,1.0000000000000002e-06
Region 7,2 wk ahead,Bin,percent,6.6,6.7,1.0000000000000002e-06
Region 7,2 wk ahead,Bin,percent,6.7,6.8,1.0000000000000002e-06
Region 7,2 wk ahead,Bin,percent,6.8,6.9,1.0000000000000002e-06
Region 7,2 wk ahead,Bin,percent,6.9,7.0,1.0000000000000002e-06
Region 7,2 wk ahead,Bin,percent,7.0,7.1,1.0000000000000002e-06
Region 7,2 wk ahead,Bin,percent,7.1,7.2,1.0000000000000002e-06
Region 7,2 wk ahead,Bin,percent,7.2,7.3,0.00010099900000000001
Region 7,2 wk ahead,Bin,percent,7.3,7.4,1.0000000000000002e-06
Region 7,2 wk ahead,Bin,percent,7.4,7.5,1.0000000000000002e-06
Region 7,2 wk ahead,Bin,percent,7.5,7.6,1.0000000000000002e-06
Region 7,2 wk ahead,Bin,percent,7.6,7.7,1.0000000000000002e-06
Region 7,2 wk ahead,Bin,percent,7.7,7.8,1.0000000000000002e-06
Region 7,2 wk ahead,Bin,percent,7.8,7.9,1.0000000000000002e-06
Region 7,2 wk ahead,Bin,percent,7.9,8.0,1.0000000000000002e-06
Region 7,2 wk ahead,Bin,percent,8.0,8.1,1.0000000000000002e-06
Region 7,2 wk ahead,Bin,percent,8.1,8.2,1.0000000000000002e-06
Region 7,2 wk ahead,Bin,percent,8.2,8.3,1.0000000000000002e-06
Region 7,2 wk ahead,Bin,percent,8.3,8.4,1.0000000000000002e-06
Region 7,2 wk ahead,Bin,percent,8.4,8.5,1.0000000000000002e-06
Region 7,2 wk ahead,Bin,percent,8.5,8.6,1.0000000000000002e-06
Region 7,2 wk ahead,Bin,percent,8.6,8.7,1.0000000000000002e-06
Region 7,2 wk ahead,Bin,percent,8.7,8.8,1.0000000000000002e-06
Region 7,2 wk ahead,Bin,percent,8.8,8.9,1.0000000000000002e-06
Region 7,2 wk ahead,Bin,percent,8.9,9.0,1.0000000000000002e-06
Region 7,2 wk ahead,Bin,percent,9.0,9.1,1.0000000000000002e-06
Region 7,2 wk ahead,Bin,percent,9.1,9.2,1.0000000000000002e-06
Region 7,2 wk ahead,Bin,percent,9.2,9.3,1.0000000000000002e-06
Region 7,2 wk ahead,Bin,percent,9.3,9.4,1.0000000000000002e-06
Region 7,2 wk ahead,Bin,percent,9.4,9.5,1.0000000000000002e-06
Region 7,2 wk ahead,Bin,percent,9.5,9.6,1.0000000000000002e-06
Region 7,2 wk ahead,Bin,percent,9.6,9.7,1.0000000000000002e-06
Region 7,2 wk ahead,Bin,percent,9.7,9.8,1.0000000000000002e-06
Region 7,2 wk ahead,Bin,percent,9.8,9.9,1.0000000000000002e-06
Region 7,2 wk ahead,Bin,percent,9.9,10.0,1.0000000000000002e-06
Region 7,2 wk ahead,Bin,percent,10.0,10.1,1.0000000000000002e-06
Region 7,2 wk ahead,Bin,percent,10.1,10.2,1.0000000000000002e-06
Region 7,2 wk ahead,Bin,percent,10.2,10.3,1.0000000000000002e-06
Region 7,2 wk ahead,Bin,percent,10.3,10.4,1.0000000000000002e-06
Region 7,2 wk ahead,Bin,percent,10.4,10.5,1.0000000000000002e-06
Region 7,2 wk ahead,Bin,percent,10.5,10.6,1.0000000000000002e-06
Region 7,2 wk ahead,Bin,percent,10.6,10.7,1.0000000000000002e-06
Region 7,2 wk ahead,Bin,percent,10.7,10.8,1.0000000000000002e-06
Region 7,2 wk ahead,Bin,percent,10.8,10.9,1.0000000000000002e-06
Region 7,2 wk ahead,Bin,percent,10.9,11.0,1.0000000000000002e-06
Region 7,2 wk ahead,Bin,percent,11.0,11.1,1.0000000000000002e-06
Region 7,2 wk ahead,Bin,percent,11.1,11.2,1.0000000000000002e-06
Region 7,2 wk ahead,Bin,percent,11.2,11.3,1.0000000000000002e-06
Region 7,2 wk ahead,Bin,percent,11.3,11.4,1.0000000000000002e-06
Region 7,2 wk ahead,Bin,percent,11.4,11.5,1.0000000000000002e-06
Region 7,2 wk ahead,Bin,percent,11.5,11.6,1.0000000000000002e-06
Region 7,2 wk ahead,Bin,percent,11.6,11.7,1.0000000000000002e-06
Region 7,2 wk ahead,Bin,percent,11.7,11.8,1.0000000000000002e-06
Region 7,2 wk ahead,Bin,percent,11.8,11.9,1.0000000000000002e-06
Region 7,2 wk ahead,Bin,percent,11.9,12.0,1.0000000000000002e-06
Region 7,2 wk ahead,Bin,percent,12.0,12.1,1.0000000000000002e-06
Region 7,2 wk ahead,Bin,percent,12.1,12.2,1.0000000000000002e-06
Region 7,2 wk ahead,Bin,percent,12.2,12.3,1.0000000000000002e-06
Region 7,2 wk ahead,Bin,percent,12.3,12.4,1.0000000000000002e-06
Region 7,2 wk ahead,Bin,percent,12.4,12.5,1.0000000000000002e-06
Region 7,2 wk ahead,Bin,percent,12.5,12.6,1.0000000000000002e-06
Region 7,2 wk ahead,Bin,percent,12.6,12.7,1.0000000000000002e-06
Region 7,2 wk ahead,Bin,percent,12.7,12.8,1.0000000000000002e-06
Region 7,2 wk ahead,Bin,percent,12.8,12.9,1.0000000000000002e-06
Region 7,2 wk ahead,Bin,percent,12.9,13.0,1.0000000000000002e-06
Region 7,2 wk ahead,Bin,percent,13.0,100,1.0000000000000002e-06
Region 7,3 wk ahead,Point,percent,,,2.5985162064867566
Region 7,3 wk ahead,Bin,percent,0.0,0.1,1.0000000000000002e-06
Region 7,3 wk ahead,Bin,percent,0.1,0.2,1.0000000000000002e-06
Region 7,3 wk ahead,Bin,percent,0.2,0.3,1.0000000000000002e-06
Region 7,3 wk ahead,Bin,percent,0.3,0.4,1.0000000000000002e-06
Region 7,3 wk ahead,Bin,percent,0.4,0.5,1.0000000000000002e-06
Region 7,3 wk ahead,Bin,percent,0.5,0.6,1.0000000000000002e-06
Region 7,3 wk ahead,Bin,percent,0.6,0.7,1.0000000000000002e-06
Region 7,3 wk ahead,Bin,percent,0.7,0.8,1.0000000000000002e-06
Region 7,3 wk ahead,Bin,percent,0.8,0.9,1.0000000000000002e-06
Region 7,3 wk ahead,Bin,percent,0.9,1.0,1.0000000000000002e-06
Region 7,3 wk ahead,Bin,percent,1.0,1.1,1.0000000000000002e-06
Region 7,3 wk ahead,Bin,percent,1.1,1.2,1.0000000000000002e-06
Region 7,3 wk ahead,Bin,percent,1.2,1.3,1.0000000000000002e-06
Region 7,3 wk ahead,Bin,percent,1.3,1.4,1.0000000000000002e-06
Region 7,3 wk ahead,Bin,percent,1.4,1.5,1.0000000000000002e-06
Region 7,3 wk ahead,Bin,percent,1.5,1.6,1.0000000000000002e-06
Region 7,3 wk ahead,Bin,percent,1.6,1.7,1.0000000000000002e-06
Region 7,3 wk ahead,Bin,percent,1.7,1.8,0.000500995
Region 7,3 wk ahead,Bin,percent,1.8,1.9,0.000500995
Region 7,3 wk ahead,Bin,percent,1.9,2.0,0.000300997
Region 7,3 wk ahead,Bin,percent,2.0,2.1,0.000900991
Region 7,3 wk ahead,Bin,percent,2.1,2.2,0.001500985
Region 7,3 wk ahead,Bin,percent,2.2,2.3,0.002300977
Region 7,3 wk ahead,Bin,percent,2.3,2.4,0.0027009729999999997
Region 7,3 wk ahead,Bin,percent,2.4,2.5,0.004400956
Region 7,3 wk ahead,Bin,percent,2.5,2.6,0.006100939000000001
Region 7,3 wk ahead,Bin,percent,2.6,2.7,0.006000940000000001
Region 7,3 wk ahead,Bin,percent,2.7,2.8,0.005900941000000001
Region 7,3 wk ahead,Bin,percent,2.8,2.9,0.005800942000000001
Region 7,3 wk ahead,Bin,percent,2.9,3.0,0.007100929000000001
Region 7,3 wk ahead,Bin,percent,3.0,3.1,0.005500945000000001
Region 7,3 wk ahead,Bin,percent,3.1,3.2,0.005400946
Region 7,3 wk ahead,Bin,percent,3.2,3.3,0.005200948000000001
Region 7,3 wk ahead,Bin,percent,3.3,3.4,0.005800942000000001
Region 7,3 wk ahead,Bin,percent,3.4,3.5,0.005800942000000001
Region 7,3 wk ahead,Bin,percent,3.5,3.6,0.0050009500000000005
Region 7,3 wk ahead,Bin,percent,3.6,3.7,0.0039009610000000005
Region 7,3 wk ahead,Bin,percent,3.7,3.8,0.0020009800000000003
Region 7,3 wk ahead,Bin,percent,3.8,3.9,0.0035009650000000004
Region 7,3 wk ahead,Bin,percent,3.9,4.0,0.0027009729999999997
Region 7,3 wk ahead,Bin,percent,4.0,4.1,0.001200988
Region 7,3 wk ahead,Bin,percent,4.1,4.2,0.00100099
Region 7,3 wk ahead,Bin,percent,4.2,4.3,0.001800982
Region 7,3 wk ahead,Bin,percent,4.3,4.4,0.001400986
Region 7,3 wk ahead,Bin,percent,4.4,4.5,0.001200988
Region 7,3 wk ahead,Bin,percent,4.5,4.6,0.001100989
Region 7,3 wk ahead,Bin,percent,4.6,4.7,0.00100099
Region 7,3 wk ahead,Bin,percent,4.7,4.8,0.000300997
Region 7,3 wk ahead,Bin,percent,4.8,4.9,0.000600994
Region 7,3 wk ahead,Bin,percent,4.9,5.0,0.000300997
Region 7,3 wk ahead,Bin,percent,5.0,5.1,0.000300997
Region 7,3 wk ahead,Bin,percent,5.1,5.2,0.00010099900000000001
Region 7,3 wk ahead,Bin,percent,5.2,5.3,0.00020099800000000003
Region 7,3 wk ahead,Bin,percent,5.3,5.4,1.0000000000000002e-06
Region 7,3 wk ahead,Bin,percent,5.4,5.5,0.00020099800000000003
Region 7,3 wk ahead,Bin,percent,5.5,5.6,0.00020099800000000003
Region 7,3 wk ahead,Bin,percent,5.6,5.7,1.0000000000000002e-06
Region 7,3 wk ahead,Bin,percent,5.7,5.8,1.0000000000000002e-06
Region 7,3 wk ahead,Bin,percent,5.8,5.9,0.00010099900000000001
Region 7,3 wk ahead,Bin,percent,5.9,6.0,1.0000000000000002e-06
Region 7,3 wk ahead,Bin,percent,6.0,6.1,1.0000000000000002e-06
Region 7,3 wk ahead,Bin,percent,6.1,6.2,1.0000000000000002e-06
Region 7,3 wk ahead,Bin,percent,6.2,6.3,1.0000000000000002e-06
Region 7,3 wk ahead,Bin,percent,6.3,6.4,1.0000000000000002e-06
Region 7,3 wk ahead,Bin,percent,6.4,6.5,1.0000000000000002e-06
Region 7,3 wk ahead,Bin,percent,6.5,6.6,1.0000000000000002e-06
Region 7,3 wk ahead,Bin,percent,6.6,6.7,0.00010099900000000001
Region 7,3 wk ahead,Bin,percent,6.7,6.8,1.0000000000000002e-06
Region 7,3 wk ahead,Bin,percent,6.8,6.9,0.00010099900000000001
Region 7,3 wk ahead,Bin,percent,6.9,7.0,1.0000000000000002e-06
Region 7,3 wk ahead,Bin,percent,7.0,7.1,1.0000000000000002e-06
Region 7,3 wk ahead,Bin,percent,7.1,7.2,1.0000000000000002e-06
Region 7,3 wk ahead,Bin,percent,7.2,7.3,1.0000000000000002e-06
Region 7,3 wk ahead,Bin,percent,7.3,7.4,1.0000000000000002e-06
Region 7,3 wk ahead,Bin,percent,7.4,7.5,1.0000000000000002e-06
Region 7,3 wk ahead,Bin,percent,7.5,7.6,1.0000000000000002e-06
Region 7,3 wk ahead,Bin,percent,7.6,7.7,1.0000000000000002e-06
Region 7,3 wk ahead,Bin,percent,7.7,7.8,1.0000000000000002e-06
Region 7,3 wk ahead,Bin,percent,7.8,7.9,1.0000000000000002e-06
Region 7,3 wk ahead,Bin,percent,7.9,8.0,1.0000000000000002e-06
Region 7,3 wk ahead,Bin,percent,8.0,8.1,1.0000000000000002e-06
Region 7,3 wk ahead,Bin,percent,8.1,8.2,1.0000000000000002e-06
Region 7,3 wk ahead,Bin,percent,8.2,8.3,1.0000000000000002e-06
Region 7,3 wk ahead,Bin,percent,8.3,8.4,1.0000000000000002e-06
Region 7,3 wk ahead,Bin,percent,8.4,8.5,1.0000000000000002e-06
Region 7,3 wk ahead,Bin,percent,8.5,8.6,1.0000000000000002e-06
Region 7,3 wk ahead,Bin,percent,8.6,8.7,1.0000000000000002e-06
Region 7,3 wk ahead,Bin,percent,8.7,8.8,1.0000000000000002e-06
Region 7,3 wk ahead,Bin,percent,8.8,8.9,1.0000000000000002e-06
Region 7,3 wk ahead,Bin,percent,8.9,9.0,1.0000000000000002e-06
Region 7,3 wk ahead,Bin,percent,9.0,9.1,1.0000000000000002e-06
Region 7,3 wk ahead,Bin,percent,9.1,9.2,1.0000000000000002e-06
Region 7,3 wk ahead,Bin,percent,9.2,9.3,1.0000000000000002e-06
Region 7,3 wk ahead,Bin,percent,9.3,9.4,1.0000000000000002e-06
Region 7,3 wk ahead,Bin,percent,9.4,9.5,1.0000000000000002e-06
Region 7,3 wk ahead,Bin,percent,9.5,9.6,1.0000000000000002e-06
Region 7,3 wk ahead,Bin,percent,9.6,9.7,1.0000000000000002e-06
Region 7,3 wk ahead,Bin,percent,9.7,9.8,1.0000000000000002e-06
Region 7,3 wk ahead,Bin,percent,9.8,9.9,1.0000000000000002e-06
Region 7,3 wk ahead,Bin,percent,9.9,10.0,1.0000000000000002e-06
Region 7,3 wk ahead,Bin,percent,10.0,10.1,1.0000000000000002e-06
Region 7,3 wk ahead,Bin,percent,10.1,10.2,1.0000000000000002e-06
Region 7,3 wk ahead,Bin,percent,10.2,10.3,1.0000000000000002e-06
Region 7,3 wk ahead,Bin,percent,10.3,10.4,1.0000000000000002e-06
Region 7,3 wk ahead,Bin,percent,10.4,10.5,1.0000000000000002e-06
Region 7,3 wk ahead,Bin,percent,10.5,10.6,1.0000000000000002e-06
Region 7,3 wk ahead,Bin,percent,10.6,10.7,1.0000000000000002e-06
Region 7,3 wk ahead,Bin,percent,10.7,10.8,1.0000000000000002e-06
Region 7,3 wk ahead,Bin,percent,10.8,10.9,1.0000000000000002e-06
Region 7,3 wk ahead,Bin,percent,10.9,11.0,1.0000000000000002e-06
Region 7,3 wk ahead,Bin,percent,11.0,11.1,1.0000000000000002e-06
Region 7,3 wk ahead,Bin,percent,11.1,11.2,1.0000000000000002e-06
Region 7,3 wk ahead,Bin,percent,11.2,11.3,1.0000000000000002e-06
Region 7,3 wk ahead,Bin,percent,11.3,11.4,1.0000000000000002e-06
Region 7,3 wk ahead,Bin,percent,11.4,11.5,1.0000000000000002e-06
Region 7,3 wk ahead,Bin,percent,11.5,11.6,1.0000000000000002e-06
Region 7,3 wk ahead,Bin,percent,11.6,11.7,1.0000000000000002e-06
Region 7,3 wk ahead,Bin,percent,11.7,11.8,1.0000000000000002e-06
Region 7,3 wk ahead,Bin,percent,11.8,11.9,1.0000000000000002e-06
Region 7,3 wk ahead,Bin,percent,11.9,12.0,1.0000000000000002e-06
Region 7,3 wk ahead,Bin,percent,12.0,12.1,1.0000000000000002e-06
Region 7,3 wk ahead,Bin,percent,12.1,12.2,1.0000000000000002e-06
Region 7,3 wk ahead,Bin,percent,12.2,12.3,1.0000000000000002e-06
Region 7,3 wk ahead,Bin,percent,12.3,12.4,1.0000000000000002e-06
Region 7,3 wk ahead,Bin,percent,12.4,12.5,1.0000000000000002e-06
Region 7,3 wk ahead,Bin,percent,12.5,12.6,1.0000000000000002e-06
Region 7,3 wk ahead,Bin,percent,12.6,12.7,1.0000000000000002e-06
Region 7,3 wk ahead,Bin,percent,12.7,12.8,1.0000000000000002e-06
Region 7,3 wk ahead,Bin,percent,12.8,12.9,1.0000000000000002e-06
Region 7,3 wk ahead,Bin,percent,12.9,13.0,1.0000000000000002e-06
Region 7,3 wk ahead,Bin,percent,13.0,100,1.0000000000000002e-06
Region 7,4 wk ahead,Point,percent,,,2.236972448516711
Region 7,4 wk ahead,Bin,percent,0.0,0.1,1.0000000000000002e-06
Region 7,4 wk ahead,Bin,percent,0.1,0.2,1.0000000000000002e-06
Region 7,4 wk ahead,Bin,percent,0.2,0.3,1.0000000000000002e-06
Region 7,4 wk ahead,Bin,percent,0.3,0.4,1.0000000000000002e-06
Region 7,4 wk ahead,Bin,percent,0.4,0.5,1.0000000000000002e-06
Region 7,4 wk ahead,Bin,percent,0.5,0.6,1.0000000000000002e-06
Region 7,4 wk ahead,Bin,percent,0.6,0.7,1.0000000000000002e-06
Region 7,4 wk ahead,Bin,percent,0.7,0.8,1.0000000000000002e-06
Region 7,4 wk ahead,Bin,percent,0.8,0.9,1.0000000000000002e-06
Region 7,4 wk ahead,Bin,percent,0.9,1.0,1.0000000000000002e-06
Region 7,4 wk ahead,Bin,percent,1.0,1.1,1.0000000000000002e-06
Region 7,4 wk ahead,Bin,percent,1.1,1.2,1.0000000000000002e-06
Region 7,4 wk ahead,Bin,percent,1.2,1.3,1.0000000000000002e-06
Region 7,4 wk ahead,Bin,percent,1.3,1.4,1.0000000000000002e-06
Region 7,4 wk ahead,Bin,percent,1.4,1.5,0.00010099900000000001
Region 7,4 wk ahead,Bin,percent,1.5,1.6,0.00020099800000000003
Region 7,4 wk ahead,Bin,percent,1.6,1.7,0.000400996
Region 7,4 wk ahead,Bin,percent,1.7,1.8,0.000400996
Region 7,4 wk ahead,Bin,percent,1.8,1.9,0.00100099
Region 7,4 wk ahead,Bin,percent,1.9,2.0,0.001200988
Region 7,4 wk ahead,Bin,percent,2.0,2.1,0.0020009800000000003
Region 7,4 wk ahead,Bin,percent,2.1,2.2,0.0028009719999999997
Region 7,4 wk ahead,Bin,percent,2.2,2.3,0.0028009719999999997
Region 7,4 wk ahead,Bin,percent,2.3,2.4,0.0035009650000000004
Region 7,4 wk ahead,Bin,percent,2.4,2.5,0.0040009600000000005
Region 7,4 wk ahead,Bin,percent,2.5,2.6,0.004600954000000001
Region 7,4 wk ahead,Bin,percent,2.6,2.7,0.004800952000000001
Region 7,4 wk ahead,Bin,percent,2.7,2.8,0.005500945000000001
Region 7,4 wk ahead,Bin,percent,2.8,2.9,0.005300947
Region 7,4 wk ahead,Bin,percent,2.9,3.0,0.0039009610000000005
Region 7,4 wk ahead,Bin,percent,3.0,3.1,0.004500955
Region 7,4 wk ahead,Bin,percent,3.1,3.2,0.006600934
Region 7,4 wk ahead,Bin,percent,3.2,3.3,0.005200948000000001
Region 7,4 wk ahead,Bin,percent,3.3,3.4,0.004900951000000001
Region 7,4 wk ahead,Bin,percent,3.4,3.5,0.005400946
Region 7,4 wk ahead,Bin,percent,3.5,3.6,0.0039009610000000005
Region 7,4 wk ahead,Bin,percent,3.6,3.7,0.003800962
Region 7,4 wk ahead,Bin,percent,3.7,3.8,0.0035009650000000004
Region 7,4 wk ahead,Bin,percent,3.8,3.9,0.003100969
Region 7,4 wk ahead,Bin,percent,3.9,4.0,0.0035009650000000004
Region 7,4 wk ahead,Bin,percent,4.0,4.1,0.002400976
Region 7,4 wk ahead,Bin,percent,4.1,4.2,0.0016009840000000002
Region 7,4 wk ahead,Bin,percent,4.2,4.3,0.001200988
Region 7,4 wk ahead,Bin,percent,4.3,4.4,0.001800982
Region 7,4 wk ahead,Bin,percent,4.4,4.5,0.00100099
Region 7,4 wk ahead,Bin,percent,4.5,4.6,0.000800992
Region 7,4 wk ahead,Bin,percent,4.6,4.7,0.000900991
Region 7,4 wk ahead,Bin,percent,4.7,4.8,0.000800992
Region 7,4 wk ahead,Bin,percent,4.8,4.9,0.000500995
Region 7,4 wk ahead,Bin,percent,4.9,5.0,0.000300997
Region 7,4 wk ahead,Bin,percent,5.0,5.1,0.000300997
Region 7,4 wk ahead,Bin,percent,5.1,5.2,0.000400996
Region 7,4 wk ahead,Bin,percent,5.2,5.3,1.0000000000000002e-06
Region 7,4 wk ahead,Bin,percent,5.3,5.4,1.0000000000000002e-06
Region 7,4 wk ahead,Bin,percent,5.4,5.5,1.0000000000000002e-06
Region 7,4 wk ahead,Bin,percent,5.5,5.6,0.000300997
Region 7,4 wk ahead,Bin,percent,5.6,5.7,0.00010099900000000001
Region 7,4 wk ahead,Bin,percent,5.7,5.8,1.0000000000000002e-06
Region 7,4 wk ahead,Bin,percent,5.8,5.9,0.00010099900000000001
Region 7,4 wk ahead,Bin,percent,5.9,6.0,0.00010099900000000001
Region 7,4 wk ahead,Bin,percent,6.0,6.1,1.0000000000000002e-06
Region 7,4 wk ahead,Bin,percent,6.1,6.2,0.00020099800000000003
Region 7,4 wk ahead,Bin,percent,6.2,6.3,1.0000000000000002e-06
Region 7,4 wk ahead,Bin,percent,6.3,6.4,1.0000000000000002e-06
Region 7,4 wk ahead,Bin,percent,6.4,6.5,1.0000000000000002e-06
Region 7,4 wk ahead,Bin,percent,6.5,6.6,0.00020099800000000003
Region 7,4 wk ahead,Bin,percent,6.6,6.7,1.0000000000000002e-06
Region 7,4 wk ahead,Bin,percent,6.7,6.8,1.0000000000000002e-06
Region 7,4 wk ahead,Bin,percent,6.8,6.9,0.00010099900000000001
Region 7,4 wk ahead,Bin,percent,6.9,7.0,1.0000000000000002e-06
Region 7,4 wk ahead,Bin,percent,7.0,7.1,1.0000000000000002e-06
Region 7,4 wk ahead,Bin,percent,7.1,7.2,1.0000000000000002e-06
Region 7,4 wk ahead,Bin,percent,7.2,7.3,1.0000000000000002e-06
Region 7,4 wk ahead,Bin,percent,7.3,7.4,1.0000000000000002e-06
Region 7,4 wk ahead,Bin,percent,7.4,7.5,1.0000000000000002e-06
Region 7,4 wk ahead,Bin,percent,7.5,7.6,1.0000000000000002e-06
Region 7,4 wk ahead,Bin,percent,7.6,7.7,1.0000000000000002e-06
Region 7,4 wk ahead,Bin,percent,7.7,7.8,1.0000000000000002e-06
Region 7,4 wk ahead,Bin,percent,7.8,7.9,1.0000000000000002e-06
Region 7,4 wk ahead,Bin,percent,7.9,8.0,1.0000000000000002e-06
Region 7,4 wk ahead,Bin,percent,8.0,8.1,1.0000000000000002e-06
Region 7,4 wk ahead,Bin,percent,8.1,8.2,1.0000000000000002e-06
Region 7,4 wk ahead,Bin,percent,8.2,8.3,1.0000000000000002e-06
Region 7,4 wk ahead,Bin,percent,8.3,8.4,1.0000000000000002e-06
Region 7,4 wk ahead,Bin,percent,8.4,8.5,1.0000000000000002e-06
Region 7,4 wk ahead,Bin,percent,8.5,8.6,1.0000000000000002e-06
Region 7,4 wk ahead,Bin,percent,8.6,8.7,1.0000000000000002e-06
Region 7,4 wk ahead,Bin,percent,8.7,8.8,1.0000000000000002e-06
Region 7,4 wk ahead,Bin,percent,8.8,8.9,1.0000000000000002e-06
Region 7,4 wk ahead,Bin,percent,8.9,9.0,1.0000000000000002e-06
Region 7,4 wk ahead,Bin,percent,9.0,9.1,1.0000000000000002e-06
Region 7,4 wk ahead,Bin,percent,9.1,9.2,1.0000000000000002e-06
Region 7,4 wk ahead,Bin,percent,9.2,9.3,1.0000000000000002e-06
Region 7,4 wk ahead,Bin,percent,9.3,9.4,1.0000000000000002e-06
Region 7,4 wk ahead,Bin,percent,9.4,9.5,1.0000000000000002e-06
Region 7,4 wk ahead,Bin,percent,9.5,9.6,1.0000000000000002e-06
Region 7,4 wk ahead,Bin,percent,9.6,9.7,1.0000000000000002e-06
Region 7,4 wk ahead,Bin,percent,9.7,9.8,1.0000000000000002e-06
Region 7,4 wk ahead,Bin,percent,9.8,9.9,1.0000000000000002e-06
Region 7,4 wk ahead,Bin,percent,9.9,10.0,1.0000000000000002e-06
Region 7,4 wk ahead,Bin,percent,10.0,10.1,1.0000000000000002e-06
Region 7,4 wk ahead,Bin,percent,10.1,10.2,1.0000000000000002e-06
Region 7,4 wk ahead,Bin,percent,10.2,10.3,1.0000000000000002e-06
Region 7,4 wk ahead,Bin,percent,10.3,10.4,1.0000000000000002e-06
Region 7,4 wk ahead,Bin,percent,10.4,10.5,1.0000000000000002e-06
Region 7,4 wk ahead,Bin,percent,10.5,10.6,1.0000000000000002e-06
Region 7,4 wk ahead,Bin,percent,10.6,10.7,1.0000000000000002e-06
Region 7,4 wk ahead,Bin,percent,10.7,10.8,1.0000000000000002e-06
Region 7,4 wk ahead,Bin,percent,10.8,10.9,1.0000000000000002e-06
Region 7,4 wk ahead,Bin,percent,10.9,11.0,1.0000000000000002e-06
Region 7,4 wk ahead,Bin,percent,11.0,11.1,1.0000000000000002e-06
Region 7,4 wk ahead,Bin,percent,11.1,11.2,1.0000000000000002e-06
Region 7,4 wk ahead,Bin,percent,11.2,11.3,1.0000000000000002e-06
Region 7,4 wk ahead,Bin,percent,11.3,11.4,1.0000000000000002e-06
Region 7,4 wk ahead,Bin,percent,11.4,11.5,1.0000000000000002e-06
Region 7,4 wk ahead,Bin,percent,11.5,11.6,1.0000000000000002e-06
Region 7,4 wk ahead,Bin,percent,11.6,11.7,1.0000000000000002e-06
Region 7,4 wk ahead,Bin,percent,11.7,11.8,1.0000000000000002e-06
Region 7,4 wk ahead,Bin,percent,11.8,11.9,1.0000000000000002e-06
Region 7,4 wk ahead,Bin,percent,11.9,12.0,1.0000000000000002e-06
Region 7,4 wk ahead,Bin,percent,12.0,12.1,1.0000000000000002e-06
Region 7,4 wk ahead,Bin,percent,12.1,12.2,1.0000000000000002e-06
Region 7,4 wk ahead,Bin,percent,12.2,12.3,1.0000000000000002e-06
Region 7,4 wk ahead,Bin,percent,12.3,12.4,1.0000000000000002e-06
Region 7,4 wk ahead,Bin,percent,12.4,12.5,1.0000000000000002e-06
Region 7,4 wk ahead,Bin,percent,12.5,12.6,1.0000000000000002e-06
Region 7,4 wk ahead,Bin,percent,12.6,12.7,1.0000000000000002e-06
Region 7,4 wk ahead,Bin,percent,12.7,12.8,1.0000000000000002e-06
Region 7,4 wk ahead,Bin,percent,12.8,12.9,1.0000000000000002e-06
Region 7,4 wk ahead,Bin,percent,12.9,13.0,1.0000000000000002e-06
Region 7,4 wk ahead,Bin,percent,13.0,100,1.0000000000000002e-06
Region 8,Season onset,Bin,week,none,none,0.029411765
Region 8,Season onset,Bin,week,40,41,0.029411765
Region 8,Season onset,Bin,week,41,42,0.029411765
Region 8,Season onset,Bin,week,42,43,0.029411765
Region 8,Season onset,Bin,week,43,44,0.029411765
Region 8,Season onset,Bin,week,44,45,0.029411765
Region 8,Season onset,Bin,week,45,46,0.029411765
Region 8,Season onset,Bin,week,46,47,0.029411765
Region 8,Season onset,Bin,week,47,48,0.029411765
Region 8,Season onset,Bin,week,48,49,0.029411765
Region 8,Season onset,Bin,week,49,50,0.029411765
Region 8,Season onset,Bin,week,50,51,0.029411765
Region 8,Season onset,Bin,week,51,52,0.029411765
Region 8,Season onset,Bin,week,52,53,0.029411765
Region 8,Season onset,Bin,week,1,2,0.0765
Region 8,Season onset,Bin,week,2,3,0.0765
Region 8,Season onset,Bin,week,3,4,0.0765
Region 8,Season onset,Bin,week,4,5,0.0765
Region 8,Season onset,Bin,week,5,6,0.0765
Region 8,Season onset,Bin,week,6,7,0.0765
Region 8,Season onset,Bin,week,7,8,0.0765
Region 8,Season onset,Bin,week,8,9,0.0765
Region 8,Season onset,Bin,week,9,10,0.0765
Region 8,Season onset,Bin,week,10,11,0.0765
Region 8,Season onset,Bin,week,11,12,0.0765
Region 8,Season onset,Bin,week,12,13,0.0765
Region 8,Season onset,Bin,week,13,14,0.0765
Region 8,Season onset,Bin,week,14,15,0.0765
Region 8,Season onset,Bin,week,15,16,0.0765
Region 8,Season onset,Bin,week,16,17,0.0765
Region 8,Season onset,Bin,week,17,18,0.0765
Region 8,Season onset,Bin,week,18,19,0.0765
Region 8,Season onset,Bin,week,19,20,0.0765
Region 8,Season onset,Bin,week,20,21,0.0765
Region 8,Season peak week,Bin,week,40,41,0.03030303
Region 8,Season peak week,Bin,week,41,42,0.03030303
Region 8,Season peak week,Bin,week,42,43,0.03030303
Region 8,Season peak week,Bin,week,43,44,0.03030303
Region 8,Season peak week,Bin,week,44,45,0.03030303
Region 8,Season peak week,Bin,week,45,46,0.03030303
Region 8,Season peak week,Bin,week,46,47,0.03030303
Region 8,Season peak week,Bin,week,47,48,0.03030303
Region 8,Season peak week,Bin,week,48,49,0.03030303
Region 8,Season peak week,Bin,week,49,50,0.03030303
Region 8,Season peak week,Bin,week,50,51,0.03030303
Region 8,Season peak week,Bin,week,51,52,0.03030303
Region 8,Season peak week,Bin,week,52,53,0.03030303
Region 8,Season peak week,Bin,week,1,2,0.03030303
Region 8,Season peak week,Bin,week,2,3,0.03030303
Region 8,Season peak week,Bin,week,3,4,0.03030303
Region 8,Season peak week,Bin,week,4,5,0.03030303
Region 8,Season peak week,Bin,week,5,6,0.03030303
Region 8,Season peak week,Bin,week,6,7,0.03030303
Region 8,Season peak week,Bin,week,7,8,0.03030303
Region 8,Season peak week,Bin,week,8,9,0.03030303
Region 8,Season peak week,Bin,week,9,10,0.03030303
Region 8,Season peak week,Bin,week,10,11,0.03030303
Region 8,Season peak week,Bin,week,11,12,0.03030303
Region 8,Season peak week,Bin,week,12,13,0.03030303
Region 8,Season peak week,Bin,week,13,14,0.03030303
Region 8,Season peak week,Bin,week,14,15,0.03030303
Region 8,Season peak week,Bin,week,15,16,0.03030303
Region 8,Season peak week,Bin,week,16,17,0.03030303
Region 8,Season peak week,Bin,week,17,18,0.03030303
Region 8,Season peak week,Bin,week,18,19,0.03030303
Region 8,Season peak week,Bin,week,19,20,0.03030303
Region 8,Season peak week,Bin,week,20,21,0.03030303
Region 8,Season peak percentage,Bin,percent,0.0,0.1,0.007633588
Region 8,Season peak percentage,Bin,percent,0.1,0.2,0.007633588
Region 8,Season peak percentage,Bin,percent,0.2,0.3,0.007633588
Region 8,Season peak percentage,Bin,percent,0.3,0.4,0.007633588
Region 8,Season peak percentage,Bin,percent,0.4,0.5,0.007633588
Region 8,Season peak percentage,Bin,percent,0.5,0.6,0.007633588
Region 8,Season peak percentage,Bin,percent,0.6,0.7,0.007633588
Region 8,Season peak percentage,Bin,percent,0.7,0.8,0.007633588
Region 8,Season peak percentage,Bin,percent,0.8,0.9,0.007633588
Region 8,Season peak percentage,Bin,percent,0.9,1.0,0.007633588
Region 8,Season peak percentage,Bin,percent,1.0,1.1,0.007633588
Region 8,Season peak percentage,Bin,percent,1.1,1.2,0.007633588
Region 8,Season peak percentage,Bin,percent,1.2,1.3,0.007633588
Region 8,Season peak percentage,Bin,percent,1.3,1.4,0.007633588
Region 8,Season peak percentage,Bin,percent,1.4,1.5,0.007633588
Region 8,Season peak percentage,Bin,percent,1.5,1.6,0.007633588
Region 8,Season peak percentage,Bin,percent,1.6,1.7,0.007633588
Region 8,Season peak percentage,Bin,percent,1.7,1.8,0.007633588
Region 8,Season peak percentage,Bin,percent,1.8,1.9,0.007633588
Region 8,Season peak percentage,Bin,percent,1.9,2.0,0.007633588
Region 8,Season peak percentage,Bin,percent,2.0,2.1,0.007633588
Region 8,Season peak percentage,Bin,percent,2.1,2.2,0.007633588
Region 8,Season peak percentage,Bin,percent,2.2,2.3,0.007633588
Region 8,Season peak percentage,Bin,percent,2.3,2.4,0.007633588
Region 8,Season peak percentage,Bin,percent,2.4,2.5,0.007633588
Region 8,Season peak percentage,Bin,percent,2.5,2.6,0.007633588
Region 8,Season peak percentage,Bin,percent,2.6,2.7,0.007633588
Region 8,Season peak percentage,Bin,percent,2.7,2.8,0.007633588
Region 8,Season peak percentage,Bin,percent,2.8,2.9,0.007633588
Region 8,Season peak percentage,Bin,percent,2.9,3.0,0.007633588
Region 8,Season peak percentage,Bin,percent,3.0,3.1,0.007633588
Region 8,Season peak percentage,Bin,percent,3.1,3.2,0.007633588
Region 8,Season peak percentage,Bin,percent,3.2,3.3,0.007633588
Region 8,Season peak percentage,Bin,percent,3.3,3.4,0.007633588
Region 8,Season peak percentage,Bin,percent,3.4,3.5,0.007633588
Region 8,Season peak percentage,Bin,percent,3.5,3.6,0.007633588
Region 8,Season peak percentage,Bin,percent,3.6,3.7,0.007633588
Region 8,Season peak percentage,Bin,percent,3.7,3.8,0.007633588
Region 8,Season peak percentage,Bin,percent,3.8,3.9,0.007633588
Region 8,Season peak percentage,Bin,percent,3.9,4.0,0.007633588
Region 8,Season peak percentage,Bin,percent,4.0,4.1,0.007633588
Region 8,Season peak percentage,Bin,percent,4.1,4.2,0.007633588
Region 8,Season peak percentage,Bin,percent,4.2,4.3,0.007633588
Region 8,Season peak percentage,Bin,percent,4.3,4.4,0.007633588
Region 8,Season peak percentage,Bin,percent,4.4,4.5,0.007633588
Region 8,Season peak percentage,Bin,percent,4.5,4.6,0.007633588
Region 8,Season peak percentage,Bin,percent,4.6,4.7,0.007633588
Region 8,Season peak percentage,Bin,percent,4.7,4.8,0.007633588
Region 8,Season peak percentage,Bin,percent,4.8,4.9,0.007633588
Region 8,Season peak percentage,Bin,percent,4.9,5.0,0.007633588
Region 8,Season peak percentage,Bin,percent,5.0,5.1,0.007633588
Region 8,Season peak percentage,Bin,percent,5.1,5.2,0.007633588
Region 8,Season peak percentage,Bin,percent,5.2,5.3,0.007633588
Region 8,Season peak percentage,Bin,percent,5.3,5.4,0.007633588
Region 8,Season peak percentage,Bin,percent,5.4,5.5,0.007633588
Region 8,Season peak percentage,Bin,percent,5.5,5.6,0.007633588
Region 8,Season peak percentage,Bin,percent,5.6,5.7,0.007633588
Region 8,Season peak percentage,Bin,percent,5.7,5.8,0.007633588
Region 8,Season peak percentage,Bin,percent,5.8,5.9,0.007633588
Region 8,Season peak percentage,Bin,percent,5.9,6.0,0.007633588
Region 8,Season peak percentage,Bin,percent,6.0,6.1,0.007633588
Region 8,Season peak percentage,Bin,percent,6.1,6.2,0.007633588
Region 8,Season peak percentage,Bin,percent,6.2,6.3,0.007633588
Region 8,Season peak percentage,Bin,percent,6.3,6.4,0.007633588
Region 8,Season peak percentage,Bin,percent,6.4,6.5,0.007633588
Region 8,Season peak percentage,Bin,percent,6.5,6.6,0.007633588
Region 8,Season peak percentage,Bin,percent,6.6,6.7,0.007633588
Region 8,Season peak percentage,Bin,percent,6.7,6.8,0.007633588
Region 8,Season peak percentage,Bin,percent,6.8,6.9,0.007633588
Region 8,Season peak percentage,Bin,percent,6.9,7.0,0.007633588
Region 8,Season peak percentage,Bin,percent,7.0,7.1,0.007633588
Region 8,Season peak percentage,Bin,percent,7.1,7.2,0.007633588
Region 8,Season peak percentage,Bin,percent,7.2,7.3,0.007633588
Region 8,Season peak percentage,Bin,percent,7.3,7.4,0.007633588
Region 8,Season peak percentage,Bin,percent,7.4,7.5,0.007633588
Region 8,Season peak percentage,Bin,percent,7.5,7.6,0.007633588
Region 8,Season peak percentage,Bin,percent,7.6,7.7,0.007633588
Region 8,Season peak percentage,Bin,percent,7.7,7.8,0.007633588
Region 8,Season peak percentage,Bin,percent,7.8,7.9,0.007633588
Region 8,Season peak percentage,Bin,percent,7.9,8.0,0.007633588
Region 8,Season peak percentage,Bin,percent,8.0,8.1,0.007633588
Region 8,Season peak percentage,Bin,percent,8.1,8.2,0.007633588
Region 8,Season peak percentage,Bin,percent,8.2,8.3,0.007633588
Region 8,Season peak percentage,Bin,percent,8.3,8.4,0.007633588
Region 8,Season peak percentage,Bin,percent,8.4,8.5,0.007633588
Region 8,Season peak percentage,Bin,percent,8.5,8.6,0.007633588
Region 8,Season peak percentage,Bin,percent,8.6,8.7,0.007633588
Region 8,Season peak percentage,Bin,percent,8.7,8.8,0.007633588
Region 8,Season peak percentage,Bin,percent,8.8,8.9,0.007633588
Region 8,Season peak percentage,Bin,percent,8.9,9.0,0.007633588
Region 8,Season peak percentage,Bin,percent,9.0,9.1,0.007633588
Region 8,Season peak percentage,Bin,percent,9.1,9.2,0.007633588
Region 8,Season peak percentage,Bin,percent,9.2,9.3,0.007633588
Region 8,Season peak percentage,Bin,percent,9.3,9.4,0.007633588
Region 8,Season peak percentage,Bin,percent,9.4,9.5,0.007633588
Region 8,Season peak percentage,Bin,percent,9.5,9.6,0.007633588
Region 8,Season peak percentage,Bin,percent,9.6,9.7,0.007633588
Region 8,Season peak percentage,Bin,percent,9.7,9.8,0.007633588
Region 8,Season peak percentage,Bin,percent,9.8,9.9,0.007633588
Region 8,Season peak percentage,Bin,percent,9.9,10.0,0.007633588
Region 8,Season peak percentage,Bin,percent,10.0,10.1,0.007633588
Region 8,Season peak percentage,Bin,percent,10.1,10.2,0.007633588
Region 8,Season peak percentage,Bin,percent,10.2,10.3,0.007633588
Region 8,Season peak percentage,Bin,percent,10.3,10.4,0.007633588
Region 8,Season peak percentage,Bin,percent,10.4,10.5,0.007633588
Region 8,Season peak percentage,Bin,percent,10.5,10.6,0.007633588
Region 8,Season peak percentage,Bin,percent,10.6,10.7,0.007633588
Region 8,Season peak percentage,Bin,percent,10.7,10.8,0.007633588
Region 8,Season peak percentage,Bin,percent,10.8,10.9,0.007633588
Region 8,Season peak percentage,Bin,percent,10.9,11.0,0.007633588
Region 8,Season peak percentage,Bin,percent,11.0,11.1,0.007633588
Region 8,Season peak percentage,Bin,percent,11.1,11.2,0.007633588
Region 8,Season peak percentage,Bin,percent,11.2,11.3,0.007633588
Region 8,Season peak percentage,Bin,percent,11.3,11.4,0.007633588
Region 8,Season peak percentage,Bin,percent,11.4,11.5,0.007633588
Region 8,Season peak percentage,Bin,percent,11.5,11.6,0.007633588
Region 8,Season peak percentage,Bin,percent,11.6,11.7,0.007633588
Region 8,Season peak percentage,Bin,percent,11.7,11.8,0.007633588
Region 8,Season peak percentage,Bin,percent,11.8,11.9,0.007633588
Region 8,Season peak percentage,Bin,percent,11.9,12.0,0.007633588
Region 8,Season peak percentage,Bin,percent,12.0,12.1,0.007633588
Region 8,Season peak percentage,Bin,percent,12.1,12.2,0.007633588
Region 8,Season peak percentage,Bin,percent,12.2,12.3,0.007633588
Region 8,Season peak percentage,Bin,percent,12.3,12.4,0.007633588
Region 8,Season peak percentage,Bin,percent,12.4,12.5,0.007633588
Region 8,Season peak percentage,Bin,percent,12.5,12.6,0.007633588
Region 8,Season peak percentage,Bin,percent,12.6,12.7,0.007633588
Region 8,Season peak percentage,Bin,percent,12.7,12.8,0.007633588
Region 8,Season peak percentage,Bin,percent,12.8,12.9,0.007633588
Region 8,Season peak percentage,Bin,percent,12.9,13.0,0.007633588
Region 8,Season peak percentage,Bin,percent,13.0,100.0,0.007633588
Region 8,1 wk ahead,Point,percent,,,1.328556294274459
Region 8,1 wk ahead,Bin,percent,0.0,0.1,1.0000000000000002e-06
Region 8,1 wk ahead,Bin,percent,0.1,0.2,1.0000000000000002e-06
Region 8,1 wk ahead,Bin,percent,0.2,0.3,1.0000000000000002e-06
Region 8,1 wk ahead,Bin,percent,0.3,0.4,1.0000000000000002e-06
Region 8,1 wk ahead,Bin,percent,0.4,0.5,1.0000000000000002e-06
Region 8,1 wk ahead,Bin,percent,0.5,0.6,1.0000000000000002e-06
Region 8,1 wk ahead,Bin,percent,0.6,0.7,1.0000000000000002e-06
Region 8,1 wk ahead,Bin,percent,0.7,0.8,1.0000000000000002e-06
Region 8,1 wk ahead,Bin,percent,0.8,0.9,1.0000000000000002e-06
Region 8,1 wk ahead,Bin,percent,0.9,1.0,1.0000000000000002e-06
Region 8,1 wk ahead,Bin,percent,1.0,1.1,1.0000000000000002e-06
Region 8,1 wk ahead,Bin,percent,1.1,1.2,1.0000000000000002e-06
Region 8,1 wk ahead,Bin,percent,1.2,1.3,1.0000000000000002e-06
Region 8,1 wk ahead,Bin,percent,1.3,1.4,1.0000000000000002e-06
Region 8,1 wk ahead,Bin,percent,1.4,1.5,1.0000000000000002e-06
Region 8,1 wk ahead,Bin,percent,1.5,1.6,0.000400996
Region 8,1 wk ahead,Bin,percent,1.6,1.7,0.000600994
Region 8,1 wk ahead,Bin,percent,1.7,1.8,0.00010099900000000001
Region 8,1 wk ahead,Bin,percent,1.8,1.9,0.0007009929999999999
Region 8,1 wk ahead,Bin,percent,1.9,2.0,0.00100099
Region 8,1 wk ahead,Bin,percent,2.0,2.1,0.001900981
Region 8,1 wk ahead,Bin,percent,2.1,2.2,0.004300957
Region 8,1 wk ahead,Bin,percent,2.2,2.3,0.008300917000000001
Region 8,1 wk ahead,Bin,percent,2.3,2.4,0.010100899
Region 8,1 wk ahead,Bin,percent,2.4,2.5,0.012400876
Region 8,1 wk ahead,Bin,percent,2.5,2.6,0.013900861000000004
Region 8,1 wk ahead,Bin,percent,2.6,2.7,0.012300877
Region 8,1 wk ahead,Bin,percent,2.7,2.8,0.008800912
Region 8,1 wk ahead,Bin,percent,2.8,2.9,0.0073009270000000005
Region 8,1 wk ahead,Bin,percent,2.9,3.0,0.005500945000000001
Region 8,1 wk ahead,Bin,percent,3.0,3.1,0.0035009650000000004
Region 8,1 wk ahead,Bin,percent,3.1,3.2,0.0036009640000000003
Region 8,1 wk ahead,Bin,percent,3.2,3.3,0.0013009870000000002
Region 8,1 wk ahead,Bin,percent,3.3,3.4,0.001500985
Region 8,1 wk ahead,Bin,percent,3.4,3.5,0.000900991
Region 8,1 wk ahead,Bin,percent,3.5,3.6,0.000300997
Region 8,1 wk ahead,Bin,percent,3.6,3.7,0.00100099
Region 8,1 wk ahead,Bin,percent,3.7,3.8,0.00010099900000000001
Region 8,1 wk ahead,Bin,percent,3.8,3.9,0.00020099800000000003
Region 8,1 wk ahead,Bin,percent,3.9,4.0,1.0000000000000002e-06
Region 8,1 wk ahead,Bin,percent,4.0,4.1,1.0000000000000002e-06
Region 8,1 wk ahead,Bin,percent,4.1,4.2,1.0000000000000002e-06
Region 8,1 wk ahead,Bin,percent,4.2,4.3,1.0000000000000002e-06
Region 8,1 wk ahead,Bin,percent,4.3,4.4,1.0000000000000002e-06
Region 8,1 wk ahead,Bin,percent,4.4,4.5,1.0000000000000002e-06
Region 8,1 wk ahead,Bin,percent,4.5,4.6,1.0000000000000002e-06
Region 8,1 wk ahead,Bin,percent,4.6,4.7,1.0000000000000002e-06
Region 8,1 wk ahead,Bin,percent,4.7,4.8,1.0000000000000002e-06
Region 8,1 wk ahead,Bin,percent,4.8,4.9,1.0000000000000002e-06
Region 8,1 wk ahead,Bin,percent,4.9,5.0,1.0000000000000002e-06
Region 8,1 wk ahead,Bin,percent,5.0,5.1,1.0000000000000002e-06
Region 8,1 wk ahead,Bin,percent,5.1,5.2,1.0000000000000002e-06
Region 8,1 wk ahead,Bin,percent,5.2,5.3,1.0000000000000002e-06
Region 8,1 wk ahead,Bin,percent,5.3,5.4,1.0000000000000002e-06
Region 8,1 wk ahead,Bin,percent,5.4,5.5,1.0000000000000002e-06
Region 8,1 wk ahead,Bin,percent,5.5,5.6,1.0000000000000002e-06
Region 8,1 wk ahead,Bin,percent,5.6,5.7,1.0000000000000002e-06
Region 8,1 wk ahead,Bin,percent,5.7,5.8,1.0000000000000002e-06
Region 8,1 wk ahead,Bin,percent,5.8,5.9,1.0000000000000002e-06
Region 8,1 wk ahead,Bin,percent,5.9,6.0,1.0000000000000002e-06
Region 8,1 wk ahead,Bin,percent,6.0,6.1,1.0000000000000002e-06
Region 8,1 wk ahead,Bin,percent,6.1,6.2,1.0000000000000002e-06
Region 8,1 wk ahead,Bin,percent,6.2,6.3,1.0000000000000002e-06
Region 8,1 wk ahead,Bin,percent,6.3,6.4,1.0000000000000002e-06
Region 8,1 wk ahead,Bin,percent,6.4,6.5,1.0000000000000002e-06
Region 8,1 wk ahead,Bin,percent,6.5,6.6,1.0000000000000002e-06
Region 8,1 wk ahead,Bin,percent,6.6,6.7,1.0000000000000002e-06
Region 8,1 wk ahead,Bin,percent,6.7,6.8,1.0000000000000002e-06
Region 8,1 wk ahead,Bin,percent,6.8,6.9,1.0000000000000002e-06
Region 8,1 wk ahead,Bin,percent,6.9,7.0,1.0000000000000002e-06
Region 8,1 wk ahead,Bin,percent,7.0,7.1,1.0000000000000002e-06
Region 8,1 wk ahead,Bin,percent,7.1,7.2,1.0000000000000002e-06
Region 8,1 wk ahead,Bin,percent,7.2,7.3,1.0000000000000002e-06
Region 8,1 wk ahead,Bin,percent,7.3,7.4,1.0000000000000002e-06
Region 8,1 wk ahead,Bin,percent,7.4,7.5,1.0000000000000002e-06
Region 8,1 wk ahead,Bin,percent,7.5,7.6,1.0000000000000002e-06
Region 8,1 wk ahead,Bin,percent,7.6,7.7,1.0000000000000002e-06
Region 8,1 wk ahead,Bin,percent,7.7,7.8,1.0000000000000002e-06
Region 8,1 wk ahead,Bin,percent,7.8,7.9,1.0000000000000002e-06
Region 8,1 wk ahead,Bin,percent,7.9,8.0,1.0000000000000002e-06
Region 8,1 wk ahead,Bin,percent,8.0,8.1,1.0000000000000002e-06
Region 8,1 wk ahead,Bin,percent,8.1,8.2,1.0000000000000002e-06
Region 8,1 wk ahead,Bin,percent,8.2,8.3,1.0000000000000002e-06
Region 8,1 wk ahead,Bin,percent,8.3,8.4,1.0000000000000002e-06
Region 8,1 wk ahead,Bin,percent,8.4,8.5,1.0000000000000002e-06
Region 8,1 wk ahead,Bin,percent,8.5,8.6,1.0000000000000002e-06
Region 8,1 wk ahead,Bin,percent,8.6,8.7,1.0000000000000002e-06
Region 8,1 wk ahead,Bin,percent,8.7,8.8,1.0000000000000002e-06
Region 8,1 wk ahead,Bin,percent,8.8,8.9,1.0000000000000002e-06
Region 8,1 wk ahead,Bin,percent,8.9,9.0,1.0000000000000002e-06
Region 8,1 wk ahead,Bin,percent,9.0,9.1,1.0000000000000002e-06
Region 8,1 wk ahead,Bin,percent,9.1,9.2,1.0000000000000002e-06
Region 8,1 wk ahead,Bin,percent,9.2,9.3,1.0000000000000002e-06
Region 8,1 wk ahead,Bin,percent,9.3,9.4,1.0000000000000002e-06
Region 8,1 wk ahead,Bin,percent,9.4,9.5,1.0000000000000002e-06
Region 8,1 wk ahead,Bin,percent,9.5,9.6,1.0000000000000002e-06
Region 8,1 wk ahead,Bin,percent,9.6,9.7,1.0000000000000002e-06
Region 8,1 wk ahead,Bin,percent,9.7,9.8,1.0000000000000002e-06
Region 8,1 wk ahead,Bin,percent,9.8,9.9,1.0000000000000002e-06
Region 8,1 wk ahead,Bin,percent,9.9,10.0,1.0000000000000002e-06
Region 8,1 wk ahead,Bin,percent,10.0,10.1,1.0000000000000002e-06
Region 8,1 wk ahead,Bin,percent,10.1,10.2,1.0000000000000002e-06
Region 8,1 wk ahead,Bin,percent,10.2,10.3,1.0000000000000002e-06
Region 8,1 wk ahead,Bin,percent,10.3,10.4,1.0000000000000002e-06
Region 8,1 wk ahead,Bin,percent,10.4,10.5,1.0000000000000002e-06
Region 8,1 wk ahead,Bin,percent,10.5,10.6,1.0000000000000002e-06
Region 8,1 wk ahead,Bin,percent,10.6,10.7,1.0000000000000002e-06
Region 8,1 wk ahead,Bin,percent,10.7,10.8,1.0000000000000002e-06
Region 8,1 wk ahead,Bin,percent,10.8,10.9,1.0000000000000002e-06
Region 8,1 wk ahead,Bin,percent,10.9,11.0,1.0000000000000002e-06
Region 8,1 wk ahead,Bin,percent,11.0,11.1,1.0000000000000002e-06
Region 8,1 wk ahead,Bin,percent,11.1,11.2,1.0000000000000002e-06
Region 8,1 wk ahead,Bin,percent,11.2,11.3,1.0000000000000002e-06
Region 8,1 wk ahead,Bin,percent,11.3,11.4,1.0000000000000002e-06
Region 8,1 wk ahead,Bin,percent,11.4,11.5,1.0000000000000002e-06
Region 8,1 wk ahead,Bin,percent,11.5,11.6,1.0000000000000002e-06
Region 8,1 wk ahead,Bin,percent,11.6,11.7,1.0000000000000002e-06
Region 8,1 wk ahead,Bin,percent,11.7,11.8,1.0000000000000002e-06
Region 8,1 wk ahead,Bin,percent,11.8,11.9,1.0000000000000002e-06
Region 8,1 wk ahead,Bin,percent,11.9,12.0,1.0000000000000002e-06
Region 8,1 wk ahead,Bin,percent,12.0,12.1,1.0000000000000002e-06
Region 8,1 wk ahead,Bin,percent,12.1,12.2,1.0000000000000002e-06
Region 8,1 wk ahead,Bin,percent,12.2,12.3,1.0000000000000002e-06
Region 8,1 wk ahead,Bin,percent,12.3,12.4,1.0000000000000002e-06
Region 8,1 wk ahead,Bin,percent,12.4,12.5,1.0000000000000002e-06
Region 8,1 wk ahead,Bin,percent,12.5,12.6,1.0000000000000002e-06
Region 8,1 wk ahead,Bin,percent,12.6,12.7,1.0000000000000002e-06
Region 8,1 wk ahead,Bin,percent,12.7,12.8,1.0000000000000002e-06
Region 8,1 wk ahead,Bin,percent,12.8,12.9,1.0000000000000002e-06
Region 8,1 wk ahead,Bin,percent,12.9,13.0,1.0000000000000002e-06
Region 8,1 wk ahead,Bin,percent,13.0,100,1.0000000000000002e-06
Region 8,2 wk ahead,Point,percent,,,1.528479120611696
Region 8,2 wk ahead,Bin,percent,0.0,0.1,1.0000000000000002e-06
Region 8,2 wk ahead,Bin,percent,0.1,0.2,1.0000000000000002e-06
Region 8,2 wk ahead,Bin,percent,0.2,0.3,1.0000000000000002e-06
Region 8,2 wk ahead,Bin,percent,0.3,0.4,1.0000000000000002e-06
Region 8,2 wk ahead,Bin,percent,0.4,0.5,1.0000000000000002e-06
Region 8,2 wk ahead,Bin,percent,0.5,0.6,1.0000000000000002e-06
Region 8,2 wk ahead,Bin,percent,0.6,0.7,1.0000000000000002e-06
Region 8,2 wk ahead,Bin,percent,0.7,0.8,1.0000000000000002e-06
Region 8,2 wk ahead,Bin,percent,0.8,0.9,1.0000000000000002e-06
Region 8,2 wk ahead,Bin,percent,0.9,1.0,1.0000000000000002e-06
Region 8,2 wk ahead,Bin,percent,1.0,1.1,1.0000000000000002e-06
Region 8,2 wk ahead,Bin,percent,1.1,1.2,1.0000000000000002e-06
Region 8,2 wk ahead,Bin,percent,1.2,1.3,1.0000000000000002e-06
Region 8,2 wk ahead,Bin,percent,1.3,1.4,1.0000000000000002e-06
Region 8,2 wk ahead,Bin,percent,1.4,1.5,1.0000000000000002e-06
Region 8,2 wk ahead,Bin,percent,1.5,1.6,1.0000000000000002e-06
Region 8,2 wk ahead,Bin,percent,1.6,1.7,1.0000000000000002e-06
Region 8,2 wk ahead,Bin,percent,1.7,1.8,0.00010099900000000001
Region 8,2 wk ahead,Bin,percent,1.8,1.9,0.000300997
Region 8,2 wk ahead,Bin,percent,1.9,2.0,0.0016009840000000002
Region 8,2 wk ahead,Bin,percent,2.0,2.1,0.001800982
Region 8,2 wk ahead,Bin,percent,2.1,2.2,0.005400946
Region 8,2 wk ahead,Bin,percent,2.2,2.3,0.007400926
Region 8,2 wk ahead,Bin,percent,2.3,2.4,0.014100859000000002
Region 8,2 wk ahead,Bin,percent,2.4,2.5,0.013400866
Region 8,2 wk ahead,Bin,percent,2.5,2.6,0.015100849000000003
Region 8,2 wk ahead,Bin,percent,2.6,2.7,0.013600864
Region 8,2 wk ahead,Bin,percent,2.7,2.8,0.009700903
Region 8,2 wk ahead,Bin,percent,2.8,2.9,0.007400926
Region 8,2 wk ahead,Bin,percent,2.9,3.0,0.004100959
Region 8,2 wk ahead,Bin,percent,3.0,3.1,0.0028009719999999997
Region 8,2 wk ahead,Bin,percent,3.1,3.2,0.0016009840000000002
Region 8,2 wk ahead,Bin,percent,3.2,3.3,0.000900991
Region 8,2 wk ahead,Bin,percent,3.3,3.4,0.000400996
Region 8,2 wk ahead,Bin,percent,3.4,3.5,0.00010099900000000001
Region 8,2 wk ahead,Bin,percent,3.5,3.6,0.00020099800000000003
Region 8,2 wk ahead,Bin,percent,3.6,3.7,1.0000000000000002e-06
Region 8,2 wk ahead,Bin,percent,3.7,3.8,1.0000000000000002e-06
Region 8,2 wk ahead,Bin,percent,3.8,3.9,1.0000000000000002e-06
Region 8,2 wk ahead,Bin,percent,3.9,4.0,1.0000000000000002e-06
Region 8,2 wk ahead,Bin,percent,4.0,4.1,1.0000000000000002e-06
Region 8,2 wk ahead,Bin,percent,4.1,4.2,1.0000000000000002e-06
Region 8,2 wk ahead,Bin,percent,4.2,4.3,1.0000000000000002e-06
Region 8,2 wk ahead,Bin,percent,4.3,4.4,1.0000000000000002e-06
Region 8,2 wk ahead,Bin,percent,4.4,4.5,1.0000000000000002e-06
Region 8,2 wk ahead,Bin,percent,4.5,4.6,1.0000000000000002e-06
Region 8,2 wk ahead,Bin,percent,4.6,4.7,1.0000000000000002e-06
Region 8,2 wk ahead,Bin,percent,4.7,4.8,1.0000000000000002e-06
Region 8,2 wk ahead,Bin,percent,4.8,4.9,1.0000000000000002e-06
Region 8,2 wk ahead,Bin,percent,4.9,5.0,1.0000000000000002e-06
Region 8,2 wk ahead,Bin,percent,5.0,5.1,1.0000000000000002e-06
Region 8,2 wk ahead,Bin,percent,5.1,5.2,1.0000000000000002e-06
Region 8,2 wk ahead,Bin,percent,5.2,5.3,1.0000000000000002e-06
Region 8,2 wk ahead,Bin,percent,5.3,5.4,1.0000000000000002e-06
Region 8,2 wk ahead,Bin,percent,5.4,5.5,1.0000000000000002e-06
Region 8,2 wk ahead,Bin,percent,5.5,5.6,1.0000000000000002e-06
Region 8,2 wk ahead,Bin,percent,5.6,5.7,1.0000000000000002e-06
Region 8,2 wk ahead,Bin,percent,5.7,5.8,1.0000000000000002e-06
Region 8,2 wk ahead,Bin,percent,5.8,5.9,1.0000000000000002e-06
Region 8,2 wk ahead,Bin,percent,5.9,6.0,1.0000000000000002e-06
Region 8,2 wk ahead,Bin,percent,6.0,6.1,1.0000000000000002e-06
Region 8,2 wk ahead,Bin,percent,6.1,6.2,1.0000000000000002e-06
Region 8,2 wk ahead,Bin,percent,6.2,6.3,1.0000000000000002e-06
Region 8,2 wk ahead,Bin,percent,6.3,6.4,1.0000000000000002e-06
Region 8,2 wk ahead,Bin,percent,6.4,6.5,1.0000000000000002e-06
Region 8,2 wk ahead,Bin,percent,6.5,6.6,1.0000000000000002e-06
Region 8,2 wk ahead,Bin,percent,6.6,6.7,1.0000000000000002e-06
Region 8,2 wk ahead,Bin,percent,6.7,6.8,1.0000000000000002e-06
Region 8,2 wk ahead,Bin,percent,6.8,6.9,1.0000000000000002e-06
Region 8,2 wk ahead,Bin,percent,6.9,7.0,1.0000000000000002e-06
Region 8,2 wk ahead,Bin,percent,7.0,7.1,1.0000000000000002e-06
Region 8,2 wk ahead,Bin,percent,7.1,7.2,1.0000000000000002e-06
Region 8,2 wk ahead,Bin,percent,7.2,7.3,1.0000000000000002e-06
Region 8,2 wk ahead,Bin,percent,7.3,7.4,1.0000000000000002e-06
Region 8,2 wk ahead,Bin,percent,7.4,7.5,1.0000000000000002e-06
Region 8,2 wk ahead,Bin,percent,7.5,7.6,1.0000000000000002e-06
Region 8,2 wk ahead,Bin,percent,7.6,7.7,1.0000000000000002e-06
Region 8,2 wk ahead,Bin,percent,7.7,7.8,1.0000000000000002e-06
Region 8,2 wk ahead,Bin,percent,7.8,7.9,1.0000000000000002e-06
Region 8,2 wk ahead,Bin,percent,7.9,8.0,1.0000000000000002e-06
Region 8,2 wk ahead,Bin,percent,8.0,8.1,1.0000000000000002e-06
Region 8,2 wk ahead,Bin,percent,8.1,8.2,1.0000000000000002e-06
Region 8,2 wk ahead,Bin,percent,8.2,8.3,1.0000000000000002e-06
Region 8,2 wk ahead,Bin,percent,8.3,8.4,1.0000000000000002e-06
Region 8,2 wk ahead,Bin,percent,8.4,8.5,1.0000000000000002e-06
Region 8,2 wk ahead,Bin,percent,8.5,8.6,1.0000000000000002e-06
Region 8,2 wk ahead,Bin,percent,8.6,8.7,1.0000000000000002e-06
Region 8,2 wk ahead,Bin,percent,8.7,8.8,1.0000000000000002e-06
Region 8,2 wk ahead,Bin,percent,8.8,8.9,1.0000000000000002e-06
Region 8,2 wk ahead,Bin,percent,8.9,9.0,1.0000000000000002e-06
Region 8,2 wk ahead,Bin,percent,9.0,9.1,1.0000000000000002e-06
Region 8,2 wk ahead,Bin,percent,9.1,9.2,1.0000000000000002e-06
Region 8,2 wk ahead,Bin,percent,9.2,9.3,1.0000000000000002e-06
Region 8,2 wk ahead,Bin,percent,9.3,9.4,1.0000000000000002e-06
Region 8,2 wk ahead,Bin,percent,9.4,9.5,1.0000000000000002e-06
Region 8,2 wk ahead,Bin,percent,9.5,9.6,1.0000000000000002e-06
Region 8,2 wk ahead,Bin,percent,9.6,9.7,1.0000000000000002e-06
Region 8,2 wk ahead,Bin,percent,9.7,9.8,1.0000000000000002e-06
Region 8,2 wk ahead,Bin,percent,9.8,9.9,1.0000000000000002e-06
Region 8,2 wk ahead,Bin,percent,9.9,10.0,1.0000000000000002e-06
Region 8,2 wk ahead,Bin,percent,10.0,10.1,1.0000000000000002e-06
Region 8,2 wk ahead,Bin,percent,10.1,10.2,1.0000000000000002e-06
Region 8,2 wk ahead,Bin,percent,10.2,10.3,1.0000000000000002e-06
Region 8,2 wk ahead,Bin,percent,10.3,10.4,1.0000000000000002e-06
Region 8,2 wk ahead,Bin,percent,10.4,10.5,1.0000000000000002e-06
Region 8,2 wk ahead,Bin,percent,10.5,10.6,1.0000000000000002e-06
Region 8,2 wk ahead,Bin,percent,10.6,10.7,1.0000000000000002e-06
Region 8,2 wk ahead,Bin,percent,10.7,10.8,1.0000000000000002e-06
Region 8,2 wk ahead,Bin,percent,10.8,10.9,1.0000000000000002e-06
Region 8,2 wk ahead,Bin,percent,10.9,11.0,1.0000000000000002e-06
Region 8,2 wk ahead,Bin,percent,11.0,11.1,1.0000000000000002e-06
Region 8,2 wk ahead,Bin,percent,11.1,11.2,1.0000000000000002e-06
Region 8,2 wk ahead,Bin,percent,11.2,11.3,1.0000000000000002e-06
Region 8,2 wk ahead,Bin,percent,11.3,11.4,1.0000000000000002e-06
Region 8,2 wk ahead,Bin,percent,11.4,11.5,1.0000000000000002e-06
Region 8,2 wk ahead,Bin,percent,11.5,11.6,1.0000000000000002e-06
Region 8,2 wk ahead,Bin,percent,11.6,11.7,1.0000000000000002e-06
Region 8,2 wk ahead,Bin,percent,11.7,11.8,1.0000000000000002e-06
Region 8,2 wk ahead,Bin,percent,11.8,11.9,1.0000000000000002e-06
Region 8,2 wk ahead,Bin,percent,11.9,12.0,1.0000000000000002e-06
Region 8,2 wk ahead,Bin,percent,12.0,12.1,1.0000000000000002e-06
Region 8,2 wk ahead,Bin,percent,12.1,12.2,1.0000000000000002e-06
Region 8,2 wk ahead,Bin,percent,12.2,12.3,1.0000000000000002e-06
Region 8,2 wk ahead,Bin,percent,12.3,12.4,1.0000000000000002e-06
Region 8,2 wk ahead,Bin,percent,12.4,12.5,1.0000000000000002e-06
Region 8,2 wk ahead,Bin,percent,12.5,12.6,1.0000000000000002e-06
Region 8,2 wk ahead,Bin,percent,12.6,12.7,1.0000000000000002e-06
Region 8,2 wk ahead,Bin,percent,12.7,12.8,1.0000000000000002e-06
Region 8,2 wk ahead,Bin,percent,12.8,12.9,1.0000000000000002e-06
Region 8,2 wk ahead,Bin,percent,12.9,13.0,1.0000000000000002e-06
Region 8,2 wk ahead,Bin,percent,13.0,100,1.0000000000000002e-06
Region 8,3 wk ahead,Point,percent,,,1.493276120830771
Region 8,3 wk ahead,Bin,percent,0.0,0.1,1.0000000000000002e-06
Region 8,3 wk ahead,Bin,percent,0.1,0.2,1.0000000000000002e-06
Region 8,3 wk ahead,Bin,percent,0.2,0.3,1.0000000000000002e-06
Region 8,3 wk ahead,Bin,percent,0.3,0.4,1.0000000000000002e-06
Region 8,3 wk ahead,Bin,percent,0.4,0.5,1.0000000000000002e-06
Region 8,3 wk ahead,Bin,percent,0.5,0.6,1.0000000000000002e-06
Region 8,3 wk ahead,Bin,percent,0.6,0.7,1.0000000000000002e-06
Region 8,3 wk ahead,Bin,percent,0.7,0.8,1.0000000000000002e-06
Region 8,3 wk ahead,Bin,percent,0.8,0.9,1.0000000000000002e-06
Region 8,3 wk ahead,Bin,percent,0.9,1.0,1.0000000000000002e-06
Region 8,3 wk ahead,Bin,percent,1.0,1.1,1.0000000000000002e-06
Region 8,3 wk ahead,Bin,percent,1.1,1.2,1.0000000000000002e-06
Region 8,3 wk ahead,Bin,percent,1.2,1.3,1.0000000000000002e-06
Region 8,3 wk ahead,Bin,percent,1.3,1.4,1.0000000000000002e-06
Region 8,3 wk ahead,Bin,percent,1.4,1.5,1.0000000000000002e-06
Region 8,3 wk ahead,Bin,percent,1.5,1.6,1.0000000000000002e-06
Region 8,3 wk ahead,Bin,percent,1.6,1.7,0.00010099900000000001
Region 8,3 wk ahead,Bin,percent,1.7,1.8,0.000300997
Region 8,3 wk ahead,Bin,percent,1.8,1.9,0.000800992
Region 8,3 wk ahead,Bin,percent,1.9,2.0,0.001800982
Region 8,3 wk ahead,Bin,percent,2.0,2.1,0.004800952000000001
Region 8,3 wk ahead,Bin,percent,2.1,2.2,0.006400936
Region 8,3 wk ahead,Bin,percent,2.2,2.3,0.011400886
Region 8,3 wk ahead,Bin,percent,2.3,2.4,0.012400876
Region 8,3 wk ahead,Bin,percent,2.4,2.5,0.011400886
Region 8,3 wk ahead,Bin,percent,2.5,2.6,0.013900861000000004
Region 8,3 wk ahead,Bin,percent,2.6,2.7,0.010600894
Region 8,3 wk ahead,Bin,percent,2.7,2.8,0.008100919
Region 8,3 wk ahead,Bin,percent,2.8,2.9,0.006300937000000001
Region 8,3 wk ahead,Bin,percent,2.9,3.0,0.004500955
Region 8,3 wk ahead,Bin,percent,3.0,3.1,0.0028009719999999997
Region 8,3 wk ahead,Bin,percent,3.1,3.2,0.0016009840000000002
Region 8,3 wk ahead,Bin,percent,3.2,3.3,0.001400986
Region 8,3 wk ahead,Bin,percent,3.3,3.4,0.000600994
Region 8,3 wk ahead,Bin,percent,3.4,3.5,0.00020099800000000003
Region 8,3 wk ahead,Bin,percent,3.5,3.6,0.00020099800000000003
Region 8,3 wk ahead,Bin,percent,3.6,3.7,0.00020099800000000003
Region 8,3 wk ahead,Bin,percent,3.7,3.8,0.00010099900000000001
Region 8,3 wk ahead,Bin,percent,3.8,3.9,1.0000000000000002e-06
Region 8,3 wk ahead,Bin,percent,3.9,4.0,1.0000000000000002e-06
Region 8,3 wk ahead,Bin,percent,4.0,4.1,1.0000000000000002e-06
Region 8,3 wk ahead,Bin,percent,4.1,4.2,0.00010099900000000001
Region 8,3 wk ahead,Bin,percent,4.2,4.3,1.0000000000000002e-06
Region 8,3 wk ahead,Bin,percent,4.3,4.4,1.0000000000000002e-06
Region 8,3 wk ahead,Bin,percent,4.4,4.5,1.0000000000000002e-06
Region 8,3 wk ahead,Bin,percent,4.5,4.6,1.0000000000000002e-06
Region 8,3 wk ahead,Bin,percent,4.6,4.7,1.0000000000000002e-06
Region 8,3 wk ahead,Bin,percent,4.7,4.8,1.0000000000000002e-06
Region 8,3 wk ahead,Bin,percent,4.8,4.9,1.0000000000000002e-06
Region 8,3 wk ahead,Bin,percent,4.9,5.0,1.0000000000000002e-06
Region 8,3 wk ahead,Bin,percent,5.0,5.1,1.0000000000000002e-06
Region 8,3 wk ahead,Bin,percent,5.1,5.2,1.0000000000000002e-06
Region 8,3 wk ahead,Bin,percent,5.2,5.3,1.0000000000000002e-06
Region 8,3 wk ahead,Bin,percent,5.3,5.4,1.0000000000000002e-06
Region 8,3 wk ahead,Bin,percent,5.4,5.5,1.0000000000000002e-06
Region 8,3 wk ahead,Bin,percent,5.5,5.6,1.0000000000000002e-06
Region 8,3 wk ahead,Bin,percent,5.6,5.7,1.0000000000000002e-06
Region 8,3 wk ahead,Bin,percent,5.7,5.8,1.0000000000000002e-06
Region 8,3 wk ahead,Bin,percent,5.8,5.9,1.0000000000000002e-06
Region 8,3 wk ahead,Bin,percent,5.9,6.0,1.0000000000000002e-06
Region 8,3 wk ahead,Bin,percent,6.0,6.1,1.0000000000000002e-06
Region 8,3 wk ahead,Bin,percent,6.1,6.2,1.0000000000000002e-06
Region 8,3 wk ahead,Bin,percent,6.2,6.3,1.0000000000000002e-06
Region 8,3 wk ahead,Bin,percent,6.3,6.4,1.0000000000000002e-06
Region 8,3 wk ahead,Bin,percent,6.4,6.5,1.0000000000000002e-06
Region 8,3 wk ahead,Bin,percent,6.5,6.6,1.0000000000000002e-06
Region 8,3 wk ahead,Bin,percent,6.6,6.7,1.0000000000000002e-06
Region 8,3 wk ahead,Bin,percent,6.7,6.8,1.0000000000000002e-06
Region 8,3 wk ahead,Bin,percent,6.8,6.9,1.0000000000000002e-06
Region 8,3 wk ahead,Bin,percent,6.9,7.0,1.0000000000000002e-06
Region 8,3 wk ahead,Bin,percent,7.0,7.1,1.0000000000000002e-06
Region 8,3 wk ahead,Bin,percent,7.1,7.2,1.0000000000000002e-06
Region 8,3 wk ahead,Bin,percent,7.2,7.3,1.0000000000000002e-06
Region 8,3 wk ahead,Bin,percent,7.3,7.4,1.0000000000000002e-06
Region 8,3 wk ahead,Bin,percent,7.4,7.5,1.0000000000000002e-06
Region 8,3 wk ahead,Bin,percent,7.5,7.6,1.0000000000000002e-06
Region 8,3 wk ahead,Bin,percent,7.6,7.7,1.0000000000000002e-06
Region 8,3 wk ahead,Bin,percent,7.7,7.8,1.0000000000000002e-06
Region 8,3 wk ahead,Bin,percent,7.8,7.9,1.0000000000000002e-06
Region 8,3 wk ahead,Bin,percent,7.9,8.0,1.0000000000000002e-06
Region 8,3 wk ahead,Bin,percent,8.0,8.1,1.0000000000000002e-06
Region 8,3 wk ahead,Bin,percent,8.1,8.2,1.0000000000000002e-06
Region 8,3 wk ahead,Bin,percent,8.2,8.3,1.0000000000000002e-06
Region 8,3 wk ahead,Bin,percent,8.3,8.4,1.0000000000000002e-06
Region 8,3 wk ahead,Bin,percent,8.4,8.5,1.0000000000000002e-06
Region 8,3 wk ahead,Bin,percent,8.5,8.6,1.0000000000000002e-06
Region 8,3 wk ahead,Bin,percent,8.6,8.7,1.0000000000000002e-06
Region 8,3 wk ahead,Bin,percent,8.7,8.8,1.0000000000000002e-06
Region 8,3 wk ahead,Bin,percent,8.8,8.9,1.0000000000000002e-06
Region 8,3 wk ahead,Bin,percent,8.9,9.0,1.0000000000000002e-06
Region 8,3 wk ahead,Bin,percent,9.0,9.1,1.0000000000000002e-06
Region 8,3 wk ahead,Bin,percent,9.1,9.2,1.0000000000000002e-06
Region 8,3 wk ahead,Bin,percent,9.2,9.3,1.0000000000000002e-06
Region 8,3 wk ahead,Bin,percent,9.3,9.4,1.0000000000000002e-06
Region 8,3 wk ahead,Bin,percent,9.4,9.5,1.0000000000000002e-06
Region 8,3 wk ahead,Bin,percent,9.5,9.6,1.0000000000000002e-06
Region 8,3 wk ahead,Bin,percent,9.6,9.7,1.0000000000000002e-06
Region 8,3 wk ahead,Bin,percent,9.7,9.8,1.0000000000000002e-06
Region 8,3 wk ahead,Bin,percent,9.8,9.9,1.0000000000000002e-06
Region 8,3 wk ahead,Bin,percent,9.9,10.0,1.0000000000000002e-06
Region 8,3 wk ahead,Bin,percent,10.0,10.1,1.0000000000000002e-06
Region 8,3 wk ahead,Bin,percent,10.1,10.2,1.0000000000000002e-06
Region 8,3 wk ahead,Bin,percent,10.2,10.3,1.0000000000000002e-06
Region 8,3 wk ahead,Bin,percent,10.3,10.4,1.0000000000000002e-06
Region 8,3 wk ahead,Bin,percent,10.4,10.5,1.0000000000000002e-06
Region 8,3 wk ahead,Bin,percent,10.5,10.6,1.0000000000000002e-06
Region 8,3 wk ahead,Bin,percent,10.6,10.7,1.0000000000000002e-06
Region 8,3 wk ahead,Bin,percent,10.7,10.8,1.0000000000000002e-06
Region 8,3 wk ahead,Bin,percent,10.8,10.9,1.0000000000000002e-06
Region 8,3 wk ahead,Bin,percent,10.9,11.0,1.0000000000000002e-06
Region 8,3 wk ahead,Bin,percent,11.0,11.1,1.0000000000000002e-06
Region 8,3 wk ahead,Bin,percent,11.1,11.2,1.0000000000000002e-06
Region 8,3 wk ahead,Bin,percent,11.2,11.3,1.0000000000000002e-06
Region 8,3 wk ahead,Bin,percent,11.3,11.4,1.0000000000000002e-06
Region 8,3 wk ahead,Bin,percent,11.4,11.5,1.0000000000000002e-06
Region 8,3 wk ahead,Bin,percent,11.5,11.6,1.0000000000000002e-06
Region 8,3 wk ahead,Bin,percent,11.6,11.7,1.0000000000000002e-06
Region 8,3 wk ahead,Bin,percent,11.7,11.8,1.0000000000000002e-06
Region 8,3 wk ahead,Bin,percent,11.8,11.9,1.0000000000000002e-06
Region 8,3 wk ahead,Bin,percent,11.9,12.0,1.0000000000000002e-06
Region 8,3 wk ahead,Bin,percent,12.0,12.1,1.0000000000000002e-06
Region 8,3 wk ahead,Bin,percent,12.1,12.2,1.0000000000000002e-06
Region 8,3 wk ahead,Bin,percent,12.2,12.3,1.0000000000000002e-06
Region 8,3 wk ahead,Bin,percent,12.3,12.4,1.0000000000000002e-06
Region 8,3 wk ahead,Bin,percent,12.4,12.5,1.0000000000000002e-06
Region 8,3 wk ahead,Bin,percent,12.5,12.6,1.0000000000000002e-06
Region 8,3 wk ahead,Bin,percent,12.6,12.7,1.0000000000000002e-06
Region 8,3 wk ahead,Bin,percent,12.7,12.8,1.0000000000000002e-06
Region 8,3 wk ahead,Bin,percent,12.8,12.9,1.0000000000000002e-06
Region 8,3 wk ahead,Bin,percent,12.9,13.0,1.0000000000000002e-06
Region 8,3 wk ahead,Bin,percent,13.0,100,1.0000000000000002e-06
Region 8,4 wk ahead,Point,percent,,,1.269177032339212
Region 8,4 wk ahead,Bin,percent,0.0,0.1,1.0000000000000002e-06
Region 8,4 wk ahead,Bin,percent,0.1,0.2,1.0000000000000002e-06
Region 8,4 wk ahead,Bin,percent,0.2,0.3,1.0000000000000002e-06
Region 8,4 wk ahead,Bin,percent,0.3,0.4,1.0000000000000002e-06
Region 8,4 wk ahead,Bin,percent,0.4,0.5,1.0000000000000002e-06
Region 8,4 wk ahead,Bin,percent,0.5,0.6,1.0000000000000002e-06
Region 8,4 wk ahead,Bin,percent,0.6,0.7,1.0000000000000002e-06
Region 8,4 wk ahead,Bin,percent,0.7,0.8,1.0000000000000002e-06
Region 8,4 wk ahead,Bin,percent,0.8,0.9,1.0000000000000002e-06
Region 8,4 wk ahead,Bin,percent,0.9,1.0,1.0000000000000002e-06
Region 8,4 wk ahead,Bin,percent,1.0,1.1,1.0000000000000002e-06
Region 8,4 wk ahead,Bin,percent,1.1,1.2,1.0000000000000002e-06
Region 8,4 wk ahead,Bin,percent,1.2,1.3,1.0000000000000002e-06
Region 8,4 wk ahead,Bin,percent,1.3,1.4,1.0000000000000002e-06
Region 8,4 wk ahead,Bin,percent,1.4,1.5,1.0000000000000002e-06
Region 8,4 wk ahead,Bin,percent,1.5,1.6,1.0000000000000002e-06
Region 8,4 wk ahead,Bin,percent,1.6,1.7,1.0000000000000002e-06
Region 8,4 wk ahead,Bin,percent,1.7,1.8,0.0007009929999999999
Region 8,4 wk ahead,Bin,percent,1.8,1.9,0.001500985
Region 8,4 wk ahead,Bin,percent,1.9,2.0,0.004900951000000001
Region 8,4 wk ahead,Bin,percent,2.0,2.1,0.009600904
Region 8,4 wk ahead,Bin,percent,2.1,2.2,0.013500865
Region 8,4 wk ahead,Bin,percent,2.2,2.3,0.016400836000000002
Region 8,4 wk ahead,Bin,percent,2.3,2.4,0.017200828
Region 8,4 wk ahead,Bin,percent,2.4,2.5,0.013700863000000002
Region 8,4 wk ahead,Bin,percent,2.5,2.6,0.010500895
Region 8,4 wk ahead,Bin,percent,2.6,2.7,0.005600944
Region 8,4 wk ahead,Bin,percent,2.7,2.8,0.0037009630000000007
Region 8,4 wk ahead,Bin,percent,2.8,2.9,0.0013009870000000002
Region 8,4 wk ahead,Bin,percent,2.9,3.0,0.00100099
Region 8,4 wk ahead,Bin,percent,3.0,3.1,0.00010099900000000001
Region 8,4 wk ahead,Bin,percent,3.1,3.2,0.00020099800000000003
Region 8,4 wk ahead,Bin,percent,3.2,3.3,0.00010099900000000001
Region 8,4 wk ahead,Bin,percent,3.3,3.4,1.0000000000000002e-06
Region 8,4 wk ahead,Bin,percent,3.4,3.5,1.0000000000000002e-06
Region 8,4 wk ahead,Bin,percent,3.5,3.6,1.0000000000000002e-06
Region 8,4 wk ahead,Bin,percent,3.6,3.7,1.0000000000000002e-06
Region 8,4 wk ahead,Bin,percent,3.7,3.8,1.0000000000000002e-06
Region 8,4 wk ahead,Bin,percent,3.8,3.9,1.0000000000000002e-06
Region 8,4 wk ahead,Bin,percent,3.9,4.0,1.0000000000000002e-06
Region 8,4 wk ahead,Bin,percent,4.0,4.1,1.0000000000000002e-06
Region 8,4 wk ahead,Bin,percent,4.1,4.2,1.0000000000000002e-06
Region 8,4 wk ahead,Bin,percent,4.2,4.3,1.0000000000000002e-06
Region 8,4 wk ahead,Bin,percent,4.3,4.4,1.0000000000000002e-06
Region 8,4 wk ahead,Bin,percent,4.4,4.5,1.0000000000000002e-06
Region 8,4 wk ahead,Bin,percent,4.5,4.6,1.0000000000000002e-06
Region 8,4 wk ahead,Bin,percent,4.6,4.7,1.0000000000000002e-06
Region 8,4 wk ahead,Bin,percent,4.7,4.8,1.0000000000000002e-06
Region 8,4 wk ahead,Bin,percent,4.8,4.9,1.0000000000000002e-06
Region 8,4 wk ahead,Bin,percent,4.9,5.0,1.0000000000000002e-06
Region 8,4 wk ahead,Bin,percent,5.0,5.1,1.0000000000000002e-06
Region 8,4 wk ahead,Bin,percent,5.1,5.2,1.0000000000000002e-06
Region 8,4 wk ahead,Bin,percent,5.2,5.3,1.0000000000000002e-06
Region 8,4 wk ahead,Bin,percent,5.3,5.4,1.0000000000000002e-06
Region 8,4 wk ahead,Bin,percent,5.4,5.5,1.0000000000000002e-06
Region 8,4 wk ahead,Bin,percent,5.5,5.6,1.0000000000000002e-06
Region 8,4 wk ahead,Bin,percent,5.6,5.7,1.0000000000000002e-06
Region 8,4 wk ahead,Bin,percent,5.7,5.8,1.0000000000000002e-06
Region 8,4 wk ahead,Bin,percent,5.8,5.9,1.0000000000000002e-06
Region 8,4 wk ahead,Bin,percent,5.9,6.0,1.0000000000000002e-06
Region 8,4 wk ahead,Bin,percent,6.0,6.1,1.0000000000000002e-06
Region 8,4 wk ahead,Bin,percent,6.1,6.2,1.0000000000000002e-06
Region 8,4 wk ahead,Bin,percent,6.2,6.3,1.0000000000000002e-06
Region 8,4 wk ahead,Bin,percent,6.3,6.4,1.0000000000000002e-06
Region 8,4 wk ahead,Bin,percent,6.4,6.5,1.0000000000000002e-06
Region 8,4 wk ahead,Bin,percent,6.5,6.6,1.0000000000000002e-06
Region 8,4 wk ahead,Bin,percent,6.6,6.7,1.0000000000000002e-06
Region 8,4 wk ahead,Bin,percent,6.7,6.8,1.0000000000000002e-06
Region 8,4 wk ahead,Bin,percent,6.8,6.9,1.0000000000000002e-06
Region 8,4 wk ahead,Bin,percent,6.9,7.0,1.0000000000000002e-06
Region 8,4 wk ahead,Bin,percent,7.0,7.1,1.0000000000000002e-06
Region 8,4 wk ahead,Bin,percent,7.1,7.2,1.0000000000000002e-06
Region 8,4 wk ahead,Bin,percent,7.2,7.3,1.0000000000000002e-06
Region 8,4 wk ahead,Bin,percent,7.3,7.4,1.0000000000000002e-06
Region 8,4 wk ahead,Bin,percent,7.4,7.5,1.0000000000000002e-06
Region 8,4 wk ahead,Bin,percent,7.5,7.6,1.0000000000000002e-06
Region 8,4 wk ahead,Bin,percent,7.6,7.7,1.0000000000000002e-06
Region 8,4 wk ahead,Bin,percent,7.7,7.8,1.0000000000000002e-06
Region 8,4 wk ahead,Bin,percent,7.8,7.9,1.0000000000000002e-06
Region 8,4 wk ahead,Bin,percent,7.9,8.0,1.0000000000000002e-06
Region 8,4 wk ahead,Bin,percent,8.0,8.1,1.0000000000000002e-06
Region 8,4 wk ahead,Bin,percent,8.1,8.2,1.0000000000000002e-06
Region 8,4 wk ahead,Bin,percent,8.2,8.3,1.0000000000000002e-06
Region 8,4 wk ahead,Bin,percent,8.3,8.4,1.0000000000000002e-06
Region 8,4 wk ahead,Bin,percent,8.4,8.5,1.0000000000000002e-06
Region 8,4 wk ahead,Bin,percent,8.5,8.6,1.0000000000000002e-06
Region 8,4 wk ahead,Bin,percent,8.6,8.7,1.0000000000000002e-06
Region 8,4 wk ahead,Bin,percent,8.7,8.8,1.0000000000000002e-06
Region 8,4 wk ahead,Bin,percent,8.8,8.9,1.0000000000000002e-06
Region 8,4 wk ahead,Bin,percent,8.9,9.0,1.0000000000000002e-06
Region 8,4 wk ahead,Bin,percent,9.0,9.1,1.0000000000000002e-06
Region 8,4 wk ahead,Bin,percent,9.1,9.2,1.0000000000000002e-06
Region 8,4 wk ahead,Bin,percent,9.2,9.3,1.0000000000000002e-06
Region 8,4 wk ahead,Bin,percent,9.3,9.4,1.0000000000000002e-06
Region 8,4 wk ahead,Bin,percent,9.4,9.5,1.0000000000000002e-06
Region 8,4 wk ahead,Bin,percent,9.5,9.6,1.0000000000000002e-06
Region 8,4 wk ahead,Bin,percent,9.6,9.7,1.0000000000000002e-06
Region 8,4 wk ahead,Bin,percent,9.7,9.8,1.0000000000000002e-06
Region 8,4 wk ahead,Bin,percent,9.8,9.9,1.0000000000000002e-06
Region 8,4 wk ahead,Bin,percent,9.9,10.0,1.0000000000000002e-06
Region 8,4 wk ahead,Bin,percent,10.0,10.1,1.0000000000000002e-06
Region 8,4 wk ahead,Bin,percent,10.1,10.2,1.0000000000000002e-06
Region 8,4 wk ahead,Bin,percent,10.2,10.3,1.0000000000000002e-06
Region 8,4 wk ahead,Bin,percent,10.3,10.4,1.0000000000000002e-06
Region 8,4 wk ahead,Bin,percent,10.4,10.5,1.0000000000000002e-06
Region 8,4 wk ahead,Bin,percent,10.5,10.6,1.0000000000000002e-06
Region 8,4 wk ahead,Bin,percent,10.6,10.7,1.0000000000000002e-06
Region 8,4 wk ahead,Bin,percent,10.7,10.8,1.0000000000000002e-06
Region 8,4 wk ahead,Bin,percent,10.8,10.9,1.0000000000000002e-06
Region 8,4 wk ahead,Bin,percent,10.9,11.0,1.0000000000000002e-06
Region 8,4 wk ahead,Bin,percent,11.0,11.1,1.0000000000000002e-06
Region 8,4 wk ahead,Bin,percent,11.1,11.2,1.0000000000000002e-06
Region 8,4 wk ahead,Bin,percent,11.2,11.3,1.0000000000000002e-06
Region 8,4 wk ahead,Bin,percent,11.3,11.4,1.0000000000000002e-06
Region 8,4 wk ahead,Bin,percent,11.4,11.5,1.0000000000000002e-06
Region 8,4 wk ahead,Bin,percent,11.5,11.6,1.0000000000000002e-06
Region 8,4 wk ahead,Bin,percent,11.6,11.7,1.0000000000000002e-06
Region 8,4 wk ahead,Bin,percent,11.7,11.8,1.0000000000000002e-06
Region 8,4 wk ahead,Bin,percent,11.8,11.9,1.0000000000000002e-06
Region 8,4 wk ahead,Bin,percent,11.9,12.0,1.0000000000000002e-06
Region 8,4 wk ahead,Bin,percent,12.0,12.1,1.0000000000000002e-06
Region 8,4 wk ahead,Bin,percent,12.1,12.2,1.0000000000000002e-06
Region 8,4 wk ahead,Bin,percent,12.2,12.3,1.0000000000000002e-06
Region 8,4 wk ahead,Bin,percent,12.3,12.4,1.0000000000000002e-06
Region 8,4 wk ahead,Bin,percent,12.4,12.5,1.0000000000000002e-06
Region 8,4 wk ahead,Bin,percent,12.5,12.6,1.0000000000000002e-06
Region 8,4 wk ahead,Bin,percent,12.6,12.7,1.0000000000000002e-06
Region 8,4 wk ahead,Bin,percent,12.7,12.8,1.0000000000000002e-06
Region 8,4 wk ahead,Bin,percent,12.8,12.9,1.0000000000000002e-06
Region 8,4 wk ahead,Bin,percent,12.9,13.0,1.0000000000000002e-06
Region 8,4 wk ahead,Bin,percent,13.0,100,1.0000000000000002e-06
Region 9,Season onset,Bin,week,none,none,0.029411765
Region 9,Season onset,Bin,week,40,41,0.029411765
Region 9,Season onset,Bin,week,41,42,0.029411765
Region 9,Season onset,Bin,week,42,43,0.029411765
Region 9,Season onset,Bin,week,43,44,0.029411765
Region 9,Season onset,Bin,week,44,45,0.029411765
Region 9,Season onset,Bin,week,45,46,0.029411765
Region 9,Season onset,Bin,week,46,47,0.029411765
Region 9,Season onset,Bin,week,47,48,0.029411765
Region 9,Season onset,Bin,week,48,49,0.029411765
Region 9,Season onset,Bin,week,49,50,0.029411765
Region 9,Season onset,Bin,week,50,51,0.029411765
Region 9,Season onset,Bin,week,51,52,0.029411765
Region 9,Season onset,Bin,week,52,53,0.029411765
Region 9,Season onset,Bin,week,1,2,0.0765
Region 9,Season onset,Bin,week,2,3,0.0765
Region 9,Season onset,Bin,week,3,4,0.0765
Region 9,Season onset,Bin,week,4,5,0.0765
Region 9,Season onset,Bin,week,5,6,0.0765
Region 9,Season onset,Bin,week,6,7,0.0765
Region 9,Season onset,Bin,week,7,8,0.0765
Region 9,Season onset,Bin,week,8,9,0.0765
Region 9,Season onset,Bin,week,9,10,0.0765
Region 9,Season onset,Bin,week,10,11,0.0765
Region 9,Season onset,Bin,week,11,12,0.0765
Region 9,Season onset,Bin,week,12,13,0.0765
Region 9,Season onset,Bin,week,13,14,0.0765
Region 9,Season onset,Bin,week,14,15,0.0765
Region 9,Season onset,Bin,week,15,16,0.0765
Region 9,Season onset,Bin,week,16,17,0.0765
Region 9,Season onset,Bin,week,17,18,0.0765
Region 9,Season onset,Bin,week,18,19,0.0765
Region 9,Season onset,Bin,week,19,20,0.0765
Region 9,Season onset,Bin,week,20,21,0.0765
Region 9,Season peak week,Bin,week,40,41,0.03030303
Region 9,Season peak week,Bin,week,41,42,0.03030303
Region 9,Season peak week,Bin,week,42,43,0.03030303
Region 9,Season peak week,Bin,week,43,44,0.03030303
Region 9,Season peak week,Bin,week,44,45,0.03030303
Region 9,Season peak week,Bin,week,45,46,0.03030303
Region 9,Season peak week,Bin,week,46,47,0.03030303
Region 9,Season peak week,Bin,week,47,48,0.03030303
Region 9,Season peak week,Bin,week,48,49,0.03030303
Region 9,Season peak week,Bin,week,49,50,0.03030303
Region 9,Season peak week,Bin,week,50,51,0.03030303
Region 9,Season peak week,Bin,week,51,52,0.03030303
Region 9,Season peak week,Bin,week,52,53,0.03030303
Region 9,Season peak week,Bin,week,1,2,0.03030303
Region 9,Season peak week,Bin,week,2,3,0.03030303
Region 9,Season peak week,Bin,week,3,4,0.03030303
Region 9,Season peak week,Bin,week,4,5,0.03030303
Region 9,Season peak week,Bin,week,5,6,0.03030303
Region 9,Season peak week,Bin,week,6,7,0.03030303
Region 9,Season peak week,Bin,week,7,8,0.03030303
Region 9,Season peak week,Bin,week,8,9,0.03030303
Region 9,Season peak week,Bin,week,9,10,0.03030303
Region 9,Season peak week,Bin,week,10,11,0.03030303
Region 9,Season peak week,Bin,week,11,12,0.03030303
Region 9,Season peak week,Bin,week,12,13,0.03030303
Region 9,Season peak week,Bin,week,13,14,0.03030303
Region 9,Season peak week,Bin,week,14,15,0.03030303
Region 9,Season peak week,Bin,week,15,16,0.03030303
Region 9,Season peak week,Bin,week,16,17,0.03030303
Region 9,Season peak week,Bin,week,17,18,0.03030303
Region 9,Season peak week,Bin,week,18,19,0.03030303
Region 9,Season peak week,Bin,week,19,20,0.03030303
Region 9,Season peak week,Bin,week,20,21,0.03030303
Region 9,Season peak percentage,Bin,percent,0.0,0.1,0.007633588
Region 9,Season peak percentage,Bin,percent,0.1,0.2,0.007633588
Region 9,Season peak percentage,Bin,percent,0.2,0.3,0.007633588
Region 9,Season peak percentage,Bin,percent,0.3,0.4,0.007633588
Region 9,Season peak percentage,Bin,percent,0.4,0.5,0.007633588
Region 9,Season peak percentage,Bin,percent,0.5,0.6,0.007633588
Region 9,Season peak percentage,Bin,percent,0.6,0.7,0.007633588
Region 9,Season peak percentage,Bin,percent,0.7,0.8,0.007633588
Region 9,Season peak percentage,Bin,percent,0.8,0.9,0.007633588
Region 9,Season peak percentage,Bin,percent,0.9,1.0,0.007633588
Region 9,Season peak percentage,Bin,percent,1.0,1.1,0.007633588
Region 9,Season peak percentage,Bin,percent,1.1,1.2,0.007633588
Region 9,Season peak percentage,Bin,percent,1.2,1.3,0.007633588
Region 9,Season peak percentage,Bin,percent,1.3,1.4,0.007633588
Region 9,Season peak percentage,Bin,percent,1.4,1.5,0.007633588
Region 9,Season peak percentage,Bin,percent,1.5,1.6,0.007633588
Region 9,Season peak percentage,Bin,percent,1.6,1.7,0.007633588
Region 9,Season peak percentage,Bin,percent,1.7,1.8,0.007633588
Region 9,Season peak percentage,Bin,percent,1.8,1.9,0.007633588
Region 9,Season peak percentage,Bin,percent,1.9,2.0,0.007633588
Region 9,Season peak percentage,Bin,percent,2.0,2.1,0.007633588
Region 9,Season peak percentage,Bin,percent,2.1,2.2,0.007633588
Region 9,Season peak percentage,Bin,percent,2.2,2.3,0.007633588
Region 9,Season peak percentage,Bin,percent,2.3,2.4,0.007633588
Region 9,Season peak percentage,Bin,percent,2.4,2.5,0.007633588
Region 9,Season peak percentage,Bin,percent,2.5,2.6,0.007633588
Region 9,Season peak percentage,Bin,percent,2.6,2.7,0.007633588
Region 9,Season peak percentage,Bin,percent,2.7,2.8,0.007633588
Region 9,Season peak percentage,Bin,percent,2.8,2.9,0.007633588
Region 9,Season peak percentage,Bin,percent,2.9,3.0,0.007633588
Region 9,Season peak percentage,Bin,percent,3.0,3.1,0.007633588
Region 9,Season peak percentage,Bin,percent,3.1,3.2,0.007633588
Region 9,Season peak percentage,Bin,percent,3.2,3.3,0.007633588
Region 9,Season peak percentage,Bin,percent,3.3,3.4,0.007633588
Region 9,Season peak percentage,Bin,percent,3.4,3.5,0.007633588
Region 9,Season peak percentage,Bin,percent,3.5,3.6,0.007633588
Region 9,Season peak percentage,Bin,percent,3.6,3.7,0.007633588
Region 9,Season peak percentage,Bin,percent,3.7,3.8,0.007633588
Region 9,Season peak percentage,Bin,percent,3.8,3.9,0.007633588
Region 9,Season peak percentage,Bin,percent,3.9,4.0,0.007633588
Region 9,Season peak percentage,Bin,percent,4.0,4.1,0.007633588
Region 9,Season peak percentage,Bin,percent,4.1,4.2,0.007633588
Region 9,Season peak percentage,Bin,percent,4.2,4.3,0.007633588
Region 9,Season peak percentage,Bin,percent,4.3,4.4,0.007633588
Region 9,Season peak percentage,Bin,percent,4.4,4.5,0.007633588
Region 9,Season peak percentage,Bin,percent,4.5,4.6,0.007633588
Region 9,Season peak percentage,Bin,percent,4.6,4.7,0.007633588
Region 9,Season peak percentage,Bin,percent,4.7,4.8,0.007633588
Region 9,Season peak percentage,Bin,percent,4.8,4.9,0.007633588
Region 9,Season peak percentage,Bin,percent,4.9,5.0,0.007633588
Region 9,Season peak percentage,Bin,percent,5.0,5.1,0.007633588
Region 9,Season peak percentage,Bin,percent,5.1,5.2,0.007633588
Region 9,Season peak percentage,Bin,percent,5.2,5.3,0.007633588
Region 9,Season peak percentage,Bin,percent,5.3,5.4,0.007633588
Region 9,Season peak percentage,Bin,percent,5.4,5.5,0.007633588
Region 9,Season peak percentage,Bin,percent,5.5,5.6,0.007633588
Region 9,Season peak percentage,Bin,percent,5.6,5.7,0.007633588
Region 9,Season peak percentage,Bin,percent,5.7,5.8,0.007633588
Region 9,Season peak percentage,Bin,percent,5.8,5.9,0.007633588
Region 9,Season peak percentage,Bin,percent,5.9,6.0,0.007633588
Region 9,Season peak percentage,Bin,percent,6.0,6.1,0.007633588
Region 9,Season peak percentage,Bin,percent,6.1,6.2,0.007633588
Region 9,Season peak percentage,Bin,percent,6.2,6.3,0.007633588
Region 9,Season peak percentage,Bin,percent,6.3,6.4,0.007633588
Region 9,Season peak percentage,Bin,percent,6.4,6.5,0.007633588
Region 9,Season peak percentage,Bin,percent,6.5,6.6,0.007633588
Region 9,Season peak percentage,Bin,percent,6.6,6.7,0.007633588
Region 9,Season peak percentage,Bin,percent,6.7,6.8,0.007633588
Region 9,Season peak percentage,Bin,percent,6.8,6.9,0.007633588
Region 9,Season peak percentage,Bin,percent,6.9,7.0,0.007633588
Region 9,Season peak percentage,Bin,percent,7.0,7.1,0.007633588
Region 9,Season peak percentage,Bin,percent,7.1,7.2,0.007633588
Region 9,Season peak percentage,Bin,percent,7.2,7.3,0.007633588
Region 9,Season peak percentage,Bin,percent,7.3,7.4,0.007633588
Region 9,Season peak percentage,Bin,percent,7.4,7.5,0.007633588
Region 9,Season peak percentage,Bin,percent,7.5,7.6,0.007633588
Region 9,Season peak percentage,Bin,percent,7.6,7.7,0.007633588
Region 9,Season peak percentage,Bin,percent,7.7,7.8,0.007633588
Region 9,Season peak percentage,Bin,percent,7.8,7.9,0.007633588
Region 9,Season peak percentage,Bin,percent,7.9,8.0,0.007633588
Region 9,Season peak percentage,Bin,percent,8.0,8.1,0.007633588
Region 9,Season peak percentage,Bin,percent,8.1,8.2,0.007633588
Region 9,Season peak percentage,Bin,percent,8.2,8.3,0.007633588
Region 9,Season peak percentage,Bin,percent,8.3,8.4,0.007633588
Region 9,Season peak percentage,Bin,percent,8.4,8.5,0.007633588
Region 9,Season peak percentage,Bin,percent,8.5,8.6,0.007633588
Region 9,Season peak percentage,Bin,percent,8.6,8.7,0.007633588
Region 9,Season peak percentage,Bin,percent,8.7,8.8,0.007633588
Region 9,Season peak percentage,Bin,percent,8.8,8.9,0.007633588
Region 9,Season peak percentage,Bin,percent,8.9,9.0,0.007633588
Region 9,Season peak percentage,Bin,percent,9.0,9.1,0.007633588
Region 9,Season peak percentage,Bin,percent,9.1,9.2,0.007633588
Region 9,Season peak percentage,Bin,percent,9.2,9.3,0.007633588
Region 9,Season peak percentage,Bin,percent,9.3,9.4,0.007633588
Region 9,Season peak percentage,Bin,percent,9.4,9.5,0.007633588
Region 9,Season peak percentage,Bin,percent,9.5,9.6,0.007633588
Region 9,Season peak percentage,Bin,percent,9.6,9.7,0.007633588
Region 9,Season peak percentage,Bin,percent,9.7,9.8,0.007633588
Region 9,Season peak percentage,Bin,percent,9.8,9.9,0.007633588
Region 9,Season peak percentage,Bin,percent,9.9,10.0,0.007633588
Region 9,Season peak percentage,Bin,percent,10.0,10.1,0.007633588
Region 9,Season peak percentage,Bin,percent,10.1,10.2,0.007633588
Region 9,Season peak percentage,Bin,percent,10.2,10.3,0.007633588
Region 9,Season peak percentage,Bin,percent,10.3,10.4,0.007633588
Region 9,Season peak percentage,Bin,percent,10.4,10.5,0.007633588
Region 9,Season peak percentage,Bin,percent,10.5,10.6,0.007633588
Region 9,Season peak percentage,Bin,percent,10.6,10.7,0.007633588
Region 9,Season peak percentage,Bin,percent,10.7,10.8,0.007633588
Region 9,Season peak percentage,Bin,percent,10.8,10.9,0.007633588
Region 9,Season peak percentage,Bin,percent,10.9,11.0,0.007633588
Region 9,Season peak percentage,Bin,percent,11.0,11.1,0.007633588
Region 9,Season peak percentage,Bin,percent,11.1,11.2,0.007633588
Region 9,Season peak percentage,Bin,percent,11.2,11.3,0.007633588
Region 9,Season peak percentage,Bin,percent,11.3,11.4,0.007633588
Region 9,Season peak percentage,Bin,percent,11.4,11.5,0.007633588
Region 9,Season peak percentage,Bin,percent,11.5,11.6,0.007633588
Region 9,Season peak percentage,Bin,percent,11.6,11.7,0.007633588
Region 9,Season peak percentage,Bin,percent,11.7,11.8,0.007633588
Region 9,Season peak percentage,Bin,percent,11.8,11.9,0.007633588
Region 9,Season peak percentage,Bin,percent,11.9,12.0,0.007633588
Region 9,Season peak percentage,Bin,percent,12.0,12.1,0.007633588
Region 9,Season peak percentage,Bin,percent,12.1,12.2,0.007633588
Region 9,Season peak percentage,Bin,percent,12.2,12.3,0.007633588
Region 9,Season peak percentage,Bin,percent,12.3,12.4,0.007633588
Region 9,Season peak percentage,Bin,percent,12.4,12.5,0.007633588
Region 9,Season peak percentage,Bin,percent,12.5,12.6,0.007633588
Region 9,Season peak percentage,Bin,percent,12.6,12.7,0.007633588
Region 9,Season peak percentage,Bin,percent,12.7,12.8,0.007633588
Region 9,Season peak percentage,Bin,percent,12.8,12.9,0.007633588
Region 9,Season peak percentage,Bin,percent,12.9,13.0,0.007633588
Region 9,Season peak percentage,Bin,percent,13.0,100.0,0.007633588
Region 9,1 wk ahead,Point,percent,,,2.807397294925449
Region 9,1 wk ahead,Bin,percent,0.0,0.1,1.0000000000000002e-06
Region 9,1 wk ahead,Bin,percent,0.1,0.2,1.0000000000000002e-06
Region 9,1 wk ahead,Bin,percent,0.2,0.3,1.0000000000000002e-06
Region 9,1 wk ahead,Bin,percent,0.3,0.4,1.0000000000000002e-06
Region 9,1 wk ahead,Bin,percent,0.4,0.5,1.0000000000000002e-06
Region 9,1 wk ahead,Bin,percent,0.5,0.6,1.0000000000000002e-06
Region 9,1 wk ahead,Bin,percent,0.6,0.7,1.0000000000000002e-06
Region 9,1 wk ahead,Bin,percent,0.7,0.8,1.0000000000000002e-06
Region 9,1 wk ahead,Bin,percent,0.8,0.9,1.0000000000000002e-06
Region 9,1 wk ahead,Bin,percent,0.9,1.0,1.0000000000000002e-06
Region 9,1 wk ahead,Bin,percent,1.0,1.1,1.0000000000000002e-06
Region 9,1 wk ahead,Bin,percent,1.1,1.2,1.0000000000000002e-06
Region 9,1 wk ahead,Bin,percent,1.2,1.3,1.0000000000000002e-06
Region 9,1 wk ahead,Bin,percent,1.3,1.4,1.0000000000000002e-06
Region 9,1 wk ahead,Bin,percent,1.4,1.5,1.0000000000000002e-06
Region 9,1 wk ahead,Bin,percent,1.5,1.6,1.0000000000000002e-06
Region 9,1 wk ahead,Bin,percent,1.6,1.7,1.0000000000000002e-06
Region 9,1 wk ahead,Bin,percent,1.7,1.8,1.0000000000000002e-06
Region 9,1 wk ahead,Bin,percent,1.8,1.9,1.0000000000000002e-06
Region 9,1 wk ahead,Bin,percent,1.9,2.0,1.0000000000000002e-06
Region 9,1 wk ahead,Bin,percent,2.0,2.1,1.0000000000000002e-06
Region 9,1 wk ahead,Bin,percent,2.1,2.2,1.0000000000000002e-06
Region 9,1 wk ahead,Bin,percent,2.2,2.3,1.0000000000000002e-06
Region 9,1 wk ahead,Bin,percent,2.3,2.4,1.0000000000000002e-06
Region 9,1 wk ahead,Bin,percent,2.4,2.5,1.0000000000000002e-06
Region 9,1 wk ahead,Bin,percent,2.5,2.6,1.0000000000000002e-06
Region 9,1 wk ahead,Bin,percent,2.6,2.7,0.00020099800000000003
Region 9,1 wk ahead,Bin,percent,2.7,2.8,0.001200988
Region 9,1 wk ahead,Bin,percent,2.8,2.9,0.0033009670000000006
Region 9,1 wk ahead,Bin,percent,2.9,3.0,0.006400936
Region 9,1 wk ahead,Bin,percent,3.0,3.1,0.012800872000000001
Region 9,1 wk ahead,Bin,percent,3.1,3.2,0.015700843000000003
Region 9,1 wk ahead,Bin,percent,3.2,3.3,0.018900811
Region 9,1 wk ahead,Bin,percent,3.3,3.4,0.016700833
Region 9,1 wk ahead,Bin,percent,3.4,3.5,0.012500875
Region 9,1 wk ahead,Bin,percent,3.5,3.6,0.006800932
Region 9,1 wk ahead,Bin,percent,3.6,3.7,0.002500975
Region 9,1 wk ahead,Bin,percent,3.7,3.8,0.001900981
Region 9,1 wk ahead,Bin,percent,3.8,3.9,0.0007009929999999999
Region 9,1 wk ahead,Bin,percent,3.9,4.0,0.000400996
Region 9,1 wk ahead,Bin,percent,4.0,4.1,1.0000000000000002e-06
Region 9,1 wk ahead,Bin,percent,4.1,4.2,1.0000000000000002e-06
Region 9,1 wk ahead,Bin,percent,4.2,4.3,1.0000000000000002e-06
Region 9,1 wk ahead,Bin,percent,4.3,4.4,1.0000000000000002e-06
Region 9,1 wk ahead,Bin,percent,4.4,4.5,1.0000000000000002e-06
Region 9,1 wk ahead,Bin,percent,4.5,4.6,1.0000000000000002e-06
Region 9,1 wk ahead,Bin,percent,4.6,4.7,1.0000000000000002e-06
Region 9,1 wk ahead,Bin,percent,4.7,4.8,1.0000000000000002e-06
Region 9,1 wk ahead,Bin,percent,4.8,4.9,1.0000000000000002e-06
Region 9,1 wk ahead,Bin,percent,4.9,5.0,1.0000000000000002e-06
Region 9,1 wk ahead,Bin,percent,5.0,5.1,1.0000000000000002e-06
Region 9,1 wk ahead,Bin,percent,5.1,5.2,1.0000000000000002e-06
Region 9,1 wk ahead,Bin,percent,5.2,5.3,1.0000000000000002e-06
Region 9,1 wk ahead,Bin,percent,5.3,5.4,1.0000000000000002e-06
Region 9,1 wk ahead,Bin,percent,5.4,5.5,1.0000000000000002e-06
Region 9,1 wk ahead,Bin,percent,5.5,5.6,1.0000000000000002e-06
Region 9,1 wk ahead,Bin,percent,5.6,5.7,1.0000000000000002e-06
Region 9,1 wk ahead,Bin,percent,5.7,5.8,1.0000000000000002e-06
Region 9,1 wk ahead,Bin,percent,5.8,5.9,1.0000000000000002e-06
Region 9,1 wk ahead,Bin,percent,5.9,6.0,1.0000000000000002e-06
Region 9,1 wk ahead,Bin,percent,6.0,6.1,1.0000000000000002e-06
Region 9,1 wk ahead,Bin,percent,6.1,6.2,1.0000000000000002e-06
Region 9,1 wk ahead,Bin,percent,6.2,6.3,1.0000000000000002e-06
Region 9,1 wk ahead,Bin,percent,6.3,6.4,1.0000000000000002e-06
Region 9,1 wk ahead,Bin,percent,6.4,6.5,1.0000000000000002e-06
Region 9,1 wk ahead,Bin,percent,6.5,6.6,1.0000000000000002e-06
Region 9,1 wk ahead,Bin,percent,6.6,6.7,1.0000000000000002e-06
Region 9,1 wk ahead,Bin,percent,6.7,6.8,1.0000000000000002e-06
Region 9,1 wk ahead,Bin,percent,6.8,6.9,1.0000000000000002e-06
Region 9,1 wk ahead,Bin,percent,6.9,7.0,1.0000000000000002e-06
Region 9,1 wk ahead,Bin,percent,7.0,7.1,1.0000000000000002e-06
Region 9,1 wk ahead,Bin,percent,7.1,7.2,1.0000000000000002e-06
Region 9,1 wk ahead,Bin,percent,7.2,7.3,1.0000000000000002e-06
Region 9,1 wk ahead,Bin,percent,7.3,7.4,1.0000000000000002e-06
Region 9,1 wk ahead,Bin,percent,7.4,7.5,1.0000000000000002e-06
Region 9,1 wk ahead,Bin,percent,7.5,7.6,1.0000000000000002e-06
Region 9,1 wk ahead,Bin,percent,7.6,7.7,1.0000000000000002e-06
Region 9,1 wk ahead,Bin,percent,7.7,7.8,1.0000000000000002e-06
Region 9,1 wk ahead,Bin,percent,7.8,7.9,1.0000000000000002e-06
Region 9,1 wk ahead,Bin,percent,7.9,8.0,1.0000000000000002e-06
Region 9,1 wk ahead,Bin,percent,8.0,8.1,1.0000000000000002e-06
Region 9,1 wk ahead,Bin,percent,8.1,8.2,1.0000000000000002e-06
Region 9,1 wk ahead,Bin,percent,8.2,8.3,1.0000000000000002e-06
Region 9,1 wk ahead,Bin,percent,8.3,8.4,1.0000000000000002e-06
Region 9,1 wk ahead,Bin,percent,8.4,8.5,1.0000000000000002e-06
Region 9,1 wk ahead,Bin,percent,8.5,8.6,1.0000000000000002e-06
Region 9,1 wk ahead,Bin,percent,8.6,8.7,1.0000000000000002e-06
Region 9,1 wk ahead,Bin,percent,8.7,8.8,1.0000000000000002e-06
Region 9,1 wk ahead,Bin,percent,8.8,8.9,1.0000000000000002e-06
Region 9,1 wk ahead,Bin,percent,8.9,9.0,1.0000000000000002e-06
Region 9,1 wk ahead,Bin,percent,9.0,9.1,1.0000000000000002e-06
Region 9,1 wk ahead,Bin,percent,9.1,9.2,1.0000000000000002e-06
Region 9,1 wk ahead,Bin,percent,9.2,9.3,1.0000000000000002e-06
Region 9,1 wk ahead,Bin,percent,9.3,9.4,1.0000000000000002e-06
Region 9,1 wk ahead,Bin,percent,9.4,9.5,1.0000000000000002e-06
Region 9,1 wk ahead,Bin,percent,9.5,9.6,1.0000000000000002e-06
Region 9,1 wk ahead,Bin,percent,9.6,9.7,1.0000000000000002e-06
Region 9,1 wk ahead,Bin,percent,9.7,9.8,1.0000000000000002e-06
Region 9,1 wk ahead,Bin,percent,9.8,9.9,1.0000000000000002e-06
Region 9,1 wk ahead,Bin,percent,9.9,10.0,1.0000000000000002e-06
Region 9,1 wk ahead,Bin,percent,10.0,10.1,1.0000000000000002e-06
Region 9,1 wk ahead,Bin,percent,10.1,10.2,1.0000000000000002e-06
Region 9,1 wk ahead,Bin,percent,10.2,10.3,1.0000000000000002e-06
Region 9,1 wk ahead,Bin,percent,10.3,10.4,1.0000000000000002e-06
Region 9,1 wk ahead,Bin,percent,10.4,10.5,1.0000000000000002e-06
Region 9,1 wk ahead,Bin,percent,10.5,10.6,1.0000000000000002e-06
Region 9,1 wk ahead,Bin,percent,10.6,10.7,1.0000000000000002e-06
Region 9,1 wk ahead,Bin,percent,10.7,10.8,1.0000000000000002e-06
Region 9,1 wk ahead,Bin,percent,10.8,10.9,1.0000000000000002e-06
Region 9,1 wk ahead,Bin,percent,10.9,11.0,1.0000000000000002e-06
Region 9,1 wk ahead,Bin,percent,11.0,11.1,1.0000000000000002e-06
Region 9,1 wk ahead,Bin,percent,11.1,11.2,1.0000000000000002e-06
Region 9,1 wk ahead,Bin,percent,11.2,11.3,1.0000000000000002e-06
Region 9,1 wk ahead,Bin,percent,11.3,11.4,1.0000000000000002e-06
Region 9,1 wk ahead,Bin,percent,11.4,11.5,1.0000000000000002e-06
Region 9,1 wk ahead,Bin,percent,11.5,11.6,1.0000000000000002e-06
Region 9,1 wk ahead,Bin,percent,11.6,11.7,1.0000000000000002e-06
Region 9,1 wk ahead,Bin,percent,11.7,11.8,1.0000000000000002e-06
Region 9,1 wk ahead,Bin,percent,11.8,11.9,1.0000000000000002e-06
Region 9,1 wk ahead,Bin,percent,11.9,12.0,1.0000000000000002e-06
Region 9,1 wk ahead,Bin,percent,12.0,12.1,1.0000000000000002e-06
Region 9,1 wk ahead,Bin,percent,12.1,12.2,1.0000000000000002e-06
Region 9,1 wk ahead,Bin,percent,12.2,12.3,1.0000000000000002e-06
Region 9,1 wk ahead,Bin,percent,12.3,12.4,1.0000000000000002e-06
Region 9,1 wk ahead,Bin,percent,12.4,12.5,1.0000000000000002e-06
Region 9,1 wk ahead,Bin,percent,12.5,12.6,1.0000000000000002e-06
Region 9,1 wk ahead,Bin,percent,12.6,12.7,1.0000000000000002e-06
Region 9,1 wk ahead,Bin,percent,12.7,12.8,1.0000000000000002e-06
Region 9,1 wk ahead,Bin,percent,12.8,12.9,1.0000000000000002e-06
Region 9,1 wk ahead,Bin,percent,12.9,13.0,1.0000000000000002e-06
Region 9,1 wk ahead,Bin,percent,13.0,100,1.0000000000000002e-06
Region 9,2 wk ahead,Point,percent,,,2.9180155614371595
Region 9,2 wk ahead,Bin,percent,0.0,0.1,1.0000000000000002e-06
Region 9,2 wk ahead,Bin,percent,0.1,0.2,1.0000000000000002e-06
Region 9,2 wk ahead,Bin,percent,0.2,0.3,1.0000000000000002e-06
Region 9,2 wk ahead,Bin,percent,0.3,0.4,1.0000000000000002e-06
Region 9,2 wk ahead,Bin,percent,0.4,0.5,1.0000000000000002e-06
Region 9,2 wk ahead,Bin,percent,0.5,0.6,1.0000000000000002e-06
Region 9,2 wk ahead,Bin,percent,0.6,0.7,1.0000000000000002e-06
Region 9,2 wk ahead,Bin,percent,0.7,0.8,1.0000000000000002e-06
Region 9,2 wk ahead,Bin,percent,0.8,0.9,1.0000000000000002e-06
Region 9,2 wk ahead,Bin,percent,0.9,1.0,1.0000000000000002e-06
Region 9,2 wk ahead,Bin,percent,1.0,1.1,1.0000000000000002e-06
Region 9,2 wk ahead,Bin,percent,1.1,1.2,1.0000000000000002e-06
Region 9,2 wk ahead,Bin,percent,1.2,1.3,1.0000000000000002e-06
Region 9,2 wk ahead,Bin,percent,1.3,1.4,1.0000000000000002e-06
Region 9,2 wk ahead,Bin,percent,1.4,1.5,1.0000000000000002e-06
Region 9,2 wk ahead,Bin,percent,1.5,1.6,1.0000000000000002e-06
Region 9,2 wk ahead,Bin,percent,1.6,1.7,1.0000000000000002e-06
Region 9,2 wk ahead,Bin,percent,1.7,1.8,1.0000000000000002e-06
Region 9,2 wk ahead,Bin,percent,1.8,1.9,1.0000000000000002e-06
Region 9,2 wk ahead,Bin,percent,1.9,2.0,0.000300997
Region 9,2 wk ahead,Bin,percent,2.0,2.1,0.0007009929999999999
Region 9,2 wk ahead,Bin,percent,2.1,2.2,0.001200988
Region 9,2 wk ahead,Bin,percent,2.2,2.3,0.002500975
Region 9,2 wk ahead,Bin,percent,2.3,2.4,0.009000909999999999
Region 9,2 wk ahead,Bin,percent,2.4,2.5,0.011900881
Region 9,2 wk ahead,Bin,percent,2.5,2.6,0.01200088
Region 9,2 wk ahead,Bin,percent,2.6,2.7,0.013500865
Region 9,2 wk ahead,Bin,percent,2.7,2.8,0.014400856
Region 9,2 wk ahead,Bin,percent,2.8,2.9,0.012400876
Region 9,2 wk ahead,Bin,percent,2.9,3.0,0.009600904
Region 9,2 wk ahead,Bin,percent,3.0,3.1,0.005500945000000001
Region 9,2 wk ahead,Bin,percent,3.1,3.2,0.0026009740000000003
Region 9,2 wk ahead,Bin,percent,3.2,3.3,0.002400976
Region 9,2 wk ahead,Bin,percent,3.3,3.4,0.0007009929999999999
Region 9,2 wk ahead,Bin,percent,3.4,3.5,0.0007009929999999999
Region 9,2 wk ahead,Bin,percent,3.5,3.6,0.000400996
Region 9,2 wk ahead,Bin,percent,3.6,3.7,0.00010099900000000001
Region 9,2 wk ahead,Bin,percent,3.7,3.8,1.0000000000000002e-06
Region 9,2 wk ahead,Bin,percent,3.8,3.9,0.00010099900000000001
Region 9,2 wk ahead,Bin,percent,3.9,4.0,1.0000000000000002e-06
Region 9,2 wk ahead,Bin,percent,4.0,4.1,1.0000000000000002e-06
Region 9,2 wk ahead,Bin,percent,4.1,4.2,1.0000000000000002e-06
Region 9,2 wk ahead,Bin,percent,4.2,4.3,1.0000000000000002e-06
Region 9,2 wk ahead,Bin,percent,4.3,4.4,1.0000000000000002e-06
Region 9,2 wk ahead,Bin,percent,4.4,4.5,1.0000000000000002e-06
Region 9,2 wk ahead,Bin,percent,4.5,4.6,1.0000000000000002e-06
Region 9,2 wk ahead,Bin,percent,4.6,4.7,1.0000000000000002e-06
Region 9,2 wk ahead,Bin,percent,4.7,4.8,1.0000000000000002e-06
Region 9,2 wk ahead,Bin,percent,4.8,4.9,1.0000000000000002e-06
Region 9,2 wk ahead,Bin,percent,4.9,5.0,1.0000000000000002e-06
Region 9,2 wk ahead,Bin,percent,5.0,5.1,1.0000000000000002e-06
Region 9,2 wk ahead,Bin,percent,5.1,5.2,1.0000000000000002e-06
Region 9,2 wk ahead,Bin,percent,5.2,5.3,1.0000000000000002e-06
Region 9,2 wk ahead,Bin,percent,5.3,5.4,1.0000000000000002e-06
Region 9,2 wk ahead,Bin,percent,5.4,5.5,1.0000000000000002e-06
Region 9,2 wk ahead,Bin,percent,5.5,5.6,1.0000000000000002e-06
Region 9,2 wk ahead,Bin,percent,5.6,5.7,1.0000000000000002e-06
Region 9,2 wk ahead,Bin,percent,5.7,5.8,1.0000000000000002e-06
Region 9,2 wk ahead,Bin,percent,5.8,5.9,1.0000000000000002e-06
Region 9,2 wk ahead,Bin,percent,5.9,6.0,1.0000000000000002e-06
Region 9,2 wk ahead,Bin,percent,6.0,6.1,1.0000000000000002e-06
Region 9,2 wk ahead,Bin,percent,6.1,6.2,1.0000000000000002e-06
Region 9,2 wk ahead,Bin,percent,6.2,6.3,1.0000000000000002e-06
Region 9,2 wk ahead,Bin,percent,6.3,6.4,1.0000000000000002e-06
Region 9,2 wk ahead,Bin,percent,6.4,6.5,1.0000000000000002e-06
Region 9,2 wk ahead,Bin,percent,6.5,6.6,1.0000000000000002e-06
Region 9,2 wk ahead,Bin,percent,6.6,6.7,1.0000000000000002e-06
Region 9,2 wk ahead,Bin,percent,6.7,6.8,1.0000000000000002e-06
Region 9,2 wk ahead,Bin,percent,6.8,6.9,1.0000000000000002e-06
Region 9,2 wk ahead,Bin,percent,6.9,7.0,1.0000000000000002e-06
Region 9,2 wk ahead,Bin,percent,7.0,7.1,1.0000000000000002e-06
Region 9,2 wk ahead,Bin,percent,7.1,7.2,1.0000000000000002e-06
Region 9,2 wk ahead,Bin,percent,7.2,7.3,1.0000000000000002e-06
Region 9,2 wk ahead,Bin,percent,7.3,7.4,1.0000000000000002e-06
Region 9,2 wk ahead,Bin,percent,7.4,7.5,1.0000000000000002e-06
Region 9,2 wk ahead,Bin,percent,7.5,7.6,1.0000000000000002e-06
Region 9,2 wk ahead,Bin,percent,7.6,7.7,1.0000000000000002e-06
Region 9,2 wk ahead,Bin,percent,7.7,7.8,1.0000000000000002e-06
Region 9,2 wk ahead,Bin,percent,7.8,7.9,1.0000000000000002e-06
Region 9,2 wk ahead,Bin,percent,7.9,8.0,1.0000000000000002e-06
Region 9,2 wk ahead,Bin,percent,8.0,8.1,1.0000000000000002e-06
Region 9,2 wk ahead,Bin,percent,8.1,8.2,1.0000000000000002e-06
Region 9,2 wk ahead,Bin,percent,8.2,8.3,1.0000000000000002e-06
Region 9,2 wk ahead,Bin,percent,8.3,8.4,1.0000000000000002e-06
Region 9,2 wk ahead,Bin,percent,8.4,8.5,1.0000000000000002e-06
Region 9,2 wk ahead,Bin,percent,8.5,8.6,1.0000000000000002e-06
Region 9,2 wk ahead,Bin,percent,8.6,8.7,1.0000000000000002e-06
Region 9,2 wk ahead,Bin,percent,8.7,8.8,1.0000000000000002e-06
Region 9,2 wk ahead,Bin,percent,8.8,8.9,1.0000000000000002e-06
Region 9,2 wk ahead,Bin,percent,8.9,9.0,1.0000000000000002e-06
Region 9,2 wk ahead,Bin,percent,9.0,9.1,1.0000000000000002e-06
Region 9,2 wk ahead,Bin,percent,9.1,9.2,1.0000000000000002e-06
Region 9,2 wk ahead,Bin,percent,9.2,9.3,1.0000000000000002e-06
Region 9,2 wk ahead,Bin,percent,9.3,9.4,1.0000000000000002e-06
Region 9,2 wk ahead,Bin,percent,9.4,9.5,1.0000000000000002e-06
Region 9,2 wk ahead,Bin,percent,9.5,9.6,1.0000000000000002e-06
Region 9,2 wk ahead,Bin,percent,9.6,9.7,1.0000000000000002e-06
Region 9,2 wk ahead,Bin,percent,9.7,9.8,1.0000000000000002e-06
Region 9,2 wk ahead,Bin,percent,9.8,9.9,1.0000000000000002e-06
Region 9,2 wk ahead,Bin,percent,9.9,10.0,1.0000000000000002e-06
Region 9,2 wk ahead,Bin,percent,10.0,10.1,1.0000000000000002e-06
Region 9,2 wk ahead,Bin,percent,10.1,10.2,1.0000000000000002e-06
Region 9,2 wk ahead,Bin,percent,10.2,10.3,1.0000000000000002e-06
Region 9,2 wk ahead,Bin,percent,10.3,10.4,1.0000000000000002e-06
Region 9,2 wk ahead,Bin,percent,10.4,10.5,1.0000000000000002e-06
Region 9,2 wk ahead,Bin,percent,10.5,10.6,1.0000000000000002e-06
Region 9,2 wk ahead,Bin,percent,10.6,10.7,1.0000000000000002e-06
Region 9,2 wk ahead,Bin,percent,10.7,10.8,1.0000000000000002e-06
Region 9,2 wk ahead,Bin,percent,10.8,10.9,1.0000000000000002e-06
Region 9,2 wk ahead,Bin,percent,10.9,11.0,1.0000000000000002e-06
Region 9,2 wk ahead,Bin,percent,11.0,11.1,1.0000000000000002e-06
Region 9,2 wk ahead,Bin,percent,11.1,11.2,1.0000000000000002e-06
Region 9,2 wk ahead,Bin,percent,11.2,11.3,1.0000000000000002e-06
Region 9,2 wk ahead,Bin,percent,11.3,11.4,1.0000000000000002e-06
Region 9,2 wk ahead,Bin,percent,11.4,11.5,1.0000000000000002e-06
Region 9,2 wk ahead,Bin,percent,11.5,11.6,1.0000000000000002e-06
Region 9,2 wk ahead,Bin,percent,11.6,11.7,1.0000000000000002e-06
Region 9,2 wk ahead,Bin,percent,11.7,11.8,1.0000000000000002e-06
Region 9,2 wk ahead,Bin,percent,11.8,11.9,1.0000000000000002e-06
Region 9,2 wk ahead,Bin,percent,11.9,12.0,1.0000000000000002e-06
Region 9,2 wk ahead,Bin,percent,12.0,12.1,1.0000000000000002e-06
Region 9,2 wk ahead,Bin,percent,12.1,12.2,1.0000000000000002e-06
Region 9,2 wk ahead,Bin,percent,12.2,12.3,1.0000000000000002e-06
Region 9,2 wk ahead,Bin,percent,12.3,12.4,1.0000000000000002e-06
Region 9,2 wk ahead,Bin,percent,12.4,12.5,1.0000000000000002e-06
Region 9,2 wk ahead,Bin,percent,12.5,12.6,1.0000000000000002e-06
Region 9,2 wk ahead,Bin,percent,12.6,12.7,1.0000000000000002e-06
Region 9,2 wk ahead,Bin,percent,12.7,12.8,1.0000000000000002e-06
Region 9,2 wk ahead,Bin,percent,12.8,12.9,1.0000000000000002e-06
Region 9,2 wk ahead,Bin,percent,12.9,13.0,1.0000000000000002e-06
Region 9,2 wk ahead,Bin,percent,13.0,100,1.0000000000000002e-06
Region 9,3 wk ahead,Point,percent,,,2.58335291997572
Region 9,3 wk ahead,Bin,percent,0.0,0.1,1.0000000000000002e-06
Region 9,3 wk ahead,Bin,percent,0.1,0.2,1.0000000000000002e-06
Region 9,3 wk ahead,Bin,percent,0.2,0.3,1.0000000000000002e-06
Region 9,3 wk ahead,Bin,percent,0.3,0.4,1.0000000000000002e-06
Region 9,3 wk ahead,Bin,percent,0.4,0.5,1.0000000000000002e-06
Region 9,3 wk ahead,Bin,percent,0.5,0.6,1.0000000000000002e-06
Region 9,3 wk ahead,Bin,percent,0.6,0.7,1.0000000000000002e-06
Region 9,3 wk ahead,Bin,percent,0.7,0.8,1.0000000000000002e-06
Region 9,3 wk ahead,Bin,percent,0.8,0.9,1.0000000000000002e-06
Region 9,3 wk ahead,Bin,percent,0.9,1.0,1.0000000000000002e-06
Region 9,3 wk ahead,Bin,percent,1.0,1.1,1.0000000000000002e-06
Region 9,3 wk ahead,Bin,percent,1.1,1.2,1.0000000000000002e-06
Region 9,3 wk ahead,Bin,percent,1.2,1.3,1.0000000000000002e-06
Region 9,3 wk ahead,Bin,percent,1.3,1.4,1.0000000000000002e-06
Region 9,3 wk ahead,Bin,percent,1.4,1.5,1.0000000000000002e-06
Region 9,3 wk ahead,Bin,percent,1.5,1.6,1.0000000000000002e-06
Region 9,3 wk ahead,Bin,percent,1.6,1.7,0.00010099900000000001
Region 9,3 wk ahead,Bin,percent,1.7,1.8,1.0000000000000002e-06
Region 9,3 wk ahead,Bin,percent,1.8,1.9,0.000800992
Region 9,3 wk ahead,Bin,percent,1.9,2.0,0.00100099
Region 9,3 wk ahead,Bin,percent,2.0,2.1,0.003800962
Region 9,3 wk ahead,Bin,percent,2.1,2.2,0.006700932999999999
Region 9,3 wk ahead,Bin,percent,2.2,2.3,0.006000940000000001
Region 9,3 wk ahead,Bin,percent,2.3,2.4,0.009300907
Region 9,3 wk ahead,Bin,percent,2.4,2.5,0.010500895
Region 9,3 wk ahead,Bin,percent,2.5,2.6,0.008900911000000001
Region 9,3 wk ahead,Bin,percent,2.6,2.7,0.010800892
Region 9,3 wk ahead,Bin,percent,2.7,2.8,0.009200908
Region 9,3 wk ahead,Bin,percent,2.8,2.9,0.007100929000000001
Region 9,3 wk ahead,Bin,percent,2.9,3.0,0.007900921
Region 9,3 wk ahead,Bin,percent,3.0,3.1,0.005700943000000001
Region 9,3 wk ahead,Bin,percent,3.1,3.2,0.004900951000000001
Region 9,3 wk ahead,Bin,percent,3.2,3.3,0.002400976
Region 9,3 wk ahead,Bin,percent,3.3,3.4,0.002100979
Region 9,3 wk ahead,Bin,percent,3.4,3.5,0.001400986
Region 9,3 wk ahead,Bin,percent,3.5,3.6,0.000600994
Region 9,3 wk ahead,Bin,percent,3.6,3.7,0.000500995
Region 9,3 wk ahead,Bin,percent,3.7,3.8,0.00010099900000000001
Region 9,3 wk ahead,Bin,percent,3.8,3.9,0.00010099900000000001
Region 9,3 wk ahead,Bin,percent,3.9,4.0,1.0000000000000002e-06
Region 9,3 wk ahead,Bin,percent,4.0,4.1,0.00010099900000000001
Region 9,3 wk ahead,Bin,percent,4.1,4.2,1.0000000000000002e-06
Region 9,3 wk ahead,Bin,percent,4.2,4.3,1.0000000000000002e-06
Region 9,3 wk ahead,Bin,percent,4.3,4.4,1.0000000000000002e-06
Region 9,3 wk ahead,Bin,percent,4.4,4.5,1.0000000000000002e-06
Region 9,3 wk ahead,Bin,percent,4.5,4.6,1.0000000000000002e-06
Region 9,3 wk ahead,Bin,percent,4.6,4.7,1.0000000000000002e-06
Region 9,3 wk ahead,Bin,percent,4.7,4.8,1.0000000000000002e-06
Region 9,3 wk ahead,Bin,percent,4.8,4.9,1.0000000000000002e-06
Region 9,3 wk ahead,Bin,percent,4.9,5.0,1.0000000000000002e-06
Region 9,3 wk ahead,Bin,percent,5.0,5.1,1.0000000000000002e-06
Region 9,3 wk ahead,Bin,percent,5.1,5.2,1.0000000000000002e-06
Region 9,3 wk ahead,Bin,percent,5.2,5.3,1.0000000000000002e-06
Region 9,3 wk ahead,Bin,percent,5.3,5.4,1.0000000000000002e-06
Region 9,3 wk ahead,Bin,percent,5.4,5.5,1.0000000000000002e-06
Region 9,3 wk ahead,Bin,percent,5.5,5.6,1.0000000000000002e-06
Region 9,3 wk ahead,Bin,percent,5.6,5.7,1.0000000000000002e-06
Region 9,3 wk ahead,Bin,percent,5.7,5.8,1.0000000000000002e-06
Region 9,3 wk ahead,Bin,percent,5.8,5.9,1.0000000000000002e-06
Region 9,3 wk ahead,Bin,percent,5.9,6.0,1.0000000000000002e-06
Region 9,3 wk ahead,Bin,percent,6.0,6.1,1.0000000000000002e-06
Region 9,3 wk ahead,Bin,percent,6.1,6.2,1.0000000000000002e-06
Region 9,3 wk ahead,Bin,percent,6.2,6.3,1.0000000000000002e-06
Region 9,3 wk ahead,Bin,percent,6.3,6.4,1.0000000000000002e-06
Region 9,3 wk ahead,Bin,percent,6.4,6.5,1.0000000000000002e-06
Region 9,3 wk ahead,Bin,percent,6.5,6.6,1.0000000000000002e-06
Region 9,3 wk ahead,Bin,percent,6.6,6.7,1.0000000000000002e-06
Region 9,3 wk ahead,Bin,percent,6.7,6.8,1.0000000000000002e-06
Region 9,3 wk ahead,Bin,percent,6.8,6.9,1.0000000000000002e-06
Region 9,3 wk ahead,Bin,percent,6.9,7.0,1.0000000000000002e-06
Region 9,3 wk ahead,Bin,percent,7.0,7.1,1.0000000000000002e-06
Region 9,3 wk ahead,Bin,percent,7.1,7.2,1.0000000000000002e-06
Region 9,3 wk ahead,Bin,percent,7.2,7.3,1.0000000000000002e-06
Region 9,3 wk ahead,Bin,percent,7.3,7.4,1.0000000000000002e-06
Region 9,3 wk ahead,Bin,percent,7.4,7.5,1.0000000000000002e-06
Region 9,3 wk ahead,Bin,percent,7.5,7.6,1.0000000000000002e-06
Region 9,3 wk ahead,Bin,percent,7.6,7.7,1.0000000000000002e-06
Region 9,3 wk ahead,Bin,percent,7.7,7.8,1.0000000000000002e-06
Region 9,3 wk ahead,Bin,percent,7.8,7.9,1.0000000000000002e-06
Region 9,3 wk ahead,Bin,percent,7.9,8.0,1.0000000000000002e-06
Region 9,3 wk ahead,Bin,percent,8.0,8.1,1.0000000000000002e-06
Region 9,3 wk ahead,Bin,percent,8.1,8.2,1.0000000000000002e-06
Region 9,3 wk ahead,Bin,percent,8.2,8.3,1.0000000000000002e-06
Region 9,3 wk ahead,Bin,percent,8.3,8.4,1.0000000000000002e-06
Region 9,3 wk ahead,Bin,percent,8.4,8.5,1.0000000000000002e-06
Region 9,3 wk ahead,Bin,percent,8.5,8.6,1.0000000000000002e-06
Region 9,3 wk ahead,Bin,percent,8.6,8.7,1.0000000000000002e-06
Region 9,3 wk ahead,Bin,percent,8.7,8.8,1.0000000000000002e-06
Region 9,3 wk ahead,Bin,percent,8.8,8.9,1.0000000000000002e-06
Region 9,3 wk ahead,Bin,percent,8.9,9.0,1.0000000000000002e-06
Region 9,3 wk ahead,Bin,percent,9.0,9.1,1.0000000000000002e-06
Region 9,3 wk ahead,Bin,percent,9.1,9.2,1.0000000000000002e-06
Region 9,3 wk ahead,Bin,percent,9.2,9.3,1.0000000000000002e-06
Region 9,3 wk ahead,Bin,percent,9.3,9.4,1.0000000000000002e-06
Region 9,3 wk ahead,Bin,percent,9.4,9.5,1.0000000000000002e-06
Region 9,3 wk ahead,Bin,percent,9.5,9.6,1.0000000000000002e-06
Region 9,3 wk ahead,Bin,percent,9.6,9.7,1.0000000000000002e-06
Region 9,3 wk ahead,Bin,percent,9.7,9.8,1.0000000000000002e-06
Region 9,3 wk ahead,Bin,percent,9.8,9.9,1.0000000000000002e-06
Region 9,3 wk ahead,Bin,percent,9.9,10.0,1.0000000000000002e-06
Region 9,3 wk ahead,Bin,percent,10.0,10.1,1.0000000000000002e-06
Region 9,3 wk ahead,Bin,percent,10.1,10.2,1.0000000000000002e-06
Region 9,3 wk ahead,Bin,percent,10.2,10.3,1.0000000000000002e-06
Region 9,3 wk ahead,Bin,percent,10.3,10.4,1.0000000000000002e-06
Region 9,3 wk ahead,Bin,percent,10.4,10.5,1.0000000000000002e-06
Region 9,3 wk ahead,Bin,percent,10.5,10.6,1.0000000000000002e-06
Region 9,3 wk ahead,Bin,percent,10.6,10.7,1.0000000000000002e-06
Region 9,3 wk ahead,Bin,percent,10.7,10.8,1.0000000000000002e-06
Region 9,3 wk ahead,Bin,percent,10.8,10.9,1.0000000000000002e-06
Region 9,3 wk ahead,Bin,percent,10.9,11.0,1.0000000000000002e-06
Region 9,3 wk ahead,Bin,percent,11.0,11.1,1.0000000000000002e-06
Region 9,3 wk ahead,Bin,percent,11.1,11.2,1.0000000000000002e-06
Region 9,3 wk ahead,Bin,percent,11.2,11.3,1.0000000000000002e-06
Region 9,3 wk ahead,Bin,percent,11.3,11.4,1.0000000000000002e-06
Region 9,3 wk ahead,Bin,percent,11.4,11.5,1.0000000000000002e-06
Region 9,3 wk ahead,Bin,percent,11.5,11.6,1.0000000000000002e-06
Region 9,3 wk ahead,Bin,percent,11.6,11.7,1.0000000000000002e-06
Region 9,3 wk ahead,Bin,percent,11.7,11.8,1.0000000000000002e-06
Region 9,3 wk ahead,Bin,percent,11.8,11.9,1.0000000000000002e-06
Region 9,3 wk ahead,Bin,percent,11.9,12.0,1.0000000000000002e-06
Region 9,3 wk ahead,Bin,percent,12.0,12.1,1.0000000000000002e-06
Region 9,3 wk ahead,Bin,percent,12.1,12.2,1.0000000000000002e-06
Region 9,3 wk ahead,Bin,percent,12.2,12.3,1.0000000000000002e-06
Region 9,3 wk ahead,Bin,percent,12.3,12.4,1.0000000000000002e-06
Region 9,3 wk ahead,Bin,percent,12.4,12.5,1.0000000000000002e-06
Region 9,3 wk ahead,Bin,percent,12.5,12.6,1.0000000000000002e-06
Region 9,3 wk ahead,Bin,percent,12.6,12.7,1.0000000000000002e-06
Region 9,3 wk ahead,Bin,percent,12.7,12.8,1.0000000000000002e-06
Region 9,3 wk ahead,Bin,percent,12.8,12.9,1.0000000000000002e-06
Region 9,3 wk ahead,Bin,percent,12.9,13.0,1.0000000000000002e-06
Region 9,3 wk ahead,Bin,percent,13.0,100,1.0000000000000002e-06
Region 9,4 wk ahead,Point,percent,,,2.8234713058540337
Region 9,4 wk ahead,Bin,percent,0.0,0.1,1.0000000000000002e-06
Region 9,4 wk ahead,Bin,percent,0.1,0.2,1.0000000000000002e-06
Region 9,4 wk ahead,Bin,percent,0.2,0.3,1.0000000000000002e-06
Region 9,4 wk ahead,Bin,percent,0.3,0.4,1.0000000000000002e-06
Region 9,4 wk ahead,Bin,percent,0.4,0.5,1.0000000000000002e-06
Region 9,4 wk ahead,Bin,percent,0.5,0.6,1.0000000000000002e-06
Region 9,4 wk ahead,Bin,percent,0.6,0.7,1.0000000000000002e-06
Region 9,4 wk ahead,Bin,percent,0.7,0.8,1.0000000000000002e-06
Region 9,4 wk ahead,Bin,percent,0.8,0.9,1.0000000000000002e-06
Region 9,4 wk ahead,Bin,percent,0.9,1.0,1.0000000000000002e-06
Region 9,4 wk ahead,Bin,percent,1.0,1.1,1.0000000000000002e-06
Region 9,4 wk ahead,Bin,percent,1.1,1.2,1.0000000000000002e-06
Region 9,4 wk ahead,Bin,percent,1.2,1.3,1.0000000000000002e-06
Region 9,4 wk ahead,Bin,percent,1.3,1.4,1.0000000000000002e-06
Region 9,4 wk ahead,Bin,percent,1.4,1.5,1.0000000000000002e-06
Region 9,4 wk ahead,Bin,percent,1.5,1.6,1.0000000000000002e-06
Region 9,4 wk ahead,Bin,percent,1.6,1.7,1.0000000000000002e-06
Region 9,4 wk ahead,Bin,percent,1.7,1.8,1.0000000000000002e-06
Region 9,4 wk ahead,Bin,percent,1.8,1.9,1.0000000000000002e-06
Region 9,4 wk ahead,Bin,percent,1.9,2.0,0.00020099800000000003
Region 9,4 wk ahead,Bin,percent,2.0,2.1,0.000900991
Region 9,4 wk ahead,Bin,percent,2.1,2.2,0.001800982
Region 9,4 wk ahead,Bin,percent,2.2,2.3,0.005400946
Region 9,4 wk ahead,Bin,percent,2.3,2.4,0.005900941000000001
Region 9,4 wk ahead,Bin,percent,2.4,2.5,0.009800902
Region 9,4 wk ahead,Bin,percent,2.5,2.6,0.010600894
Region 9,4 wk ahead,Bin,percent,2.6,2.7,0.015300847000000001
Region 9,4 wk ahead,Bin,percent,2.7,2.8,0.01200088
Region 9,4 wk ahead,Bin,percent,2.8,2.9,0.012700873000000001
Region 9,4 wk ahead,Bin,percent,2.9,3.0,0.008600914
Region 9,4 wk ahead,Bin,percent,3.0,3.1,0.007100929000000001
Region 9,4 wk ahead,Bin,percent,3.1,3.2,0.004300957
Region 9,4 wk ahead,Bin,percent,3.2,3.3,0.002900971
Region 9,4 wk ahead,Bin,percent,3.3,3.4,0.0013009870000000002
Region 9,4 wk ahead,Bin,percent,3.4,3.5,0.000800992
Region 9,4 wk ahead,Bin,percent,3.5,3.6,0.00020099800000000003
Region 9,4 wk ahead,Bin,percent,3.6,3.7,1.0000000000000002e-06
Region 9,4 wk ahead,Bin,percent,3.7,3.8,0.00010099900000000001
Region 9,4 wk ahead,Bin,percent,3.8,3.9,0.00010099900000000001
Region 9,4 wk ahead,Bin,percent,3.9,4.0,1.0000000000000002e-06
Region 9,4 wk ahead,Bin,percent,4.0,4.1,1.0000000000000002e-06
Region 9,4 wk ahead,Bin,percent,4.1,4.2,1.0000000000000002e-06
Region 9,4 wk ahead,Bin,percent,4.2,4.3,1.0000000000000002e-06
Region 9,4 wk ahead,Bin,percent,4.3,4.4,1.0000000000000002e-06
Region 9,4 wk ahead,Bin,percent,4.4,4.5,1.0000000000000002e-06
Region 9,4 wk ahead,Bin,percent,4.5,4.6,1.0000000000000002e-06
Region 9,4 wk ahead,Bin,percent,4.6,4.7,1.0000000000000002e-06
Region 9,4 wk ahead,Bin,percent,4.7,4.8,1.0000000000000002e-06
Region 9,4 wk ahead,Bin,percent,4.8,4.9,1.0000000000000002e-06
Region 9,4 wk ahead,Bin,percent,4.9,5.0,1.0000000000000002e-06
Region 9,4 wk ahead,Bin,percent,5.0,5.1,1.0000000000000002e-06
Region 9,4 wk ahead,Bin,percent,5.1,5.2,1.0000000000000002e-06
Region 9,4 wk ahead,Bin,percent,5.2,5.3,1.0000000000000002e-06
Region 9,4 wk ahead,Bin,percent,5.3,5.4,1.0000000000000002e-06
Region 9,4 wk ahead,Bin,percent,5.4,5.5,1.0000000000000002e-06
Region 9,4 wk ahead,Bin,percent,5.5,5.6,1.0000000000000002e-06
Region 9,4 wk ahead,Bin,percent,5.6,5.7,1.0000000000000002e-06
Region 9,4 wk ahead,Bin,percent,5.7,5.8,1.0000000000000002e-06
Region 9,4 wk ahead,Bin,percent,5.8,5.9,1.0000000000000002e-06
Region 9,4 wk ahead,Bin,percent,5.9,6.0,1.0000000000000002e-06
Region 9,4 wk ahead,Bin,percent,6.0,6.1,1.0000000000000002e-06
Region 9,4 wk ahead,Bin,percent,6.1,6.2,1.0000000000000002e-06
Region 9,4 wk ahead,Bin,percent,6.2,6.3,1.0000000000000002e-06
Region 9,4 wk ahead,Bin,percent,6.3,6.4,1.0000000000000002e-06
Region 9,4 wk ahead,Bin,percent,6.4,6.5,1.0000000000000002e-06
Region 9,4 wk ahead,Bin,percent,6.5,6.6,1.0000000000000002e-06
Region 9,4 wk ahead,Bin,percent,6.6,6.7,1.0000000000000002e-06
Region 9,4 wk ahead,Bin,percent,6.7,6.8,1.0000000000000002e-06
Region 9,4 wk ahead,Bin,percent,6.8,6.9,1.0000000000000002e-06
Region 9,4 wk ahead,Bin,percent,6.9,7.0,1.0000000000000002e-06
Region 9,4 wk ahead,Bin,percent,7.0,7.1,1.0000000000000002e-06
Region 9,4 wk ahead,Bin,percent,7.1,7.2,1.0000000000000002e-06
Region 9,4 wk ahead,Bin,percent,7.2,7.3,1.0000000000000002e-06
Region 9,4 wk ahead,Bin,percent,7.3,7.4,1.0000000000000002e-06
Region 9,4 wk ahead,Bin,percent,7.4,7.5,1.0000000000000002e-06
Region 9,4 wk ahead,Bin,percent,7.5,7.6,1.0000000000000002e-06
Region 9,4 wk ahead,Bin,percent,7.6,7.7,1.0000000000000002e-06
Region 9,4 wk ahead,Bin,percent,7.7,7.8,1.0000000000000002e-06
Region 9,4 wk ahead,Bin,percent,7.8,7.9,1.0000000000000002e-06
Region 9,4 wk ahead,Bin,percent,7.9,8.0,1.0000000000000002e-06
Region 9,4 wk ahead,Bin,percent,8.0,8.1,1.0000000000000002e-06
Region 9,4 wk ahead,Bin,percent,8.1,8.2,1.0000000000000002e-06
Region 9,4 wk ahead,Bin,percent,8.2,8.3,1.0000000000000002e-06
Region 9,4 wk ahead,Bin,percent,8.3,8.4,1.0000000000000002e-06
Region 9,4 wk ahead,Bin,percent,8.4,8.5,1.0000000000000002e-06
Region 9,4 wk ahead,Bin,percent,8.5,8.6,1.0000000000000002e-06
Region 9,4 wk ahead,Bin,percent,8.6,8.7,1.0000000000000002e-06
Region 9,4 wk ahead,Bin,percent,8.7,8.8,1.0000000000000002e-06
Region 9,4 wk ahead,Bin,percent,8.8,8.9,1.0000000000000002e-06
Region 9,4 wk ahead,Bin,percent,8.9,9.0,1.0000000000000002e-06
Region 9,4 wk ahead,Bin,percent,9.0,9.1,1.0000000000000002e-06
Region 9,4 wk ahead,Bin,percent,9.1,9.2,1.0000000000000002e-06
Region 9,4 wk ahead,Bin,percent,9.2,9.3,1.0000000000000002e-06
Region 9,4 wk ahead,Bin,percent,9.3,9.4,1.0000000000000002e-06
Region 9,4 wk ahead,Bin,percent,9.4,9.5,1.0000000000000002e-06
Region 9,4 wk ahead,Bin,percent,9.5,9.6,1.0000000000000002e-06
Region 9,4 wk ahead,Bin,percent,9.6,9.7,1.0000000000000002e-06
Region 9,4 wk ahead,Bin,percent,9.7,9.8,1.0000000000000002e-06
Region 9,4 wk ahead,Bin,percent,9.8,9.9,1.0000000000000002e-06
Region 9,4 wk ahead,Bin,percent,9.9,10.0,1.0000000000000002e-06
Region 9,4 wk ahead,Bin,percent,10.0,10.1,1.0000000000000002e-06
Region 9,4 wk ahead,Bin,percent,10.1,10.2,1.0000000000000002e-06
Region 9,4 wk ahead,Bin,percent,10.2,10.3,1.0000000000000002e-06
Region 9,4 wk ahead,Bin,percent,10.3,10.4,1.0000000000000002e-06
Region 9,4 wk ahead,Bin,percent,10.4,10.5,1.0000000000000002e-06
Region 9,4 wk ahead,Bin,percent,10.5,10.6,1.0000000000000002e-06
Region 9,4 wk ahead,Bin,percent,10.6,10.7,1.0000000000000002e-06
Region 9,4 wk ahead,Bin,percent,10.7,10.8,1.0000000000000002e-06
Region 9,4 wk ahead,Bin,percent,10.8,10.9,1.0000000000000002e-06
Region 9,4 wk ahead,Bin,percent,10.9,11.0,1.0000000000000002e-06
Region 9,4 wk ahead,Bin,percent,11.0,11.1,1.0000000000000002e-06
Region 9,4 wk ahead,Bin,percent,11.1,11.2,1.0000000000000002e-06
Region 9,4 wk ahead,Bin,percent,11.2,11.3,1.0000000000000002e-06
Region 9,4 wk ahead,Bin,percent,11.3,11.4,1.0000000000000002e-06
Region 9,4 wk ahead,Bin,percent,11.4,11.5,1.0000000000000002e-06
Region 9,4 wk ahead,Bin,percent,11.5,11.6,1.0000000000000002e-06
Region 9,4 wk ahead,Bin,percent,11.6,11.7,1.0000000000000002e-06
Region 9,4 wk ahead,Bin,percent,11.7,11.8,1.0000000000000002e-06
Region 9,4 wk ahead,Bin,percent,11.8,11.9,1.0000000000000002e-06
Region 9,4 wk ahead,Bin,percent,11.9,12.0,1.0000000000000002e-06
Region 9,4 wk ahead,Bin,percent,12.0,12.1,1.0000000000000002e-06
Region 9,4 wk ahead,Bin,percent,12.1,12.2,1.0000000000000002e-06
Region 9,4 wk ahead,Bin,percent,12.2,12.3,1.0000000000000002e-06
Region 9,4 wk ahead,Bin,percent,12.3,12.4,1.0000000000000002e-06
Region 9,4 wk ahead,Bin,percent,12.4,12.5,1.0000000000000002e-06
Region 9,4 wk ahead,Bin,percent,12.5,12.6,1.0000000000000002e-06
Region 9,4 wk ahead,Bin,percent,12.6,12.7,1.0000000000000002e-06
Region 9,4 wk ahead,Bin,percent,12.7,12.8,1.0000000000000002e-06
Region 9,4 wk ahead,Bin,percent,12.8,12.9,1.0000000000000002e-06
Region 9,4 wk ahead,Bin,percent,12.9,13.0,1.0000000000000002e-06
Region 9,4 wk ahead,Bin,percent,13.0,100,1.0000000000000002e-06
