Location,Target,Type,Unit,Bin_start_incl,Bin_end_notincl,Value
US National,Season onset,Point,week,,,4.500000000000006
US National,Season onset,Bin,week,40,41,0.029411764705882363
US National,Season onset,Bin,week,41,42,0.029411764705882363
US National,Season onset,Bin,week,42,43,0.029411764705882363
US National,Season onset,Bin,week,43,44,0.029411764705882363
US National,Season onset,Bin,week,44,45,0.029411764705882363
US National,Season onset,Bin,week,45,46,0.029411764705882363
US National,Season onset,Bin,week,46,47,0.029411764705882363
US National,Season onset,Bin,week,47,48,0.029411764705882363
US National,Season onset,Bin,week,48,49,0.029411764705882363
US National,Season onset,Bin,week,49,50,0.029411764705882363
US National,Season onset,Bin,week,50,51,0.029411764705882363
US National,Season onset,Bin,week,51,52,0.029411764705882363
US National,Season onset,Bin,week,52,53,0.029411764705882363
US National,Season onset,Bin,week,1,2,0.029411764705882363
US National,Season onset,Bin,week,2,3,0.029411764705882363
US National,Season onset,Bin,week,3,4,0.029411764705882363
US National,Season onset,Bin,week,4,5,0.029411764705882363
US National,Season onset,Bin,week,5,6,0.029411764705882363
US National,Season onset,Bin,week,6,7,0.029411764705882363
US National,Season onset,Bin,week,7,8,0.029411764705882363
US National,Season onset,Bin,week,8,9,0.029411764705882363
US National,Season onset,Bin,week,9,10,0.029411764705882363
US National,Season onset,Bin,week,10,11,0.029411764705882363
US National,Season onset,Bin,week,11,12,0.029411764705882363
US National,Season onset,Bin,week,12,13,0.029411764705882363
US National,Season onset,Bin,week,13,14,0.029411764705882363
US National,Season onset,Bin,week,14,15,0.029411764705882363
US National,Season onset,Bin,week,15,16,0.029411764705882363
US National,Season onset,Bin,week,16,17,0.029411764705882363
US National,Season onset,Bin,week,17,18,0.029411764705882363
US National,Season onset,Bin,week,18,19,0.029411764705882363
US National,Season onset,Bin,week,19,20,0.029411764705882363
US National,Season onset,Bin,week,20,21,0.029411764705882363
US National,Season onset,Bin,week,none,none,0.029411764705882363
US National,Season peak week,Point,week,,,4.4999999999999885
US National,Season peak week,Bin,week,40,41,0.030303030303030307
US National,Season peak week,Bin,week,41,42,0.030303030303030307
US National,Season peak week,Bin,week,42,43,0.030303030303030307
US National,Season peak week,Bin,week,43,44,0.030303030303030307
US National,Season peak week,Bin,week,44,45,0.030303030303030307
US National,Season peak week,Bin,week,45,46,0.030303030303030307
US National,Season peak week,Bin,week,46,47,0.030303030303030307
US National,Season peak week,Bin,week,47,48,0.030303030303030307
US National,Season peak week,Bin,week,48,49,0.030303030303030307
US National,Season peak week,Bin,week,49,50,0.030303030303030307
US National,Season peak week,Bin,week,50,51,0.030303030303030307
US National,Season peak week,Bin,week,51,52,0.030303030303030307
US National,Season peak week,Bin,week,52,53,0.030303030303030307
US National,Season peak week,Bin,week,1,2,0.030303030303030307
US National,Season peak week,Bin,week,2,3,0.030303030303030307
US National,Season peak week,Bin,week,3,4,0.030303030303030307
US National,Season peak week,Bin,week,4,5,0.030303030303030307
US National,Season peak week,Bin,week,5,6,0.030303030303030307
US National,Season peak week,Bin,week,6,7,0.030303030303030307
US National,Season peak week,Bin,week,7,8,0.030303030303030307
US National,Season peak week,Bin,week,8,9,0.030303030303030307
US National,Season peak week,Bin,week,9,10,0.030303030303030307
US National,Season peak week,Bin,week,10,11,0.030303030303030307
US National,Season peak week,Bin,week,11,12,0.030303030303030307
US National,Season peak week,Bin,week,12,13,0.030303030303030307
US National,Season peak week,Bin,week,13,14,0.030303030303030307
US National,Season peak week,Bin,week,14,15,0.030303030303030307
US National,Season peak week,Bin,week,15,16,0.030303030303030307
US National,Season peak week,Bin,week,16,17,0.030303030303030307
US National,Season peak week,Bin,week,17,18,0.030303030303030307
US National,Season peak week,Bin,week,18,19,0.030303030303030307
US National,Season peak week,Bin,week,19,20,0.030303030303030307
US National,Season peak week,Bin,week,20,21,0.030303030303030307
US National,Season peak percentage,Point,percent,,,6.5500000000000025
US National,Season peak percentage,Bin,percent,0,0.1,0.0076335877862595426
US National,Season peak percentage,Bin,percent,0.1,0.2,0.0076335877862595426
US National,Season peak percentage,Bin,percent,0.2,0.3,0.0076335877862595426
US National,Season peak percentage,Bin,percent,0.3,0.4,0.0076335877862595426
US National,Season peak percentage,Bin,percent,0.4,0.5,0.0076335877862595426
US National,Season peak percentage,Bin,percent,0.5,0.6,0.0076335877862595426
US National,Season peak percentage,Bin,percent,0.6,0.7,0.0076335877862595426
US National,Season peak percentage,Bin,percent,0.7,0.8,0.0076335877862595426
US National,Season peak percentage,Bin,percent,0.8,0.9,0.0076335877862595426
US National,Season peak percentage,Bin,percent,0.9,1,0.0076335877862595426
US National,Season peak percentage,Bin,percent,1,1.1,0.0076335877862595426
US National,Season peak percentage,Bin,percent,1.1,1.2,0.0076335877862595426
US National,Season peak percentage,Bin,percent,1.2,1.3,0.0076335877862595426
US National,Season peak percentage,Bin,percent,1.3,1.4,0.0076335877862595426
US National,Season peak percentage,Bin,percent,1.4,1.5,0.0076335877862595426
US National,Season peak percentage,Bin,percent,1.5,1.6,0.0076335877862595426
US National,Season peak percentage,Bin,percent,1.6,1.7,0.0076335877862595426
US National,Season peak percentage,Bin,percent,1.7,1.8,0.0076335877862595426
US National,Season peak percentage,Bin,percent,1.8,1.9,0.0076335877862595426
US National,Season peak percentage,Bin,percent,1.9,2,0.0076335877862595426
US National,Season peak percentage,Bin,percent,2,2.1,0.0076335877862595426
US National,Season peak percentage,Bin,percent,2.1,2.2,0.0076335877862595426
US National,Season peak percentage,Bin,percent,2.2,2.3,0.0076335877862595426
US National,Season peak percentage,Bin,percent,2.3,2.4,0.0076335877862595426
US National,Season peak percentage,Bin,percent,2.4,2.5,0.0076335877862595426
US National,Season peak percentage,Bin,percent,2.5,2.6,0.0076335877862595426
US National,Season peak percentage,Bin,percent,2.6,2.7,0.0076335877862595426
US National,Season peak percentage,Bin,percent,2.7,2.8,0.0076335877862595426
US National,Season peak percentage,Bin,percent,2.8,2.9,0.0076335877862595426
US National,Season peak percentage,Bin,percent,2.9,3,0.0076335877862595426
US National,Season peak percentage,Bin,percent,3,3.1,0.0076335877862595426
US National,Season peak percentage,Bin,percent,3.1,3.2,0.0076335877862595426
US National,Season peak percentage,Bin,percent,3.2,3.3,0.0076335877862595426
US National,Season peak percentage,Bin,percent,3.3,3.4,0.0076335877862595426
US National,Season peak percentage,Bin,percent,3.4,3.5,0.0076335877862595426
US National,Season peak percentage,Bin,percent,3.5,3.6,0.0076335877862595426
US National,Season peak percentage,Bin,percent,3.6,3.7,0.0076335877862595426
US National,Season peak percentage,Bin,percent,3.7,3.8,0.0076335877862595426
US National,Season peak percentage,Bin,percent,3.8,3.9,0.0076335877862595426
US National,Season peak percentage,Bin,percent,3.9,4,0.0076335877862595426
US National,Season peak percentage,Bin,percent,4,4.1,0.0076335877862595426
US National,Season peak percentage,Bin,percent,4.1,4.2,0.0076335877862595426
US National,Season peak percentage,Bin,percent,4.2,4.3,0.0076335877862595426
US National,Season peak percentage,Bin,percent,4.3,4.4,0.0076335877862595426
US National,Season peak percentage,Bin,percent,4.4,4.5,0.0076335877862595426
US National,Season peak percentage,Bin,percent,4.5,4.6,0.0076335877862595426
US National,Season peak percentage,Bin,percent,4.6,4.7,0.0076335877862595426
US National,Season peak percentage,Bin,percent,4.7,4.8,0.0076335877862595426
US National,Season peak percentage,Bin,percent,4.8,4.9,0.0076335877862595426
US National,Season peak percentage,Bin,percent,4.9,5,0.0076335877862595426
US National,Season peak percentage,Bin,percent,5,5.1,0.0076335877862595426
US National,Season peak percentage,Bin,percent,5.1,5.2,0.0076335877862595426
US National,Season peak percentage,Bin,percent,5.2,5.3,0.0076335877862595426
US National,Season peak percentage,Bin,percent,5.3,5.4,0.0076335877862595426
US National,Season peak percentage,Bin,percent,5.4,5.5,0.0076335877862595426
US National,Season peak percentage,Bin,percent,5.5,5.6,0.0076335877862595426
US National,Season peak percentage,Bin,percent,5.6,5.7,0.0076335877862595426
US National,Season peak percentage,Bin,percent,5.7,5.8,0.0076335877862595426
US National,Season peak percentage,Bin,percent,5.8,5.9,0.0076335877862595426
US National,Season peak percentage,Bin,percent,5.9,6,0.0076335877862595426
US National,Season peak percentage,Bin,percent,6,6.1,0.0076335877862595426
US National,Season peak percentage,Bin,percent,6.1,6.2,0.0076335877862595426
US National,Season peak percentage,Bin,percent,6.2,6.3,0.0076335877862595426
US National,Season peak percentage,Bin,percent,6.3,6.4,0.0076335877862595426
US National,Season peak percentage,Bin,percent,6.4,6.5,0.0076335877862595426
US National,Season peak percentage,Bin,percent,6.5,6.6,0.0076335877862595426
US National,Season peak percentage,Bin,percent,6.6,6.7,0.0076335877862595426
US National,Season peak percentage,Bin,percent,6.7,6.8,0.0076335877862595426
US National,Season peak percentage,Bin,percent,6.8,6.9,0.0076335877862595426
US National,Season peak percentage,Bin,percent,6.9,7,0.0076335877862595426
US National,Season peak percentage,Bin,percent,7,7.1,0.0076335877862595426
US National,Season peak percentage,Bin,percent,7.1,7.2,0.0076335877862595426
US National,Season peak percentage,Bin,percent,7.2,7.3,0.0076335877862595426
US National,Season peak percentage,Bin,percent,7.3,7.4,0.0076335877862595426
US National,Season peak percentage,Bin,percent,7.4,7.5,0.0076335877862595426
US National,Season peak percentage,Bin,percent,7.5,7.6,0.0076335877862595426
US National,Season peak percentage,Bin,percent,7.6,7.7,0.0076335877862595426
US National,Season peak percentage,Bin,percent,7.7,7.8,0.0076335877862595426
US National,Season peak percentage,Bin,percent,7.8,7.9,0.0076335877862595426
US National,Season peak percentage,Bin,percent,7.9,8,0.0076335877862595426
US National,Season peak percentage,Bin,percent,8,8.1,0.0076335877862595426
US National,Season peak percentage,Bin,percent,8.1,8.2,0.0076335877862595426
US National,Season peak percentage,Bin,percent,8.2,8.3,0.0076335877862595426
US National,Season peak percentage,Bin,percent,8.3,8.4,0.0076335877862595426
US National,Season peak percentage,Bin,percent,8.4,8.5,0.0076335877862595426
US National,Season peak percentage,Bin,percent,8.5,8.6,0.0076335877862595426
US National,Season peak percentage,Bin,percent,8.6,8.7,0.0076335877862595426
US National,Season peak percentage,Bin,percent,8.7,8.8,0.0076335877862595426
US National,Season peak percentage,Bin,percent,8.8,8.9,0.0076335877862595426
US National,Season peak percentage,Bin,percent,8.9,9,0.0076335877862595426
US National,Season peak percentage,Bin,percent,9,9.1,0.0076335877862595426
US National,Season peak percentage,Bin,percent,9.1,9.2,0.0076335877862595426
US National,Season peak percentage,Bin,percent,9.2,9.3,0.0076335877862595426
US National,Season peak percentage,Bin,percent,9.3,9.4,0.0076335877862595426
US National,Season peak percentage,Bin,percent,9.4,9.5,0.0076335877862595426
US National,Season peak percentage,Bin,percent,9.5,9.6,0.0076335877862595426
US National,Season peak percentage,Bin,percent,9.6,9.7,0.0076335877862595426
US National,Season peak percentage,Bin,percent,9.7,9.8,0.0076335877862595426
US National,Season peak percentage,Bin,percent,9.8,9.9,0.0076335877862595426
US National,Season peak percentage,Bin,percent,9.9,10,0.0076335877862595426
US National,Season peak percentage,Bin,percent,10,10.1,0.0076335877862595426
US National,Season peak percentage,Bin,percent,10.1,10.2,0.0076335877862595426
US National,Season peak percentage,Bin,percent,10.2,10.3,0.0076335877862595426
US National,Season peak percentage,Bin,percent,10.3,10.4,0.0076335877862595426
US National,Season peak percentage,Bin,percent,10.4,10.5,0.0076335877862595426
US National,Season peak percentage,Bin,percent,10.5,10.6,0.0076335877862595426
US National,Season peak percentage,Bin,percent,10.6,10.7,0.0076335877862595426
US National,Season peak percentage,Bin,percent,10.7,10.8,0.0076335877862595426
US National,Season peak percentage,Bin,percent,10.8,10.9,0.0076335877862595426
US National,Season peak percentage,Bin,percent,10.9,11,0.0076335877862595426
US National,Season peak percentage,Bin,percent,11,11.1,0.0076335877862595426
US National,Season peak percentage,Bin,percent,11.1,11.2,0.0076335877862595426
US National,Season peak percentage,Bin,percent,11.2,11.3,0.0076335877862595426
US National,Season peak percentage,Bin,percent,11.3,11.4,0.0076335877862595426
US National,Season peak percentage,Bin,percent,11.4,11.5,0.0076335877862595426
US National,Season peak percentage,Bin,percent,11.5,11.6,0.0076335877862595426
US National,Season peak percentage,Bin,percent,11.6,11.7,0.0076335877862595426
US National,Season peak percentage,Bin,percent,11.7,11.8,0.0076335877862595426
US National,Season peak percentage,Bin,percent,11.8,11.9,0.0076335877862595426
US National,Season peak percentage,Bin,percent,11.9,12,0.0076335877862595426
US National,Season peak percentage,Bin,percent,12,12.1,0.0076335877862595426
US National,Season peak percentage,Bin,percent,12.1,12.2,0.0076335877862595426
US National,Season peak percentage,Bin,percent,12.2,12.3,0.0076335877862595426
US National,Season peak percentage,Bin,percent,12.3,12.4,0.0076335877862595426
US National,Season peak percentage,Bin,percent,12.4,12.5,0.0076335877862595426
US National,Season peak percentage,Bin,percent,12.5,12.6,0.0076335877862595426
US National,Season peak percentage,Bin,percent,12.6,12.7,0.0076335877862595426
US National,Season peak percentage,Bin,percent,12.7,12.8,0.0076335877862595426
US National,Season peak percentage,Bin,percent,12.8,12.9,0.0076335877862595426
US National,Season peak percentage,Bin,percent,12.9,13,0.0076335877862595426
US National,Season peak percentage,Bin,percent,13,100,0.0076335877862595426
US National,1 wk ahead,Point,percent,,,2.185463133603586
US National,1 wk ahead,Bin,percent,0,0.1,1.0558863113773747e-05
US National,1 wk ahead,Bin,percent,0.1,0.2,1.1631674209527582e-05
US National,1 wk ahead,Bin,percent,0.2,0.3,1.4530758942090698e-05
US National,1 wk ahead,Bin,percent,0.3,0.4,2.1965145047803064e-05
US National,1 wk ahead,Bin,percent,0.4,0.5,4.005207634522091e-05
US National,1 wk ahead,Bin,percent,0.5,0.6,8.178612378187054e-05
US National,1 wk ahead,Bin,percent,0.6,0.7,0.00017308575471279637
US National,1 wk ahead,Bin,percent,0.7,0.8,0.0003623717280854218
US National,1 wk ahead,Bin,percent,0.8,0.9,0.0007340950675326232
US National,1 wk ahead,Bin,percent,0.9,1,0.0014251407149373893
US National,1 wk ahead,Bin,percent,1,1.1,0.0026403477413842664
US National,1 wk ahead,Bin,percent,1.1,1.2,0.004659820771276237
US National,1 wk ahead,Bin,percent,1.2,1.3,0.007827515717860641
US National,1 wk ahead,Bin,percent,1.3,1.4,0.0125100231488549
US National,1 wk ahead,Bin,percent,1.4,1.5,0.019019135907688504
US National,1 wk ahead,Bin,percent,1.5,1.6,0.027503082699912126
US National,1 wk ahead,Bin,percent,1.6,1.7,0.03782760361086777
US National,1 wk ahead,Bin,percent,1.7,1.8,0.04948366416586615
US National,1 wk ahead,Bin,percent,1.8,1.9,0.06156504486957906
US National,1 wk ahead,Bin,percent,1.9,2,0.07284879156780866
US National,1 wk ahead,Bin,percent,2,2.1,0.08198309185640952
US National,1 wk ahead,Bin,percent,2.1,2.2,0.0877483382001268
US National,1 wk ahead,Bin,percent,2.2,2.3,0.08932347702835985
US National,1 wk ahead,Bin,percent,2.3,2.4,0.08647773719748629
US National,1 wk ahead,Bin,percent,2.4,2.5,0.07962606246654733
US National,1 wk ahead,Bin,percent,2.5,2.6,0.06972990722188721
US National,1 wk ahead,Bin,percent,2.6,2.7,0.05807606691040955
US National,1 wk ahead,Bin,percent,2.7,2.8,0.04600361273802519
US National,1 wk ahead,Bin,percent,2.8,2.9,0.03465831686304992
US National,1 wk ahead,Bin,percent,2.9,3,0.024834257352801974
US National,1 wk ahead,Bin,percent,3,3.1,0.01692530728804124
US National,1 wk ahead,Bin,percent,3.1,3.2,0.010972081402889279
US National,1 wk ahead,Bin,percent,3.2,3.3,0.0067664047423045045
US National,1 wk ahead,Bin,percent,3.3,3.4,0.003970479755460389
US National,1 wk ahead,Bin,percent,3.4,3.5,0.002217951053207074
US National,1 wk ahead,Bin,percent,3.5,3.6,0.0011806864445899304
US National,1 wk ahead,Bin,percent,3.6,3.7,0.0006003386830066902
US National,1 wk ahead,Bin,percent,3.7,3.8,0.0002931205535556886
US National,1 wk ahead,Bin,percent,3.8,3.9,0.00013913710903162228
US National,1 wk ahead,Bin,percent,3.9,4,6.601962856458602e-05
US National,1 wk ahead,Bin,percent,4,4.1,3.311207267282882e-05
US National,1 wk ahead,Bin,percent,4.1,4.2,1.9068742449209413e-05
US National,1 wk ahead,Bin,percent,4.2,4.3,1.3384267990088789e-05
US National,1 wk ahead,Bin,percent,4.3,4.4,1.120113529429859e-05
US National,1 wk ahead,Bin,percent,4.4,4.5,1.040544188755845e-05
US National,1 wk ahead,Bin,percent,4.5,4.6,1.0130159180612964e-05
US National,1 wk ahead,Bin,percent,4.6,4.7,1.003974024141579e-05
US National,1 wk ahead,Bin,percent,4.7,4.8,1.0011539731404977e-05
US National,1 wk ahead,Bin,percent,4.8,4.9,1.0003186914440708e-05
US National,1 wk ahead,Bin,percent,4.9,5,1.00008370561894e-05
US National,1 wk ahead,Bin,percent,5,5.1,1.00002090972515e-05
US National,1 wk ahead,Bin,percent,5.1,5.2,1.0000049676563033e-05
US National,1 wk ahead,Bin,percent,5.2,5.3,1.0000011224429112e-05
US National,1 wk ahead,Bin,percent,5.3,5.4,1.0000002412051e-05
US National,1 wk ahead,Bin,percent,5.4,5.5,1.0000000492967418e-05
US National,1 wk ahead,Bin,percent,5.5,5.6,1.0000000095820725e-05
US National,1 wk ahead,Bin,percent,5.6,5.7,1.0000000017713738e-05
US National,1 wk ahead,Bin,percent,5.7,5.8,1.0000000003114372e-05
US National,1 wk ahead,Bin,percent,5.8,5.9,1.0000000000520763e-05
US National,1 wk ahead,Bin,percent,5.9,6,1.000000000008282e-05
US National,1 wk ahead,Bin,percent,6,6.1,1.0000000000012527e-05
US National,1 wk ahead,Bin,percent,6.1,6.2,1.0000000000001803e-05
US National,1 wk ahead,Bin,percent,6.2,6.3,1.0000000000000246e-05
US National,1 wk ahead,Bin,percent,6.3,6.4,1.0000000000000031e-05
US National,1 wk ahead,Bin,percent,6.4,6.5,1.0000000000000003e-05
US National,1 wk ahead,Bin,percent,6.5,6.6,1e-05
US National,1 wk ahead,Bin,percent,6.6,6.7,1e-05
US National,1 wk ahead,Bin,percent,6.7,6.8,1e-05
US National,1 wk ahead,Bin,percent,6.8,6.9,1e-05
US National,1 wk ahead,Bin,percent,6.9,7,1e-05
US National,1 wk ahead,Bin,percent,7,7.1,1e-05
US National,1 wk ahead,Bin,percent,7.1,7.2,1e-05
US National,1 wk ahead,Bin,percent,7.2,7.3,1e-05
US National,1 wk ahead,Bin,percent,7.3,7.4,1e-05
US National,1 wk ahead,Bin,percent,7.4,7.5,1e-05
US National,1 wk ahead,Bin,percent,7.5,7.6,1e-05
US National,1 wk ahead,Bin,percent,7.6,7.7,1e-05
US National,1 wk ahead,Bin,percent,7.7,7.8,1e-05
US National,1 wk ahead,Bin,percent,7.8,7.9,1e-05
US National,1 wk ahead,Bin,percent,7.9,8,1e-05
US National,1 wk ahead,Bin,percent,8,8.1,1e-05
US National,1 wk ahead,Bin,percent,8.1,8.2,1e-05
US National,1 wk ahead,Bin,percent,8.2,8.3,1e-05
US National,1 wk ahead,Bin,percent,8.3,8.4,1e-05
US National,1 wk ahead,Bin,percent,8.4,8.5,1e-05
US National,1 wk ahead,Bin,percent,8.5,8.6,1e-05
US National,1 wk ahead,Bin,percent,8.6,8.7,1e-05
US National,1 wk ahead,Bin,percent,8.7,8.8,1e-05
US National,1 wk ahead,Bin,percent,8.8,8.9,1e-05
US National,1 wk ahead,Bin,percent,8.9,9,1e-05
US National,1 wk ahead,Bin,percent,9,9.1,1e-05
US National,1 wk ahead,Bin,percent,9.1,9.2,1e-05
US National,1 wk ahead,Bin,percent,9.2,9.3,1e-05
US National,1 wk ahead,Bin,percent,9.3,9.4,1e-05
US National,1 wk ahead,Bin,percent,9.4,9.5,1e-05
US National,1 wk ahead,Bin,percent,9.5,9.6,1e-05
US National,1 wk ahead,Bin,percent,9.6,9.7,1e-05
US National,1 wk ahead,Bin,percent,9.7,9.8,1e-05
US National,1 wk ahead,Bin,percent,9.8,9.9,1e-05
US National,1 wk ahead,Bin,percent,9.9,10,1e-05
US National,1 wk ahead,Bin,percent,10,10.1,1e-05
US National,1 wk ahead,Bin,percent,10.1,10.2,1e-05
US National,1 wk ahead,Bin,percent,10.2,10.3,1e-05
US National,1 wk ahead,Bin,percent,10.3,10.4,1e-05
US National,1 wk ahead,Bin,percent,10.4,10.5,1e-05
US National,1 wk ahead,Bin,percent,10.5,10.6,1e-05
US National,1 wk ahead,Bin,percent,10.6,10.7,1e-05
US National,1 wk ahead,Bin,percent,10.7,10.8,1e-05
US National,1 wk ahead,Bin,percent,10.8,10.9,1e-05
US National,1 wk ahead,Bin,percent,10.9,11,1e-05
US National,1 wk ahead,Bin,percent,11,11.1,1e-05
US National,1 wk ahead,Bin,percent,11.1,11.2,1e-05
US National,1 wk ahead,Bin,percent,11.2,11.3,1e-05
US National,1 wk ahead,Bin,percent,11.3,11.4,1e-05
US National,1 wk ahead,Bin,percent,11.4,11.5,1e-05
US National,1 wk ahead,Bin,percent,11.5,11.6,1e-05
US National,1 wk ahead,Bin,percent,11.6,11.7,1e-05
US National,1 wk ahead,Bin,percent,11.7,11.8,1e-05
US National,1 wk ahead,Bin,percent,11.8,11.9,1e-05
US National,1 wk ahead,Bin,percent,11.9,12,1e-05
US National,1 wk ahead,Bin,percent,12,12.1,1e-05
US National,1 wk ahead,Bin,percent,12.1,12.2,1e-05
US National,1 wk ahead,Bin,percent,12.2,12.3,1e-05
US National,1 wk ahead,Bin,percent,12.3,12.4,1e-05
US National,1 wk ahead,Bin,percent,12.4,12.5,1e-05
US National,1 wk ahead,Bin,percent,12.5,12.6,1e-05
US National,1 wk ahead,Bin,percent,12.6,12.7,1e-05
US National,1 wk ahead,Bin,percent,12.7,12.8,1e-05
US National,1 wk ahead,Bin,percent,12.8,12.9,1e-05
US National,1 wk ahead,Bin,percent,12.9,13,1e-05
US National,1 wk ahead,Bin,percent,13,100,1e-05
US National,2 wk ahead,Point,percent,,,3.009029504838141
US National,2 wk ahead,Bin,percent,0,0.1,1.011967734814794e-05
US National,2 wk ahead,Bin,percent,0.1,0.2,1.0284607789166173e-05
US National,2 wk ahead,Bin,percent,0.2,0.3,1.0657304796273911e-05
US National,2 wk ahead,Bin,percent,0.3,0.4,1.1474252986050134e-05
US National,2 wk ahead,Bin,percent,0.4,0.5,1.3211163554948713e-05
US National,2 wk ahead,Bin,percent,0.5,0.6,1.6792631135186496e-05
US National,2 wk ahead,Bin,percent,0.6,0.7,2.3954003641510644e-05
US National,2 wk ahead,Bin,percent,0.7,0.8,3.783843570282715e-05
US National,2 wk ahead,Bin,percent,0.8,0.9,6.393566264376441e-05
US National,2 wk ahead,Bin,percent,0.9,1,0.00011148279152572681
US National,2 wk ahead,Bin,percent,1,1.1,0.0001954359726143134
US National,2 wk ahead,Bin,percent,1.1,1.2,0.00033906429602636437
US National,2 wk ahead,Bin,percent,1.2,1.3,0.000577090974317341
US National,2 wk ahead,Bin,percent,1.3,1.4,0.0009590954741485457
US National,2 wk ahead,Bin,percent,1.4,1.5,0.0015525962272941955
US National,2 wk ahead,Bin,percent,1.5,1.6,0.00244489267161515
US National,2 wk ahead,Bin,percent,1.6,1.7,0.003742437769398675
US National,2 wk ahead,Bin,percent,1.7,1.8,0.005566361887002221
US National,2 wk ahead,Bin,percent,1.8,1.9,0.00804292416633985
US National,2 wk ahead,Bin,percent,1.9,2,0.011288257493832422
US National,2 wk ahead,Bin,percent,2,2.1,0.015387847141721069
US National,2 wk ahead,Bin,percent,2.1,2.2,0.02037264869825891
US National,2 wk ahead,Bin,percent,2.2,2.3,0.0261953385423118
US National,2 wk ahead,Bin,percent,2.3,2.4,0.032711472800768734
US National,2 wk ahead,Bin,percent,2.4,2.5,0.039670814380094316
US National,2 wk ahead,Bin,percent,2.5,2.6,0.04672336337011453
US National,2 wk ahead,Bin,percent,2.6,2.7,0.05344254288822752
US National,2 wk ahead,Bin,percent,2.7,2.8,0.05936478601230762
US National,2 wk ahead,Bin,percent,2.8,2.9,0.06404108182171668
US National,2 wk ahead,Bin,percent,2.9,3,0.06709279211068572
US National,2 wk ahead,Bin,percent,3,3.1,0.06826219403164202
US National,2 wk ahead,Bin,percent,3.1,3.2,0.06744840626238671
US National,2 wk ahead,Bin,percent,3.2,3.3,0.0647217545357166
US National,2 wk ahead,Bin,percent,3.3,3.4,0.06031373991845751
US National,2 wk ahead,Bin,percent,3.4,3.5,0.054584594099106334
US National,2 wk ahead,Bin,percent,3.5,3.6,0.047974726983784605
US National,2 wk ahead,Bin,percent,3.6,3.7,0.040949132387274066
US National,2 wk ahead,Bin,percent,3.7,3.8,0.03394442443663194
US National,2 wk ahead,Bin,percent,3.8,3.9,0.027326656132624808
US National,2 wk ahead,Bin,percent,3.9,4,0.021365010001458674
US National,2 wk ahead,Bin,percent,4,4.1,0.016222769856614982
US National,2 wk ahead,Bin,percent,4.1,4.2,0.011963631177139705
US National,2 wk ahead,Bin,percent,4.2,4.3,0.008569091732045392
US National,2 wk ahead,Bin,percent,4.3,4.4,0.005961695521689967
US National,2 wk ahead,Bin,percent,4.4,4.5,0.004029193589290179
US National,2 wk ahead,Bin,percent,4.5,4.6,0.0026458600018689532
US National,2 wk ahead,Bin,percent,4.6,4.7,0.001688769035025574
US National,2 wk ahead,Bin,percent,4.7,4.8,0.0010483523625887676
US National,2 wk ahead,Bin,percent,4.8,4.9,0.0006337115062593401
US National,2 wk ahead,Bin,percent,4.9,5,0.0003738379129905141
US National,2 wk ahead,Bin,percent,5,5.1,0.0002161186754468867
US National,2 wk ahead,Bin,percent,5.1,5.2,0.00012339970617532883
US National,2 wk ahead,Bin,percent,5.2,5.3,7.058871067769842e-05
US National,2 wk ahead,Bin,percent,5.3,5.4,4.143812871045857e-05
US National,2 wk ahead,Bin,percent,5.4,5.5,2.584188512354712e-05
US National,2 wk ahead,Bin,percent,5.5,5.6,1.7752508070081875e-05
US National,2 wk ahead,Bin,percent,5.6,5.7,1.3684366200394725e-05
US National,2 wk ahead,Bin,percent,5.7,5.8,1.1700468327535506e-05
US National,2 wk ahead,Bin,percent,5.8,5.9,1.07621834254361e-05
US National,2 wk ahead,Bin,percent,5.9,6,1.0331768881433572e-05
US National,2 wk ahead,Bin,percent,6,6.1,1.0140248101821339e-05
US National,2 wk ahead,Bin,percent,6.1,6.2,1.0057576270594973e-05
US National,2 wk ahead,Bin,percent,6.2,6.3,1.0022954892577776e-05
US National,2 wk ahead,Bin,percent,6.3,6.4,1.0008887757447881e-05
US National,2 wk ahead,Bin,percent,6.4,6.5,1.0003341906679857e-05
US National,2 wk ahead,Bin,percent,6.5,6.6,1.0001220342223726e-05
US National,2 wk ahead,Bin,percent,6.6,6.7,1.0000432767016066e-05
US National,2 wk ahead,Bin,percent,6.7,6.8,1.0000149043095934e-05
US National,2 wk ahead,Bin,percent,6.8,6.9,1.0000049848806944e-05
US National,2 wk ahead,Bin,percent,6.9,7,1.000001619134286e-05
US National,2 wk ahead,Bin,percent,7,7.1,1.0000005107356406e-05
US National,2 wk ahead,Bin,percent,7.1,7.2,1.0000001564568768e-05
US National,2 wk ahead,Bin,percent,7.2,7.3,1.000000046545569e-05
US National,2 wk ahead,Bin,percent,7.3,7.4,1.0000000134476756e-05
US National,2 wk ahead,Bin,percent,7.4,7.5,1.0000000037731261e-05
US National,2 wk ahead,Bin,percent,7.5,7.6,1.0000000010281124e-05
US National,2 wk ahead,Bin,percent,7.6,7.7,1.0000000002720605e-05
US National,2 wk ahead,Bin,percent,7.7,7.8,1.0000000000699155e-05
US National,2 wk ahead,Bin,percent,7.8,7.9,1.000000000017449e-05
US National,2 wk ahead,Bin,percent,7.9,8,1.0000000000042293e-05
US National,2 wk ahead,Bin,percent,8,8.1,1.0000000000009957e-05
US National,2 wk ahead,Bin,percent,8.1,8.2,1.0000000000002276e-05
US National,2 wk ahead,Bin,percent,8.2,8.3,1.0000000000000507e-05
US National,2 wk ahead,Bin,percent,8.3,8.4,1.000000000000011e-05
US National,2 wk ahead,Bin,percent,8.4,8.5,1.0000000000000025e-05
US National,2 wk ahead,Bin,percent,8.5,8.6,1.0000000000000006e-05
US National,2 wk ahead,Bin,percent,8.6,8.7,1.0000000000000003e-05
US National,2 wk ahead,Bin,percent,8.7,8.8,1e-05
US National,2 wk ahead,Bin,percent,8.8,8.9,1e-05
US National,2 wk ahead,Bin,percent,8.9,9,1e-05
US National,2 wk ahead,Bin,percent,9,9.1,1e-05
US National,2 wk ahead,Bin,percent,9.1,9.2,1e-05
US National,2 wk ahead,Bin,percent,9.2,9.3,1e-05
US National,2 wk ahead,Bin,percent,9.3,9.4,1e-05
US National,2 wk ahead,Bin,percent,9.4,9.5,1e-05
US National,2 wk ahead,Bin,percent,9.5,9.6,1e-05
US National,2 wk ahead,Bin,percent,9.6,9.7,1e-05
US National,2 wk ahead,Bin,percent,9.7,9.8,1e-05
US National,2 wk ahead,Bin,percent,9.8,9.9,1e-05
US National,2 wk ahead,Bin,percent,9.9,10,1e-05
US National,2 wk ahead,Bin,percent,10,10.1,1e-05
US National,2 wk ahead,Bin,percent,10.1,10.2,1e-05
US National,2 wk ahead,Bin,percent,10.2,10.3,1e-05
US National,2 wk ahead,Bin,percent,10.3,10.4,1e-05
US National,2 wk ahead,Bin,percent,10.4,10.5,1e-05
US National,2 wk ahead,Bin,percent,10.5,10.6,1e-05
US National,2 wk ahead,Bin,percent,10.6,10.7,1e-05
US National,2 wk ahead,Bin,percent,10.7,10.8,1e-05
US National,2 wk ahead,Bin,percent,10.8,10.9,1e-05
US National,2 wk ahead,Bin,percent,10.9,11,1e-05
US National,2 wk ahead,Bin,percent,11,11.1,1e-05
US National,2 wk ahead,Bin,percent,11.1,11.2,1e-05
US National,2 wk ahead,Bin,percent,11.2,11.3,1e-05
US National,2 wk ahead,Bin,percent,11.3,11.4,1e-05
US National,2 wk ahead,Bin,percent,11.4,11.5,1e-05
US National,2 wk ahead,Bin,percent,11.5,11.6,1e-05
US National,2 wk ahead,Bin,percent,11.6,11.7,1e-05
US National,2 wk ahead,Bin,percent,11.7,11.8,1e-05
US National,2 wk ahead,Bin,percent,11.8,11.9,1e-05
US National,2 wk ahead,Bin,percent,11.9,12,1e-05
US National,2 wk ahead,Bin,percent,12,12.1,1e-05
US National,2 wk ahead,Bin,percent,12.1,12.2,1e-05
US National,2 wk ahead,Bin,percent,12.2,12.3,1e-05
US National,2 wk ahead,Bin,percent,12.3,12.4,1e-05
US National,2 wk ahead,Bin,percent,12.4,12.5,1e-05
US National,2 wk ahead,Bin,percent,12.5,12.6,1e-05
US National,2 wk ahead,Bin,percent,12.6,12.7,1e-05
US National,2 wk ahead,Bin,percent,12.7,12.8,1e-05
US National,2 wk ahead,Bin,percent,12.8,12.9,1e-05
US National,2 wk ahead,Bin,percent,12.9,13,1e-05
US National,2 wk ahead,Bin,percent,13,100,1e-05
US National,3 wk ahead,Point,percent,,,2.9311947855399763
US National,3 wk ahead,Bin,percent,0,0.1,0.00013845602825269428
US National,3 wk ahead,Bin,percent,0.1,0.2,0.0002007732746307511
US National,3 wk ahead,Bin,percent,0.2,0.3,0.00028945961575744785
US National,3 wk ahead,Bin,percent,0.3,0.4,0.0004137932541823218
US National,3 wk ahead,Bin,percent,0.4,0.5,0.0005854896793972194
US National,3 wk ahead,Bin,percent,0.5,0.6,0.0008190111336216758
US National,3 wk ahead,Bin,percent,0.6,0.7,0.0011317857937963706
US National,3 wk ahead,Bin,percent,0.7,0.8,0.0015442772725514327
US National,3 wk ahead,Bin,percent,0.8,0.9,0.0020798374782420672
US National,3 wk ahead,Bin,percent,0.9,1,0.002764273854593205
US National,3 wk ahead,Bin,percent,1,1.1,0.003625068003024039
US National,3 wk ahead,Bin,percent,1.1,1.2,0.0046901988061603395
US National,3 wk ahead,Bin,percent,1.2,1.3,0.005986550731490635
US National,3 wk ahead,Bin,percent,1.3,1.4,0.007537926978418828
US National,3 wk ahead,Bin,percent,1.4,1.5,0.009362735742710687
US National,3 wk ahead,Bin,percent,1.5,1.6,0.011471472277261908
US National,3 wk ahead,Bin,percent,1.6,1.7,0.013864173795610108
US National,3 wk ahead,Bin,percent,1.7,1.8,0.016528071174108868
US National,3 wk ahead,Bin,percent,1.8,1.9,0.01943569266074173
US National,3 wk ahead,Bin,percent,1.9,2,0.02254368257206599
US National,3 wk ahead,Bin,percent,2,2.1,0.02579257617786454
US National,3 wk ahead,Bin,percent,2.1,2.2,0.02910771766309922
US National,3 wk ahead,Bin,percent,2.2,2.3,0.03240142244338968
US National,3 wk ahead,Bin,percent,2.3,2.4,0.035576374181796704
US National,3 wk ahead,Bin,percent,2.4,2.5,0.03853012120048814
US National,3 wk ahead,Bin,percent,2.5,2.6,0.0411604108096288
US National,3 wk ahead,Bin,percent,2.6,2.7,0.04337098947482256
US National,3 wk ahead,Bin,percent,2.7,2.8,0.04507741739851701
US National,3 wk ahead,Bin,percent,2.8,2.9,0.046212410814982605
US National,3 wk ahead,Bin,percent,2.9,3,0.04673024181349583
US National,3 wk ahead,Bin,percent,3,3.1,0.046609794878563586
US National,3 wk ahead,Bin,percent,3.1,3.2,0.04585599542323406
US National,3 wk ahead,Bin,percent,3.2,3.3,0.04449947562442868
US National,3 wk ahead,Bin,percent,3.3,3.4,0.04259450915643888
US National,3 wk ahead,Bin,percent,3.4,3.5,0.040215408882227736
US National,3 wk ahead,Bin,percent,3.5,3.6,0.037451720686953266
US National,3 wk ahead,Bin,percent,3.6,3.7,0.0344026463243503
US National,3 wk ahead,Bin,percent,3.7,3.8,0.031171177973799074
US National,3 wk ahead,Bin,percent,3.8,3.9,0.027858423735040414
US National,3 wk ahead,Bin,percent,3.9,4,0.02455855021400001
US National,3 wk ahead,Bin,percent,4,4.1,0.02135467554097325
US National,3 wk ahead,Bin,percent,4.1,4.2,0.018315927789669013
US National,3 wk ahead,Bin,percent,4.2,4.3,0.015495755956913363
US National,3 wk ahead,Bin,percent,4.3,4.4,0.012931459043976629
US National,3 wk ahead,Bin,percent,4.4,4.5,0.010644796365511359
US National,3 wk ahead,Bin,percent,4.5,4.6,0.008643467930561678
US National,3 wk ahead,Bin,percent,4.6,4.7,0.00692321176521317
US National,3 wk ahead,Bin,percent,4.7,4.8,0.00547025492418025
US National,3 wk ahead,Bin,percent,4.8,4.9,0.004263872380258471
US National,3 wk ahead,Bin,percent,4.9,5,0.0032788460879336024
US National,3 wk ahead,Bin,percent,5,5.1,0.00248766717412096
US National,3 wk ahead,Bin,percent,5.1,5.2,0.001862379389289606
US National,3 wk ahead,Bin,percent,5.2,5.3,0.0013760147593471776
US National,3 wk ahead,Bin,percent,5.3,5.4,0.0010036177062306855
US National,3 wk ahead,Bin,percent,5.4,5.5,0.0007228887000811314
US National,3 wk ahead,Bin,percent,5.5,5.6,0.0005145016816288601
US National,3 wk ahead,Bin,percent,5.6,5.7,0.00036216158844885264
US National,3 wk ahead,Bin,percent,5.7,5.8,0.00025247101398907085
US National,3 wk ahead,Bin,percent,5.8,5.9,0.00017467063177758774
US National,3 wk ahead,Bin,percent,5.9,6,0.00012030900148435388
US National,3 wk ahead,Bin,percent,6,6.1,8.28860196186098e-05
US National,3 wk ahead,Bin,percent,6.1,6.2,5.7502448129383874e-05
US National,3 wk ahead,Bin,percent,6.2,6.3,4.0536990203699295e-05
US National,3 wk ahead,Bin,percent,6.3,6.4,2.9363102556392798e-05
US National,3 wk ahead,Bin,percent,6.4,6.5,2.2110501845942803e-05
US National,3 wk ahead,Bin,percent,6.5,6.6,1.747115614753954e-05
US National,3 wk ahead,Bin,percent,6.6,6.7,1.4546235877102395e-05
US National,3 wk ahead,Bin,percent,6.7,6.8,1.272869248707298e-05
US National,3 wk ahead,Bin,percent,6.8,6.9,1.1615458121174385e-05
US National,3 wk ahead,Bin,percent,6.9,7,1.0943355294630568e-05
US National,3 wk ahead,Bin,percent,7,7.1,1.0543367122735338e-05
US National,3 wk ahead,Bin,percent,7.1,7.2,1.0308709434157033e-05
US National,3 wk ahead,Bin,percent,7.2,7.3,1.0172999530612448e-05
US National,3 wk ahead,Bin,percent,7.3,7.4,1.0095626536520211e-05
US National,3 wk ahead,Bin,percent,7.4,7.5,1.0052137524464806e-05
US National,3 wk ahead,Bin,percent,7.5,7.6,1.002803889313651e-05
US National,3 wk ahead,Bin,percent,7.6,7.7,1.0014873384414549e-05
US National,3 wk ahead,Bin,percent,7.7,7.8,1.000778210737378e-05
US National,3 wk ahead,Bin,percent,7.8,7.9,1.0004016271960053e-05
US National,3 wk ahead,Bin,percent,7.9,8,1.0002044501748234e-05
US National,3 wk ahead,Bin,percent,8,8.1,1.0001026574182438e-05
US National,3 wk ahead,Bin,percent,8.1,8.2,1.0000508430585154e-05
US National,3 wk ahead,Bin,percent,8.2,8.3,1.0000248377057004e-05
US National,3 wk ahead,Bin,percent,8.3,8.4,1.0000119682255228e-05
US National,3 wk ahead,Bin,percent,8.4,8.5,1.0000056883528784e-05
US National,3 wk ahead,Bin,percent,8.5,8.6,1.0000026667467507e-05
US National,3 wk ahead,Bin,percent,8.6,8.7,1.000001233148837e-05
US National,3 wk ahead,Bin,percent,8.7,8.8,1.0000005624548932e-05
US National,3 wk ahead,Bin,percent,8.8,8.9,1.0000002530453607e-05
US National,3 wk ahead,Bin,percent,8.9,9,1.0000001122916697e-05
US National,3 wk ahead,Bin,percent,9,9.1,1.000000049151319e-05
US National,3 wk ahead,Bin,percent,9.1,9.2,1.0000000212207777e-05
US National,3 wk ahead,Bin,percent,9.2,9.3,1.0000000090370334e-05
US National,3 wk ahead,Bin,percent,9.3,9.4,1.000000003796024e-05
US National,3 wk ahead,Bin,percent,9.4,9.5,1.0000000015727893e-05
US National,3 wk ahead,Bin,percent,9.5,9.6,1.0000000006427626e-05
US National,3 wk ahead,Bin,percent,9.6,9.7,1.000000000259101e-05
US National,3 wk ahead,Bin,percent,9.7,9.8,1.0000000001030213e-05
US National,3 wk ahead,Bin,percent,9.8,9.9,1.000000000040404e-05
US National,3 wk ahead,Bin,percent,9.9,10,1.00000000001563e-05
US National,3 wk ahead,Bin,percent,10,10.1,1.000000000005964e-05
US National,3 wk ahead,Bin,percent,10.1,10.2,1.0000000000022447e-05
US National,3 wk ahead,Bin,percent,10.2,10.3,1.0000000000008334e-05
US National,3 wk ahead,Bin,percent,10.3,10.4,1.0000000000003052e-05
US National,3 wk ahead,Bin,percent,10.4,10.5,1.0000000000001104e-05
US National,3 wk ahead,Bin,percent,10.5,10.6,1.0000000000000394e-05
US National,3 wk ahead,Bin,percent,10.6,10.7,1.0000000000000138e-05
US National,3 wk ahead,Bin,percent,10.7,10.8,1.0000000000000047e-05
US National,3 wk ahead,Bin,percent,10.8,10.9,1.0000000000000016e-05
US National,3 wk ahead,Bin,percent,10.9,11,1.0000000000000006e-05
US National,3 wk ahead,Bin,percent,11,11.1,1.0000000000000003e-05
US National,3 wk ahead,Bin,percent,11.1,11.2,1e-05
US National,3 wk ahead,Bin,percent,11.2,11.3,1e-05
US National,3 wk ahead,Bin,percent,11.3,11.4,1e-05
US National,3 wk ahead,Bin,percent,11.4,11.5,1e-05
US National,3 wk ahead,Bin,percent,11.5,11.6,1e-05
US National,3 wk ahead,Bin,percent,11.6,11.7,1e-05
US National,3 wk ahead,Bin,percent,11.7,11.8,1e-05
US National,3 wk ahead,Bin,percent,11.8,11.9,1e-05
US National,3 wk ahead,Bin,percent,11.9,12,1e-05
US National,3 wk ahead,Bin,percent,12,12.1,1e-05
US National,3 wk ahead,Bin,percent,12.1,12.2,1e-05
US National,3 wk ahead,Bin,percent,12.2,12.3,1e-05
US National,3 wk ahead,Bin,percent,12.3,12.4,1e-05
US National,3 wk ahead,Bin,percent,12.4,12.5,1e-05
US National,3 wk ahead,Bin,percent,12.5,12.6,1e-05
US National,3 wk ahead,Bin,percent,12.6,12.7,1e-05
US National,3 wk ahead,Bin,percent,12.7,12.8,1e-05
US National,3 wk ahead,Bin,percent,12.8,12.9,1e-05
US National,3 wk ahead,Bin,percent,12.9,13,1e-05
US National,3 wk ahead,Bin,percent,13,100,1e-05
US National,4 wk ahead,Point,percent,,,2.858063474574565
US National,4 wk ahead,Bin,percent,0,0.1,5.2410229240211355e-05
US National,4 wk ahead,Bin,percent,0.1,0.2,7.921708427066152e-05
US National,4 wk ahead,Bin,percent,0.2,0.3,0.00012101453569338724
US National,4 wk ahead,Bin,percent,0.3,0.4,0.00018497268561980777
US National,4 wk ahead,Bin,percent,0.4,0.5,0.00028100951164621507
US National,4 wk ahead,Bin,percent,0.5,0.6,0.0004224987856916916
US National,4 wk ahead,Bin,percent,0.6,0.7,0.0006269993125844616
US National,4 wk ahead,Bin,percent,0.7,0.8,0.0009169232817776527
US National,4 wk ahead,Bin,percent,0.8,0.9,0.0013200271203012695
US National,4 wk ahead,Bin,percent,0.9,1,0.001869575806054689
US National,4 wk ahead,Bin,percent,1,1.1,0.0026040082486178764
US National,4 wk ahead,Bin,percent,1.1,1.2,0.0035659257437522717
US National,4 wk ahead,Bin,percent,1.2,1.3,0.0048002466824225406
US National,4 wk ahead,Bin,percent,1.3,1.4,0.006351426150497018
US National,4 wk ahead,Bin,percent,1.4,1.5,0.008259732461211367
US National,4 wk ahead,Bin,percent,1.5,1.6,0.010556701511633262
US National,4 wk ahead,Bin,percent,1.6,1.7,0.01326004368922419
US National,4 wk ahead,Bin,percent,1.7,1.8,0.01636843793264395
US National,4 wk ahead,Bin,percent,1.8,1.9,0.01985678731867726
US National,4 wk ahead,Bin,percent,1.9,2,0.0236726001952577
US National,4 wk ahead,Bin,percent,2,2.1,0.02773417177752789
US National,4 wk ahead,Bin,percent,2.1,2.2,0.03193115236385749
US National,4 wk ahead,Bin,percent,2.2,2.3,0.03612789292614521
US National,4 wk ahead,Bin,percent,2.3,2.4,0.04016966821484432
US National,4 wk ahead,Bin,percent,2.4,2.5,0.04389152288359768
US National,4 wk ahead,Bin,percent,2.5,2.6,0.04712911566804144
US National,4 wk ahead,Bin,percent,2.6,2.7,0.04973060859219591
US National,4 wk ahead,Bin,percent,2.7,2.8,0.05156842067520483
US National,4 wk ahead,Bin,percent,2.8,2.9,0.05254958528989515
US National,4 wk ahead,Bin,percent,2.9,3,0.052623542027136816
US National,4 wk ahead,Bin,percent,3,3.1,0.051786454136453136
US National,4 wk ahead,Bin,percent,3.1,3.2,0.050081538353997215
US National,4 wk ahead,Bin,percent,3.2,3.3,0.047595367650579486
US National,4 wk ahead,Bin,percent,3.3,3.4,0.04445058719125055
US National,4 wk ahead,Bin,percent,3.4,3.5,0.040795896528054966
US National,4 wk ahead,Bin,percent,3.5,3.6,0.036794436083977165
US National,4 wk ahead,Bin,percent,3.6,3.7,0.032611835891913465
US National,4 wk ahead,Bin,percent,3.7,3.8,0.02840513098133294
US National,4 wk ahead,Bin,percent,3.8,3.9,0.024313541347479255
US National,4 wk ahead,Bin,percent,3.9,4,0.02045179882536743
US National,4 wk ahead,Bin,percent,4,4.1,0.016906335488671268
US National,4 wk ahead,Bin,percent,4.1,4.2,0.013734287378390494
US National,4 wk ahead,Bin,percent,4.2,4.3,0.010964963817297438
US National,4 wk ahead,Bin,percent,4.3,4.4,0.008603220514852902
US National,4 wk ahead,Bin,percent,4.4,4.5,0.0066340687403171035
US National,4 wk ahead,Bin,percent,4.5,4.6,0.005027848786213761
US National,4 wk ahead,Bin,percent,4.6,4.7,0.003745374705547535
US National,4 wk ahead,Bin,percent,4.7,4.8,0.0027425910559166038
US National,4 wk ahead,Bin,percent,4.8,4.9,0.0019744409395108338
US National,4 wk ahead,Bin,percent,4.9,5,0.0013978009332384091
US National,4 wk ahead,Bin,percent,5,5.1,0.0009734723129810508
US National,4 wk ahead,Bin,percent,5.1,5.2,0.0006673174589845057
US National,4 wk ahead,Bin,percent,5.2,5.3,0.00045069179166081836
US National,4 wk ahead,Bin,percent,5.3,5.4,0.00030034785372907416
US National,4 wk ahead,Bin,percent,5.4,5.5,0.0001979862755833409
US National,4 wk ahead,Bin,percent,5.5,5.6,0.00012960725742695216
US National,4 wk ahead,Bin,percent,5.6,5.7,8.478470514790096e-05
US National,4 wk ahead,Bin,percent,5.7,5.8,5.5950675927551416e-05
US National,4 wk ahead,Bin,percent,5.8,5.9,3.7745648982147575e-05
US National,4 wk ahead,Bin,percent,5.9,6,2.646348362226691e-05
US National,4 wk ahead,Bin,percent,6,6.1,1.9600026885262478e-05
US National,4 wk ahead,Bin,percent,6.1,6.2,1.550106817968885e-05
US National,4 wk ahead,Bin,percent,6.2,6.3,1.3097743617373753e-05
US National,4 wk ahead,Bin,percent,6.3,6.4,1.1714224820493993e-05
US National,4 wk ahead,Bin,percent,6.4,6.5,1.0932210418109033e-05
US National,4 wk ahead,Bin,percent,6.5,6.6,1.0498177363931667e-05
US National,4 wk ahead,Bin,percent,6.6,6.7,1.0261624187941228e-05
US National,4 wk ahead,Bin,percent,6.7,6.8,1.0135019240702878e-05
US National,4 wk ahead,Bin,percent,6.8,6.9,1.0068475828305447e-05
US National,4 wk ahead,Bin,percent,6.9,7,1.0034127367741256e-05
US National,4 wk ahead,Bin,percent,7,7.1,1.0016714452490494e-05
US National,4 wk ahead,Bin,percent,7.1,7.2,1.0008044617195783e-05
US National,4 wk ahead,Bin,percent,7.2,7.3,1.0003804893241534e-05
US National,4 wk ahead,Bin,percent,7.3,7.4,1.0001768493359807e-05
US National,4 wk ahead,Bin,percent,7.4,7.5,1.0000807770997785e-05
US National,4 wk ahead,Bin,percent,7.5,7.6,1.0000362574238788e-05
US National,4 wk ahead,Bin,percent,7.6,7.7,1.0000159929837683e-05
US National,4 wk ahead,Bin,percent,7.7,7.8,1.0000069324367211e-05
US National,4 wk ahead,Bin,percent,7.8,7.9,1.0000029530186965e-05
US National,4 wk ahead,Bin,percent,7.9,8,1.0000012361476401e-05
US National,4 wk ahead,Bin,percent,8,8.1,1.0000005085086636e-05
US National,4 wk ahead,Bin,percent,8.1,8.2,1.0000002055655023e-05
US National,4 wk ahead,Bin,percent,8.2,8.3,1.0000000816631216e-05
US National,4 wk ahead,Bin,percent,8.3,8.4,1.0000000318805338e-05
US National,4 wk ahead,Bin,percent,8.4,8.5,1.0000000122306364e-05
US National,4 wk ahead,Bin,percent,8.5,8.6,1.0000000046110137e-05
US National,4 wk ahead,Bin,percent,8.6,8.7,1.0000000017083136e-05
US National,4 wk ahead,Bin,percent,8.7,8.8,1.0000000006219605e-05
US National,4 wk ahead,Bin,percent,8.8,8.9,1.0000000002225265e-05
US National,4 wk ahead,Bin,percent,8.9,9,1.0000000000782393e-05
US National,4 wk ahead,Bin,percent,9,9.1,1.0000000000270328e-05
US National,4 wk ahead,Bin,percent,9.1,9.2,1.0000000000091787e-05
US National,4 wk ahead,Bin,percent,9.2,9.3,1.0000000000030628e-05
US National,4 wk ahead,Bin,percent,9.3,9.4,1.0000000000010043e-05
US National,4 wk ahead,Bin,percent,9.4,9.5,1.0000000000003236e-05
US National,4 wk ahead,Bin,percent,9.5,9.6,1.0000000000001027e-05
US National,4 wk ahead,Bin,percent,9.6,9.7,1.0000000000000321e-05
US National,4 wk ahead,Bin,percent,9.7,9.8,1.0000000000000099e-05
US National,4 wk ahead,Bin,percent,9.8,9.9,1.0000000000000031e-05
US National,4 wk ahead,Bin,percent,9.9,10,1.0000000000000013e-05
US National,4 wk ahead,Bin,percent,10,10.1,1.0000000000000003e-05
US National,4 wk ahead,Bin,percent,10.1,10.2,1e-05
US National,4 wk ahead,Bin,percent,10.2,10.3,1e-05
US National,4 wk ahead,Bin,percent,10.3,10.4,1e-05
US National,4 wk ahead,Bin,percent,10.4,10.5,1e-05
US National,4 wk ahead,Bin,percent,10.5,10.6,1e-05
US National,4 wk ahead,Bin,percent,10.6,10.7,1e-05
US National,4 wk ahead,Bin,percent,10.7,10.8,1e-05
US National,4 wk ahead,Bin,percent,10.8,10.9,1e-05
US National,4 wk ahead,Bin,percent,10.9,11,1e-05
US National,4 wk ahead,Bin,percent,11,11.1,1e-05
US National,4 wk ahead,Bin,percent,11.1,11.2,1e-05
US National,4 wk ahead,Bin,percent,11.2,11.3,1e-05
US National,4 wk ahead,Bin,percent,11.3,11.4,1e-05
US National,4 wk ahead,Bin,percent,11.4,11.5,1e-05
US National,4 wk ahead,Bin,percent,11.5,11.6,1e-05
US National,4 wk ahead,Bin,percent,11.6,11.7,1e-05
US National,4 wk ahead,Bin,percent,11.7,11.8,1e-05
US National,4 wk ahead,Bin,percent,11.8,11.9,1e-05
US National,4 wk ahead,Bin,percent,11.9,12,1e-05
US National,4 wk ahead,Bin,percent,12,12.1,1e-05
US National,4 wk ahead,Bin,percent,12.1,12.2,1e-05
US National,4 wk ahead,Bin,percent,12.2,12.3,1e-05
US National,4 wk ahead,Bin,percent,12.3,12.4,1e-05
US National,4 wk ahead,Bin,percent,12.4,12.5,1e-05
US National,4 wk ahead,Bin,percent,12.5,12.6,1e-05
US National,4 wk ahead,Bin,percent,12.6,12.7,1e-05
US National,4 wk ahead,Bin,percent,12.7,12.8,1e-05
US National,4 wk ahead,Bin,percent,12.8,12.9,1e-05
US National,4 wk ahead,Bin,percent,12.9,13,1e-05
US National,4 wk ahead,Bin,percent,13,100,1e-05
HHS Region 1,Season onset,Point,week,,,4.500000000000006
HHS Region 1,Season onset,Bin,week,40,41,0.029411764705882363
HHS Region 1,Season onset,Bin,week,41,42,0.029411764705882363
HHS Region 1,Season onset,Bin,week,42,43,0.029411764705882363
HHS Region 1,Season onset,Bin,week,43,44,0.029411764705882363
HHS Region 1,Season onset,Bin,week,44,45,0.029411764705882363
HHS Region 1,Season onset,Bin,week,45,46,0.029411764705882363
HHS Region 1,Season onset,Bin,week,46,47,0.029411764705882363
HHS Region 1,Season onset,Bin,week,47,48,0.029411764705882363
HHS Region 1,Season onset,Bin,week,48,49,0.029411764705882363
HHS Region 1,Season onset,Bin,week,49,50,0.029411764705882363
HHS Region 1,Season onset,Bin,week,50,51,0.029411764705882363
HHS Region 1,Season onset,Bin,week,51,52,0.029411764705882363
HHS Region 1,Season onset,Bin,week,52,53,0.029411764705882363
HHS Region 1,Season onset,Bin,week,1,2,0.029411764705882363
HHS Region 1,Season onset,Bin,week,2,3,0.029411764705882363
HHS Region 1,Season onset,Bin,week,3,4,0.029411764705882363
HHS Region 1,Season onset,Bin,week,4,5,0.029411764705882363
HHS Region 1,Season onset,Bin,week,5,6,0.029411764705882363
HHS Region 1,Season onset,Bin,week,6,7,0.029411764705882363
HHS Region 1,Season onset,Bin,week,7,8,0.029411764705882363
HHS Region 1,Season onset,Bin,week,8,9,0.029411764705882363
HHS Region 1,Season onset,Bin,week,9,10,0.029411764705882363
HHS Region 1,Season onset,Bin,week,10,11,0.029411764705882363
HHS Region 1,Season onset,Bin,week,11,12,0.029411764705882363
HHS Region 1,Season onset,Bin,week,12,13,0.029411764705882363
HHS Region 1,Season onset,Bin,week,13,14,0.029411764705882363
HHS Region 1,Season onset,Bin,week,14,15,0.029411764705882363
HHS Region 1,Season onset,Bin,week,15,16,0.029411764705882363
HHS Region 1,Season onset,Bin,week,16,17,0.029411764705882363
HHS Region 1,Season onset,Bin,week,17,18,0.029411764705882363
HHS Region 1,Season onset,Bin,week,18,19,0.029411764705882363
HHS Region 1,Season onset,Bin,week,19,20,0.029411764705882363
HHS Region 1,Season onset,Bin,week,20,21,0.029411764705882363
HHS Region 1,Season onset,Bin,week,none,none,0.029411764705882363
HHS Region 1,Season peak week,Point,week,,,4.4999999999999885
HHS Region 1,Season peak week,Bin,week,40,41,0.030303030303030307
HHS Region 1,Season peak week,Bin,week,41,42,0.030303030303030307
HHS Region 1,Season peak week,Bin,week,42,43,0.030303030303030307
HHS Region 1,Season peak week,Bin,week,43,44,0.030303030303030307
HHS Region 1,Season peak week,Bin,week,44,45,0.030303030303030307
HHS Region 1,Season peak week,Bin,week,45,46,0.030303030303030307
HHS Region 1,Season peak week,Bin,week,46,47,0.030303030303030307
HHS Region 1,Season peak week,Bin,week,47,48,0.030303030303030307
HHS Region 1,Season peak week,Bin,week,48,49,0.030303030303030307
HHS Region 1,Season peak week,Bin,week,49,50,0.030303030303030307
HHS Region 1,Season peak week,Bin,week,50,51,0.030303030303030307
HHS Region 1,Season peak week,Bin,week,51,52,0.030303030303030307
HHS Region 1,Season peak week,Bin,week,52,53,0.030303030303030307
HHS Region 1,Season peak week,Bin,week,1,2,0.030303030303030307
HHS Region 1,Season peak week,Bin,week,2,3,0.030303030303030307
HHS Region 1,Season peak week,Bin,week,3,4,0.030303030303030307
HHS Region 1,Season peak week,Bin,week,4,5,0.030303030303030307
HHS Region 1,Season peak week,Bin,week,5,6,0.030303030303030307
HHS Region 1,Season peak week,Bin,week,6,7,0.030303030303030307
HHS Region 1,Season peak week,Bin,week,7,8,0.030303030303030307
HHS Region 1,Season peak week,Bin,week,8,9,0.030303030303030307
HHS Region 1,Season peak week,Bin,week,9,10,0.030303030303030307
HHS Region 1,Season peak week,Bin,week,10,11,0.030303030303030307
HHS Region 1,Season peak week,Bin,week,11,12,0.030303030303030307
HHS Region 1,Season peak week,Bin,week,12,13,0.030303030303030307
HHS Region 1,Season peak week,Bin,week,13,14,0.030303030303030307
HHS Region 1,Season peak week,Bin,week,14,15,0.030303030303030307
HHS Region 1,Season peak week,Bin,week,15,16,0.030303030303030307
HHS Region 1,Season peak week,Bin,week,16,17,0.030303030303030307
HHS Region 1,Season peak week,Bin,week,17,18,0.030303030303030307
HHS Region 1,Season peak week,Bin,week,18,19,0.030303030303030307
HHS Region 1,Season peak week,Bin,week,19,20,0.030303030303030307
HHS Region 1,Season peak week,Bin,week,20,21,0.030303030303030307
HHS Region 1,Season peak percentage,Point,percent,,,6.5500000000000025
HHS Region 1,Season peak percentage,Bin,percent,0,0.1,0.0076335877862595426
HHS Region 1,Season peak percentage,Bin,percent,0.1,0.2,0.0076335877862595426
HHS Region 1,Season peak percentage,Bin,percent,0.2,0.3,0.0076335877862595426
HHS Region 1,Season peak percentage,Bin,percent,0.3,0.4,0.0076335877862595426
HHS Region 1,Season peak percentage,Bin,percent,0.4,0.5,0.0076335877862595426
HHS Region 1,Season peak percentage,Bin,percent,0.5,0.6,0.0076335877862595426
HHS Region 1,Season peak percentage,Bin,percent,0.6,0.7,0.0076335877862595426
HHS Region 1,Season peak percentage,Bin,percent,0.7,0.8,0.0076335877862595426
HHS Region 1,Season peak percentage,Bin,percent,0.8,0.9,0.0076335877862595426
HHS Region 1,Season peak percentage,Bin,percent,0.9,1,0.0076335877862595426
HHS Region 1,Season peak percentage,Bin,percent,1,1.1,0.0076335877862595426
HHS Region 1,Season peak percentage,Bin,percent,1.1,1.2,0.0076335877862595426
HHS Region 1,Season peak percentage,Bin,percent,1.2,1.3,0.0076335877862595426
HHS Region 1,Season peak percentage,Bin,percent,1.3,1.4,0.0076335877862595426
HHS Region 1,Season peak percentage,Bin,percent,1.4,1.5,0.0076335877862595426
HHS Region 1,Season peak percentage,Bin,percent,1.5,1.6,0.0076335877862595426
HHS Region 1,Season peak percentage,Bin,percent,1.6,1.7,0.0076335877862595426
HHS Region 1,Season peak percentage,Bin,percent,1.7,1.8,0.0076335877862595426
HHS Region 1,Season peak percentage,Bin,percent,1.8,1.9,0.0076335877862595426
HHS Region 1,Season peak percentage,Bin,percent,1.9,2,0.0076335877862595426
HHS Region 1,Season peak percentage,Bin,percent,2,2.1,0.0076335877862595426
HHS Region 1,Season peak percentage,Bin,percent,2.1,2.2,0.0076335877862595426
HHS Region 1,Season peak percentage,Bin,percent,2.2,2.3,0.0076335877862595426
HHS Region 1,Season peak percentage,Bin,percent,2.3,2.4,0.0076335877862595426
HHS Region 1,Season peak percentage,Bin,percent,2.4,2.5,0.0076335877862595426
HHS Region 1,Season peak percentage,Bin,percent,2.5,2.6,0.0076335877862595426
HHS Region 1,Season peak percentage,Bin,percent,2.6,2.7,0.0076335877862595426
HHS Region 1,Season peak percentage,Bin,percent,2.7,2.8,0.0076335877862595426
HHS Region 1,Season peak percentage,Bin,percent,2.8,2.9,0.0076335877862595426
HHS Region 1,Season peak percentage,Bin,percent,2.9,3,0.0076335877862595426
HHS Region 1,Season peak percentage,Bin,percent,3,3.1,0.0076335877862595426
HHS Region 1,Season peak percentage,Bin,percent,3.1,3.2,0.0076335877862595426
HHS Region 1,Season peak percentage,Bin,percent,3.2,3.3,0.0076335877862595426
HHS Region 1,Season peak percentage,Bin,percent,3.3,3.4,0.0076335877862595426
HHS Region 1,Season peak percentage,Bin,percent,3.4,3.5,0.0076335877862595426
HHS Region 1,Season peak percentage,Bin,percent,3.5,3.6,0.0076335877862595426
HHS Region 1,Season peak percentage,Bin,percent,3.6,3.7,0.0076335877862595426
HHS Region 1,Season peak percentage,Bin,percent,3.7,3.8,0.0076335877862595426
HHS Region 1,Season peak percentage,Bin,percent,3.8,3.9,0.0076335877862595426
HHS Region 1,Season peak percentage,Bin,percent,3.9,4,0.0076335877862595426
HHS Region 1,Season peak percentage,Bin,percent,4,4.1,0.0076335877862595426
HHS Region 1,Season peak percentage,Bin,percent,4.1,4.2,0.0076335877862595426
HHS Region 1,Season peak percentage,Bin,percent,4.2,4.3,0.0076335877862595426
HHS Region 1,Season peak percentage,Bin,percent,4.3,4.4,0.0076335877862595426
HHS Region 1,Season peak percentage,Bin,percent,4.4,4.5,0.0076335877862595426
HHS Region 1,Season peak percentage,Bin,percent,4.5,4.6,0.0076335877862595426
HHS Region 1,Season peak percentage,Bin,percent,4.6,4.7,0.0076335877862595426
HHS Region 1,Season peak percentage,Bin,percent,4.7,4.8,0.0076335877862595426
HHS Region 1,Season peak percentage,Bin,percent,4.8,4.9,0.0076335877862595426
HHS Region 1,Season peak percentage,Bin,percent,4.9,5,0.0076335877862595426
HHS Region 1,Season peak percentage,Bin,percent,5,5.1,0.0076335877862595426
HHS Region 1,Season peak percentage,Bin,percent,5.1,5.2,0.0076335877862595426
HHS Region 1,Season peak percentage,Bin,percent,5.2,5.3,0.0076335877862595426
HHS Region 1,Season peak percentage,Bin,percent,5.3,5.4,0.0076335877862595426
HHS Region 1,Season peak percentage,Bin,percent,5.4,5.5,0.0076335877862595426
HHS Region 1,Season peak percentage,Bin,percent,5.5,5.6,0.0076335877862595426
HHS Region 1,Season peak percentage,Bin,percent,5.6,5.7,0.0076335877862595426
HHS Region 1,Season peak percentage,Bin,percent,5.7,5.8,0.0076335877862595426
HHS Region 1,Season peak percentage,Bin,percent,5.8,5.9,0.0076335877862595426
HHS Region 1,Season peak percentage,Bin,percent,5.9,6,0.0076335877862595426
HHS Region 1,Season peak percentage,Bin,percent,6,6.1,0.0076335877862595426
HHS Region 1,Season peak percentage,Bin,percent,6.1,6.2,0.0076335877862595426
HHS Region 1,Season peak percentage,Bin,percent,6.2,6.3,0.0076335877862595426
HHS Region 1,Season peak percentage,Bin,percent,6.3,6.4,0.0076335877862595426
HHS Region 1,Season peak percentage,Bin,percent,6.4,6.5,0.0076335877862595426
HHS Region 1,Season peak percentage,Bin,percent,6.5,6.6,0.0076335877862595426
HHS Region 1,Season peak percentage,Bin,percent,6.6,6.7,0.0076335877862595426
HHS Region 1,Season peak percentage,Bin,percent,6.7,6.8,0.0076335877862595426
HHS Region 1,Season peak percentage,Bin,percent,6.8,6.9,0.0076335877862595426
HHS Region 1,Season peak percentage,Bin,percent,6.9,7,0.0076335877862595426
HHS Region 1,Season peak percentage,Bin,percent,7,7.1,0.0076335877862595426
HHS Region 1,Season peak percentage,Bin,percent,7.1,7.2,0.0076335877862595426
HHS Region 1,Season peak percentage,Bin,percent,7.2,7.3,0.0076335877862595426
HHS Region 1,Season peak percentage,Bin,percent,7.3,7.4,0.0076335877862595426
HHS Region 1,Season peak percentage,Bin,percent,7.4,7.5,0.0076335877862595426
HHS Region 1,Season peak percentage,Bin,percent,7.5,7.6,0.0076335877862595426
HHS Region 1,Season peak percentage,Bin,percent,7.6,7.7,0.0076335877862595426
HHS Region 1,Season peak percentage,Bin,percent,7.7,7.8,0.0076335877862595426
HHS Region 1,Season peak percentage,Bin,percent,7.8,7.9,0.0076335877862595426
HHS Region 1,Season peak percentage,Bin,percent,7.9,8,0.0076335877862595426
HHS Region 1,Season peak percentage,Bin,percent,8,8.1,0.0076335877862595426
HHS Region 1,Season peak percentage,Bin,percent,8.1,8.2,0.0076335877862595426
HHS Region 1,Season peak percentage,Bin,percent,8.2,8.3,0.0076335877862595426
HHS Region 1,Season peak percentage,Bin,percent,8.3,8.4,0.0076335877862595426
HHS Region 1,Season peak percentage,Bin,percent,8.4,8.5,0.0076335877862595426
HHS Region 1,Season peak percentage,Bin,percent,8.5,8.6,0.0076335877862595426
HHS Region 1,Season peak percentage,Bin,percent,8.6,8.7,0.0076335877862595426
HHS Region 1,Season peak percentage,Bin,percent,8.7,8.8,0.0076335877862595426
HHS Region 1,Season peak percentage,Bin,percent,8.8,8.9,0.0076335877862595426
HHS Region 1,Season peak percentage,Bin,percent,8.9,9,0.0076335877862595426
HHS Region 1,Season peak percentage,Bin,percent,9,9.1,0.0076335877862595426
HHS Region 1,Season peak percentage,Bin,percent,9.1,9.2,0.0076335877862595426
HHS Region 1,Season peak percentage,Bin,percent,9.2,9.3,0.0076335877862595426
HHS Region 1,Season peak percentage,Bin,percent,9.3,9.4,0.0076335877862595426
HHS Region 1,Season peak percentage,Bin,percent,9.4,9.5,0.0076335877862595426
HHS Region 1,Season peak percentage,Bin,percent,9.5,9.6,0.0076335877862595426
HHS Region 1,Season peak percentage,Bin,percent,9.6,9.7,0.0076335877862595426
HHS Region 1,Season peak percentage,Bin,percent,9.7,9.8,0.0076335877862595426
HHS Region 1,Season peak percentage,Bin,percent,9.8,9.9,0.0076335877862595426
HHS Region 1,Season peak percentage,Bin,percent,9.9,10,0.0076335877862595426
HHS Region 1,Season peak percentage,Bin,percent,10,10.1,0.0076335877862595426
HHS Region 1,Season peak percentage,Bin,percent,10.1,10.2,0.0076335877862595426
HHS Region 1,Season peak percentage,Bin,percent,10.2,10.3,0.0076335877862595426
HHS Region 1,Season peak percentage,Bin,percent,10.3,10.4,0.0076335877862595426
HHS Region 1,Season peak percentage,Bin,percent,10.4,10.5,0.0076335877862595426
HHS Region 1,Season peak percentage,Bin,percent,10.5,10.6,0.0076335877862595426
HHS Region 1,Season peak percentage,Bin,percent,10.6,10.7,0.0076335877862595426
HHS Region 1,Season peak percentage,Bin,percent,10.7,10.8,0.0076335877862595426
HHS Region 1,Season peak percentage,Bin,percent,10.8,10.9,0.0076335877862595426
HHS Region 1,Season peak percentage,Bin,percent,10.9,11,0.0076335877862595426
HHS Region 1,Season peak percentage,Bin,percent,11,11.1,0.0076335877862595426
HHS Region 1,Season peak percentage,Bin,percent,11.1,11.2,0.0076335877862595426
HHS Region 1,Season peak percentage,Bin,percent,11.2,11.3,0.0076335877862595426
HHS Region 1,Season peak percentage,Bin,percent,11.3,11.4,0.0076335877862595426
HHS Region 1,Season peak percentage,Bin,percent,11.4,11.5,0.0076335877862595426
HHS Region 1,Season peak percentage,Bin,percent,11.5,11.6,0.0076335877862595426
HHS Region 1,Season peak percentage,Bin,percent,11.6,11.7,0.0076335877862595426
HHS Region 1,Season peak percentage,Bin,percent,11.7,11.8,0.0076335877862595426
HHS Region 1,Season peak percentage,Bin,percent,11.8,11.9,0.0076335877862595426
HHS Region 1,Season peak percentage,Bin,percent,11.9,12,0.0076335877862595426
HHS Region 1,Season peak percentage,Bin,percent,12,12.1,0.0076335877862595426
HHS Region 1,Season peak percentage,Bin,percent,12.1,12.2,0.0076335877862595426
HHS Region 1,Season peak percentage,Bin,percent,12.2,12.3,0.0076335877862595426
HHS Region 1,Season peak percentage,Bin,percent,12.3,12.4,0.0076335877862595426
HHS Region 1,Season peak percentage,Bin,percent,12.4,12.5,0.0076335877862595426
HHS Region 1,Season peak percentage,Bin,percent,12.5,12.6,0.0076335877862595426
HHS Region 1,Season peak percentage,Bin,percent,12.6,12.7,0.0076335877862595426
HHS Region 1,Season peak percentage,Bin,percent,12.7,12.8,0.0076335877862595426
HHS Region 1,Season peak percentage,Bin,percent,12.8,12.9,0.0076335877862595426
HHS Region 1,Season peak percentage,Bin,percent,12.9,13,0.0076335877862595426
HHS Region 1,Season peak percentage,Bin,percent,13,100,0.0076335877862595426
HHS Region 1,1 wk ahead,Point,percent,,,2.2725394934486784
HHS Region 1,1 wk ahead,Bin,percent,0,0.1,0.00041204130647058457
HHS Region 1,1 wk ahead,Bin,percent,0.1,0.2,0.0006240424591240593
HHS Region 1,1 wk ahead,Bin,percent,0.2,0.3,0.00093013290702589
HHS Region 1,1 wk ahead,Bin,percent,0.3,0.4,0.0013627799478663429
HHS Region 1,1 wk ahead,Bin,percent,0.4,0.5,0.0019613186045177497
HHS Region 1,1 wk ahead,Bin,percent,0.5,0.6,0.002771554682390682
HHS Region 1,1 wk ahead,Bin,percent,0.6,0.7,0.003844454096245647
HHS Region 1,1 wk ahead,Bin,percent,0.7,0.8,0.005233695735114244
HHS Region 1,1 wk ahead,Bin,percent,0.8,0.9,0.006991948419428353
HHS Region 1,1 wk ahead,Bin,percent,0.9,1,0.009165874545149923
HHS Region 1,1 wk ahead,Bin,percent,1,1.1,0.011790058965910705
HHS Region 1,1 wk ahead,Bin,percent,1.1,1.2,0.014880293116544591
HHS Region 1,1 wk ahead,Bin,percent,1.2,1.3,0.01842687870953361
HHS Region 1,1 wk ahead,Bin,percent,1.3,1.4,0.02238880852453389
HHS Region 1,1 wk ahead,Bin,percent,1.4,1.5,0.026689785078791488
HHS Region 1,1 wk ahead,Bin,percent,1.5,1.6,0.031217007613906906
HHS Region 1,1 wk ahead,Bin,percent,1.6,1.7,0.03582346658931858
HHS Region 1,1 wk ahead,Bin,percent,1.7,1.8,0.04033413208766782
HHS Region 1,1 wk ahead,Bin,percent,1.8,1.9,0.04455594025703473
HHS Region 1,1 wk ahead,Bin,percent,1.9,2,0.0482909343019759
HHS Region 1,1 wk ahead,Bin,percent,2,2.1,0.05135139147752698
HHS Region 1,1 wk ahead,Bin,percent,2.1,2.2,0.05357536122750988
HHS Region 1,1 wk ahead,Bin,percent,2.2,2.3,0.05484083692199235
HHS Region 1,1 wk ahead,Bin,percent,2.3,2.4,0.05507683876820645
HHS Region 1,1 wk ahead,Bin,percent,2.4,2.5,0.054270007579581364
HHS Region 1,1 wk ahead,Bin,percent,2.5,2.6,0.05246585720499625
HHS Region 1,1 wk ahead,Bin,percent,2.6,2.7,0.049764522266174116
HHS Region 1,1 wk ahead,Bin,percent,2.7,2.8,0.046311553919025986
HHS Region 1,1 wk ahead,Bin,percent,2.8,2.9,0.04228494062833487
HHS Region 1,1 wk ahead,Bin,percent,2.9,3,0.03787996292535743
HHS Region 1,1 wk ahead,Bin,percent,3,3.1,0.03329366846302016
HHS Region 1,1 wk ahead,Bin,percent,3.1,3.2,0.028710662956629624
HHS Region 1,1 wk ahead,Bin,percent,3.2,3.3,0.024291588993747712
HHS Region 1,1 wk ahead,Bin,percent,3.3,3.4,0.0201651814618856
HHS Region 1,1 wk ahead,Bin,percent,3.4,3.5,0.016424239097225773
HHS Region 1,1 wk ahead,Bin,percent,3.5,3.6,0.013125330279720708
HHS Region 1,1 wk ahead,Bin,percent,3.6,3.7,0.010291634049484329
HHS Region 1,1 wk ahead,Bin,percent,3.7,3.8,0.007918051451654374
HHS Region 1,1 wk ahead,Bin,percent,3.8,3.9,0.005977621421663343
HHS Region 1,1 wk ahead,Bin,percent,3.9,4,0.0044283231464275295
HHS Region 1,1 wk ahead,Bin,percent,4,4.1,0.003219505480755657
HHS Region 1,1 wk ahead,Bin,percent,4.1,4.2,0.002297405710976337
HHS Region 1,1 wk ahead,Bin,percent,4.2,4.3,0.0016094575354020527
HHS Region 1,1 wk ahead,Bin,percent,4.3,4.4,0.0011073032396256683
HHS Region 1,1 wk ahead,Bin,percent,4.4,4.5,0.0007485927533321565
HHS Region 1,1 wk ahead,Bin,percent,4.5,4.6,0.0004977618811715973
HHS Region 1,1 wk ahead,Bin,percent,4.6,4.7,0.0003260349441915504
HHS Region 1,1 wk ahead,Bin,percent,4.7,4.8,0.00021090316926670826
HHS Region 1,1 wk ahead,Bin,percent,4.8,4.9,0.00013530341403250454
HHS Region 1,1 wk ahead,Bin,percent,4.9,5,8.667670714415312e-05
HHS Region 1,1 wk ahead,Bin,percent,5,5.1,5.6035030769624514e-05
HHS Region 1,1 wk ahead,Bin,percent,5.1,5.2,3.7116763622998136e-05
HHS Region 1,1 wk ahead,Bin,percent,5.2,5.3,2.5671541129430065e-05
HHS Region 1,1 wk ahead,Bin,percent,5.3,5.4,1.8886075360575668e-05
HHS Region 1,1 wk ahead,Bin,percent,5.4,5.5,1.4943479199508436e-05
HHS Region 1,1 wk ahead,Bin,percent,5.5,5.6,1.269823557534278e-05
HHS Region 1,1 wk ahead,Bin,percent,5.6,5.7,1.1444945446449516e-05
HHS Region 1,1 wk ahead,Bin,percent,5.7,5.8,1.0759184742238646e-05
HHS Region 1,1 wk ahead,Bin,percent,5.8,5.9,1.0391352331586426e-05
HHS Region 1,1 wk ahead,Bin,percent,5.9,6,1.019793054192869e-05
HHS Region 1,1 wk ahead,Bin,percent,6,6.1,1.0098215975777966e-05
HHS Region 1,1 wk ahead,Bin,percent,6.1,6.2,1.0047816291623919e-05
HHS Region 1,1 wk ahead,Bin,percent,6.2,6.3,1.002283989384882e-05
HHS Region 1,1 wk ahead,Bin,percent,6.3,6.4,1.0010703768424267e-05
HHS Region 1,1 wk ahead,Bin,percent,6.4,6.5,1.000492157108029e-05
HHS Region 1,1 wk ahead,Bin,percent,6.5,6.6,1.0002220216126916e-05
HHS Region 1,1 wk ahead,Bin,percent,6.6,6.7,1.0000982677874485e-05
HHS Region 1,1 wk ahead,Bin,percent,6.7,6.8,1.000042672838932e-05
HHS Region 1,1 wk ahead,Bin,percent,6.8,6.9,1.0000181809398095e-05
HHS Region 1,1 wk ahead,Bin,percent,6.9,7,1.0000075998593582e-05
HHS Region 1,1 wk ahead,Bin,percent,7,7.1,1.0000031168737798e-05
HHS Region 1,1 wk ahead,Bin,percent,7.1,7.2,1.000001254172603e-05
HHS Region 1,1 wk ahead,Bin,percent,7.2,7.3,1.0000004951306798e-05
HHS Region 1,1 wk ahead,Bin,percent,7.3,7.4,1.000000191781539e-05
HHS Region 1,1 wk ahead,Bin,percent,7.4,7.5,1.0000000728816498e-05
HHS Region 1,1 wk ahead,Bin,percent,7.5,7.6,1.0000000271740283e-05
HHS Region 1,1 wk ahead,Bin,percent,7.6,7.7,1.0000000099406387e-05
HHS Region 1,1 wk ahead,Bin,percent,7.7,7.8,1.0000000035677876e-05
HHS Region 1,1 wk ahead,Bin,percent,7.8,7.9,1.0000000012563427e-05
HHS Region 1,1 wk ahead,Bin,percent,7.9,8,1.000000000434052e-05
HHS Region 1,1 wk ahead,Bin,percent,8,8.1,1.0000000001471297e-05
HHS Region 1,1 wk ahead,Bin,percent,8.1,8.2,1.0000000000489308e-05
HHS Region 1,1 wk ahead,Bin,percent,8.2,8.3,1.0000000000159658e-05
HHS Region 1,1 wk ahead,Bin,percent,8.3,8.4,1.0000000000051112e-05
HHS Region 1,1 wk ahead,Bin,percent,8.4,8.5,1.0000000000016054e-05
HHS Region 1,1 wk ahead,Bin,percent,8.5,8.6,1.0000000000004947e-05
HHS Region 1,1 wk ahead,Bin,percent,8.6,8.7,1.0000000000001497e-05
HHS Region 1,1 wk ahead,Bin,percent,8.7,8.8,1.0000000000000445e-05
HHS Region 1,1 wk ahead,Bin,percent,8.8,8.9,1.000000000000013e-05
HHS Region 1,1 wk ahead,Bin,percent,8.9,9,1.0000000000000038e-05
HHS Region 1,1 wk ahead,Bin,percent,9,9.1,1.0000000000000013e-05
HHS Region 1,1 wk ahead,Bin,percent,9.1,9.2,1.0000000000000003e-05
HHS Region 1,1 wk ahead,Bin,percent,9.2,9.3,1e-05
HHS Region 1,1 wk ahead,Bin,percent,9.3,9.4,1e-05
HHS Region 1,1 wk ahead,Bin,percent,9.4,9.5,1e-05
HHS Region 1,1 wk ahead,Bin,percent,9.5,9.6,1e-05
HHS Region 1,1 wk ahead,Bin,percent,9.6,9.7,1e-05
HHS Region 1,1 wk ahead,Bin,percent,9.7,9.8,1e-05
HHS Region 1,1 wk ahead,Bin,percent,9.8,9.9,1e-05
HHS Region 1,1 wk ahead,Bin,percent,9.9,10,1e-05
HHS Region 1,1 wk ahead,Bin,percent,10,10.1,1e-05
HHS Region 1,1 wk ahead,Bin,percent,10.1,10.2,1e-05
HHS Region 1,1 wk ahead,Bin,percent,10.2,10.3,1e-05
HHS Region 1,1 wk ahead,Bin,percent,10.3,10.4,1e-05
HHS Region 1,1 wk ahead,Bin,percent,10.4,10.5,1e-05
HHS Region 1,1 wk ahead,Bin,percent,10.5,10.6,1e-05
HHS Region 1,1 wk ahead,Bin,percent,10.6,10.7,1e-05
HHS Region 1,1 wk ahead,Bin,percent,10.7,10.8,1e-05
HHS Region 1,1 wk ahead,Bin,percent,10.8,10.9,1e-05
HHS Region 1,1 wk ahead,Bin,percent,10.9,11,1e-05
HHS Region 1,1 wk ahead,Bin,percent,11,11.1,1e-05
HHS Region 1,1 wk ahead,Bin,percent,11.1,11.2,1e-05
HHS Region 1,1 wk ahead,Bin,percent,11.2,11.3,1e-05
HHS Region 1,1 wk ahead,Bin,percent,11.3,11.4,1e-05
HHS Region 1,1 wk ahead,Bin,percent,11.4,11.5,1e-05
HHS Region 1,1 wk ahead,Bin,percent,11.5,11.6,1e-05
HHS Region 1,1 wk ahead,Bin,percent,11.6,11.7,1e-05
HHS Region 1,1 wk ahead,Bin,percent,11.7,11.8,1e-05
HHS Region 1,1 wk ahead,Bin,percent,11.8,11.9,1e-05
HHS Region 1,1 wk ahead,Bin,percent,11.9,12,1e-05
HHS Region 1,1 wk ahead,Bin,percent,12,12.1,1e-05
HHS Region 1,1 wk ahead,Bin,percent,12.1,12.2,1e-05
HHS Region 1,1 wk ahead,Bin,percent,12.2,12.3,1e-05
HHS Region 1,1 wk ahead,Bin,percent,12.3,12.4,1e-05
HHS Region 1,1 wk ahead,Bin,percent,12.4,12.5,1e-05
HHS Region 1,1 wk ahead,Bin,percent,12.5,12.6,1e-05
HHS Region 1,1 wk ahead,Bin,percent,12.6,12.7,1e-05
HHS Region 1,1 wk ahead,Bin,percent,12.7,12.8,1e-05
HHS Region 1,1 wk ahead,Bin,percent,12.8,12.9,1e-05
HHS Region 1,1 wk ahead,Bin,percent,12.9,13,1e-05
HHS Region 1,1 wk ahead,Bin,percent,13,100,1e-05
HHS Region 1,2 wk ahead,Point,percent,,,2.000666670175841
HHS Region 1,2 wk ahead,Bin,percent,0,0.1,0.00368791716538528
HHS Region 1,2 wk ahead,Bin,percent,0.1,0.2,0.004706170815104525
HHS Region 1,2 wk ahead,Bin,percent,0.2,0.3,0.0059316742124890355
HHS Region 1,2 wk ahead,Bin,percent,0.3,0.4,0.007384011653295784
HHS Region 1,2 wk ahead,Bin,percent,0.4,0.5,0.009078215086275659
HHS Region 1,2 wk ahead,Bin,percent,0.5,0.6,0.01102281868760757
HHS Region 1,2 wk ahead,Bin,percent,0.6,0.7,0.013217902357745826
HHS Region 1,2 wk ahead,Bin,percent,0.7,0.8,0.015653282705359983
HHS Region 1,2 wk ahead,Bin,percent,0.8,0.9,0.018307030922062185
HHS Region 1,2 wk ahead,Bin,percent,0.9,1,0.02114450273430365
HHS Region 1,2 wk ahead,Bin,percent,1,1.1,0.02411805255982297
HHS Region 1,2 wk ahead,Bin,percent,1.1,1.2,0.02716757009463775
HHS Region 1,2 wk ahead,Bin,percent,1.2,1.3,0.030221923228844674
HHS Region 1,2 wk ahead,Bin,percent,1.3,1.4,0.03320131962994896
HHS Region 1,2 wk ahead,Bin,percent,1.4,1.5,0.03602051649607303
HHS Region 1,2 wk ahead,Bin,percent,1.5,1.6,0.038592722128273305
HHS Region 1,2 wk ahead,Bin,percent,1.6,1.7,0.0408339537872508
HHS Region 1,2 wk ahead,Bin,percent,1.7,1.8,0.04266755368609084
HHS Region 1,2 wk ahead,Bin,percent,1.8,1.9,0.0440285276653216
HHS Region 1,2 wk ahead,Bin,percent,1.9,2,0.044867365340584116
HHS Region 1,2 wk ahead,Bin,percent,2,2.1,0.04515302898587035
HHS Region 1,2 wk ahead,Bin,percent,2.1,2.2,0.044874859634356334
HHS Region 1,2 wk ahead,Bin,percent,2.2,2.3,0.04404323719328065
HHS Region 1,2 wk ahead,Bin,percent,2.3,2.4,0.042688937575866906
HHS Region 1,2 wk ahead,Bin,percent,2.4,2.5,0.040861242361187
HHS Region 1,2 wk ahead,Bin,percent,2.5,2.6,0.038624962863371706
HHS Region 1,2 wk ahead,Bin,percent,2.6,2.7,0.036056629111900516
HHS Region 1,2 wk ahead,Bin,percent,2.7,2.8,0.033240155871062264
HHS Region 1,2 wk ahead,Bin,percent,2.8,2.9,0.03026232675524703
HHS Region 1,2 wk ahead,Bin,percent,2.9,3,0.02720843218832131
HHS Region 1,2 wk ahead,Bin,percent,3,3.1,0.024158360036507447
HHS Region 1,2 wk ahead,Bin,percent,3.1,3.2,0.021183375414652747
HHS Region 1,2 wk ahead,Bin,percent,3.2,3.3,0.01834374713867485
HHS Region 1,2 wk ahead,Bin,percent,3.3,3.4,0.01568729246712848
HHS Region 1,2 wk ahead,Bin,percent,3.4,3.5,0.013248828839597151
HHS Region 1,2 wk ahead,Bin,percent,3.5,3.6,0.011050449564717835
HHS Region 1,2 wk ahead,Bin,percent,3.6,3.7,0.009102485825806623
HHS Region 1,2 wk ahead,Bin,percent,3.7,3.8,0.007404983189651529
HHS Region 1,2 wk ahead,Bin,percent,3.8,3.9,0.005949507475535464
HHS Region 1,2 wk ahead,Bin,percent,3.9,4,0.004721100394767651
HHS Region 1,2 wk ahead,Bin,percent,4,4.1,0.003700226039470673
HHS Region 1,2 wk ahead,Bin,percent,4.1,4.2,0.0028645802890330165
HHS Region 1,2 wk ahead,Bin,percent,4.2,4.3,0.002190671461776252
HHS Region 1,2 wk ahead,Bin,percent,4.3,4.4,0.0016551174205809796
HHS Region 1,2 wk ahead,Bin,percent,4.4,4.5,0.0012356380812020243
HHS Region 1,2 wk ahead,Bin,percent,4.5,4.6,0.0009117502576042496
HHS Region 1,2 wk ahead,Bin,percent,4.6,4.7,0.0006651926059979338
HHS Region 1,2 wk ahead,Bin,percent,4.7,4.8,0.00048012179325514806
HHS Region 1,2 wk ahead,Bin,percent,4.8,4.9,0.0003431274836527168
HHS Region 1,2 wk ahead,Bin,percent,4.9,5,0.00024311446796302622
HHS Region 1,2 wk ahead,Bin,percent,5,5.1,0.0001710967118574617
HHS Region 1,2 wk ahead,Bin,percent,5.1,5.2,0.00011994179105590625
HHS Region 1,2 wk ahead,Bin,percent,5.2,5.3,8.409648787326448e-05
HHS Region 1,2 wk ahead,Bin,percent,5.3,5.4,5.9316372289543736e-05
HHS Region 1,2 wk ahead,Bin,percent,5.4,5.5,4.2414796947710655e-05
HHS Region 1,2 wk ahead,Bin,percent,5.5,5.6,3.104040873652158e-05
HHS Region 1,2 wk ahead,Bin,percent,5.6,5.7,2.3487259790249765e-05
HHS Region 1,2 wk ahead,Bin,percent,5.7,5.8,1.853791756619349e-05
HHS Region 1,2 wk ahead,Bin,percent,5.8,5.9,1.5337512137374327e-05
HHS Region 1,2 wk ahead,Bin,percent,5.9,6,1.329522047646247e-05
HHS Region 1,2 wk ahead,Bin,percent,6,6.1,1.2009040832069735e-05
HHS Region 1,2 wk ahead,Bin,percent,6.1,6.2,1.120962772707e-05
HHS Region 1,2 wk ahead,Bin,percent,6.2,6.3,1.071923926180171e-05
HHS Region 1,2 wk ahead,Bin,percent,6.3,6.4,1.0422331742119333e-05
HHS Region 1,2 wk ahead,Bin,percent,6.4,6.5,1.0244902232964707e-05
HHS Region 1,2 wk ahead,Bin,percent,6.5,6.6,1.0140245989134928e-05
HHS Region 1,2 wk ahead,Bin,percent,6.6,6.7,1.0079313449474263e-05
HHS Region 1,2 wk ahead,Bin,percent,6.7,6.8,1.0044295734858747e-05
HHS Region 1,2 wk ahead,Bin,percent,6.8,6.9,1.0024430686300232e-05
HHS Region 1,2 wk ahead,Bin,percent,6.9,7,1.0013306630800172e-05
HHS Region 1,2 wk ahead,Bin,percent,7,7.1,1.0007157464970153e-05
HHS Region 1,2 wk ahead,Bin,percent,7.1,7.2,1.0003801973091984e-05
HHS Region 1,2 wk ahead,Bin,percent,7.2,7.3,1.0001994424177853e-05
HHS Region 1,2 wk ahead,Bin,percent,7.3,7.4,1.0001033200733097e-05
HHS Region 1,2 wk ahead,Bin,percent,7.4,7.5,1.0000528579802997e-05
HHS Region 1,2 wk ahead,Bin,percent,7.5,7.6,1.0000267051552847e-05
HHS Region 1,2 wk ahead,Bin,percent,7.6,7.7,1.000013324113832e-05
HHS Region 1,2 wk ahead,Bin,percent,7.7,7.8,1.0000065650833593e-05
HHS Region 1,2 wk ahead,Bin,percent,7.8,7.9,1.0000031944848967e-05
HHS Region 1,2 wk ahead,Bin,percent,7.9,8,1.0000015350414862e-05
HHS Region 1,2 wk ahead,Bin,percent,8,8.1,1.0000007284472017e-05
HHS Region 1,2 wk ahead,Bin,percent,8.1,8.2,1.0000003413773674e-05
HHS Region 1,2 wk ahead,Bin,percent,8.2,8.3,1.0000001579901656e-05
HHS Region 1,2 wk ahead,Bin,percent,8.3,8.4,1.0000000722077924e-05
HHS Region 1,2 wk ahead,Bin,percent,8.4,8.5,1.0000000325909309e-05
HHS Region 1,2 wk ahead,Bin,percent,8.5,8.6,1.0000000145267396e-05
HHS Region 1,2 wk ahead,Bin,percent,8.6,8.7,1.0000000063943767e-05
HHS Region 1,2 wk ahead,Bin,percent,8.7,8.8,1.0000000027796298e-05
HHS Region 1,2 wk ahead,Bin,percent,8.8,8.9,1.0000000011932584e-05
HHS Region 1,2 wk ahead,Bin,percent,8.9,9,1.000000000505872e-05
HHS Region 1,2 wk ahead,Bin,percent,9,9.1,1.00000000021179e-05
HHS Region 1,2 wk ahead,Bin,percent,9.1,9.2,1.0000000000875647e-05
HHS Region 1,2 wk ahead,Bin,percent,9.2,9.3,1.000000000035753e-05
HHS Region 1,2 wk ahead,Bin,percent,9.3,9.4,1.0000000000144162e-05
HHS Region 1,2 wk ahead,Bin,percent,9.4,9.5,1.0000000000057406e-05
HHS Region 1,2 wk ahead,Bin,percent,9.5,9.6,1.0000000000022574e-05
HHS Region 1,2 wk ahead,Bin,percent,9.6,9.7,1.0000000000008768e-05
HHS Region 1,2 wk ahead,Bin,percent,9.7,9.8,1.0000000000003364e-05
HHS Region 1,2 wk ahead,Bin,percent,9.8,9.9,1.0000000000001276e-05
HHS Region 1,2 wk ahead,Bin,percent,9.9,10,1.0000000000000477e-05
HHS Region 1,2 wk ahead,Bin,percent,10,10.1,1.0000000000000177e-05
HHS Region 1,2 wk ahead,Bin,percent,10.1,10.2,1.0000000000000063e-05
HHS Region 1,2 wk ahead,Bin,percent,10.2,10.3,1.0000000000000025e-05
HHS Region 1,2 wk ahead,Bin,percent,10.3,10.4,1.0000000000000013e-05
HHS Region 1,2 wk ahead,Bin,percent,10.4,10.5,1.0000000000000003e-05
HHS Region 1,2 wk ahead,Bin,percent,10.5,10.6,1.0000000000000003e-05
HHS Region 1,2 wk ahead,Bin,percent,10.6,10.7,1e-05
HHS Region 1,2 wk ahead,Bin,percent,10.7,10.8,1e-05
HHS Region 1,2 wk ahead,Bin,percent,10.8,10.9,1e-05
HHS Region 1,2 wk ahead,Bin,percent,10.9,11,1e-05
HHS Region 1,2 wk ahead,Bin,percent,11,11.1,1e-05
HHS Region 1,2 wk ahead,Bin,percent,11.1,11.2,1e-05
HHS Region 1,2 wk ahead,Bin,percent,11.2,11.3,1e-05
HHS Region 1,2 wk ahead,Bin,percent,11.3,11.4,1e-05
HHS Region 1,2 wk ahead,Bin,percent,11.4,11.5,1e-05
HHS Region 1,2 wk ahead,Bin,percent,11.5,11.6,1e-05
HHS Region 1,2 wk ahead,Bin,percent,11.6,11.7,1e-05
HHS Region 1,2 wk ahead,Bin,percent,11.7,11.8,1e-05
HHS Region 1,2 wk ahead,Bin,percent,11.8,11.9,1e-05
HHS Region 1,2 wk ahead,Bin,percent,11.9,12,1e-05
HHS Region 1,2 wk ahead,Bin,percent,12,12.1,1e-05
HHS Region 1,2 wk ahead,Bin,percent,12.1,12.2,1e-05
HHS Region 1,2 wk ahead,Bin,percent,12.2,12.3,1e-05
HHS Region 1,2 wk ahead,Bin,percent,12.3,12.4,1e-05
HHS Region 1,2 wk ahead,Bin,percent,12.4,12.5,1e-05
HHS Region 1,2 wk ahead,Bin,percent,12.5,12.6,1e-05
HHS Region 1,2 wk ahead,Bin,percent,12.6,12.7,1e-05
HHS Region 1,2 wk ahead,Bin,percent,12.7,12.8,1e-05
HHS Region 1,2 wk ahead,Bin,percent,12.8,12.9,1e-05
HHS Region 1,2 wk ahead,Bin,percent,12.9,13,1e-05
HHS Region 1,2 wk ahead,Bin,percent,13,100,1e-05
HHS Region 1,3 wk ahead,Point,percent,,,2.4995619232022226
HHS Region 1,3 wk ahead,Bin,percent,0,0.1,0.0018175807341238
HHS Region 1,3 wk ahead,Bin,percent,0.1,0.2,0.0023141089070157863
HHS Region 1,3 wk ahead,Bin,percent,0.2,0.3,0.002918072806081495
HHS Region 1,3 wk ahead,Bin,percent,0.3,0.4,0.00364416399381075
HHS Region 1,3 wk ahead,Bin,percent,0.4,0.5,0.0045067706806433796
HHS Region 1,3 wk ahead,Bin,percent,0.5,0.6,0.00551926843527899
HHS Region 1,3 wk ahead,Bin,percent,0.6,0.7,0.006693194492173123
HHS Region 1,3 wk ahead,Bin,percent,0.7,0.8,0.008037332271914638
HHS Region 1,3 wk ahead,Bin,percent,0.8,0.9,0.009556745678999142
HHS Region 1,3 wk ahead,Bin,percent,0.9,1,0.011251815158149985
HHS Region 1,3 wk ahead,Bin,percent,1,1.1,0.013117338054492972
HHS Region 1,3 wk ahead,Bin,percent,1.1,1.2,0.01514176313431986
HHS Region 1,3 wk ahead,Bin,percent,1.2,1.3,0.017306631849931645
HHS Region 1,3 wk ahead,Bin,percent,1.3,1.4,0.019586295979496026
HHS Region 1,3 wk ahead,Bin,percent,1.4,1.5,0.021947971954155068
HHS Region 1,3 wk ahead,Bin,percent,1.5,1.6,0.024352176369652617
HHS Region 1,3 wk ahead,Bin,percent,1.6,1.7,0.026753565398389623
HHS Region 1,3 wk ahead,Bin,percent,1.7,1.8,0.02910217429641456
HHS Region 1,3 wk ahead,Bin,percent,1.8,1.9,0.03134502381613531
HHS Region 1,3 wk ahead,Bin,percent,1.9,2,0.033428030486885515
HHS Region 1,3 wk ahead,Bin,percent,2,2.1,0.03529813011743202
HHS Region 1,3 wk ahead,Bin,percent,2.1,2.2,0.036905501248507284
HHS Region 1,3 wk ahead,Bin,percent,2.2,2.3,0.03820576011361216
HHS Region 1,3 wk ahead,Bin,percent,2.3,2.4,0.03916199286235349
HHS Region 1,3 wk ahead,Bin,percent,2.4,2.5,0.03974649545618664
HHS Region 1,3 wk ahead,Bin,percent,2.5,2.6,0.039942106869414726
HHS Region 1,3 wk ahead,Bin,percent,2.6,2.7,0.03974304607913488
HHS Region 1,3 wk ahead,Bin,percent,2.7,2.8,0.03915519588025595
HHS Region 1,3 wk ahead,Bin,percent,2.8,2.9,0.038195814082360606
HHS Region 1,3 wk ahead,Bin,percent,2.9,3,0.036892691872791296
HHS Region 1,3 wk ahead,Bin,percent,3,3.1,0.035282816621087384
HHS Region 1,3 wk ahead,Bin,percent,3.1,3.2,0.03341062889572605
HHS Region 1,3 wk ahead,Bin,percent,3.2,3.3,0.031325988237624204
HHS Region 1,3 wk ahead,Bin,percent,3.3,3.4,0.02908197736781301
HHS Region 1,3 wk ahead,Bin,percent,3.4,3.5,0.02673267906867232
HHS Region 1,3 wk ahead,Bin,percent,3.5,3.6,0.024331054085980228
HHS Region 1,3 wk ahead,Bin,percent,3.6,3.7,0.02192703315454769
HHS Region 1,3 wk ahead,Bin,percent,3.7,3.8,0.019565913569198057
HHS Region 1,3 wk ahead,Bin,percent,3.8,3.9,0.017287123083105375
HHS Region 1,3 wk ahead,Bin,percent,3.9,4,0.015123384059442562
HHS Region 1,3 wk ahead,Bin,percent,4,4.1,0.013100281433865177
HHS Region 1,3 wk ahead,Bin,percent,4.1,4.2,0.011236211558210559
HHS Region 1,3 wk ahead,Bin,percent,4.2,4.3,0.009542667262391035
HHS Region 1,3 wk ahead,Bin,percent,4.3,4.4,0.008024798712121578
HHS Region 1,3 wk ahead,Bin,percent,4.4,4.5,0.006682180378670604
HHS Region 1,3 wk ahead,Bin,percent,4.5,4.6,0.005509711537722182
HHS Region 1,3 wk ahead,Bin,percent,4.6,4.7,0.004498580486588385
HHS Region 1,3 wk ahead,Bin,percent,4.7,4.8,0.003637230014941885
HHS Region 1,3 wk ahead,Bin,percent,4.8,4.9,0.0029122722506865193
HHS Region 1,3 wk ahead,Bin,percent,4.9,5,0.0023093134294047595
HHS Region 1,3 wk ahead,Bin,percent,5,5.1,0.00181366208397712
HHS Region 1,3 wk ahead,Bin,percent,5.1,5.2,0.001410906496147657
HHS Region 1,3 wk ahead,Bin,percent,5.2,5.3,0.0010873581367942156
HHS Region 1,3 wk ahead,Bin,percent,5.3,5.4,0.0008303666868820082
HHS Region 1,3 wk ahead,Bin,percent,5.4,5.5,0.0006285188080051332
HHS Region 1,3 wk ahead,Bin,percent,5.5,5.6,0.00047173710703820313
HHS Region 1,3 wk ahead,Bin,percent,5.6,5.7,0.0003512979018397346
HHS Region 1,3 wk ahead,Bin,percent,5.7,5.8,0.00025978677033036755
HHS Region 1,3 wk ahead,Bin,percent,5.8,5.9,0.00019100985502632344
HHS Region 1,3 wk ahead,Bin,percent,5.9,6,0.00013987692028410078
HHS Region 1,3 wk ahead,Bin,percent,6,6.1,0.00010226961672526009
HHS Region 1,3 wk ahead,Bin,percent,6.1,6.2,7.490563824621551e-05
HHS Region 1,3 wk ahead,Bin,percent,6.2,6.3,5.5206731341693056e-05
HHS Region 1,3 wk ahead,Bin,percent,6.3,6.4,4.11760264964747e-05
HHS Region 1,3 wk ahead,Bin,percent,6.4,6.5,3.1288025934257145e-05
HHS Region 1,3 wk ahead,Bin,percent,6.5,6.6,2.4392856415375038e-05
HHS Region 1,3 wk ahead,Bin,percent,6.6,6.7,1.9635085404581838e-05
HHS Region 1,3 wk ahead,Bin,percent,6.7,6.8,1.638647354853611e-05
HHS Region 1,3 wk ahead,Bin,percent,6.8,6.9,1.4191443732889374e-05
HHS Region 1,3 wk ahead,Bin,percent,6.9,7,1.2723724244672984e-05
HHS Region 1,3 wk ahead,Bin,percent,7,7.1,1.175250637431388e-05
HHS Region 1,3 wk ahead,Bin,percent,7.1,7.2,1.1116485402952858e-05
HHS Region 1,3 wk ahead,Bin,percent,7.2,7.3,1.0704276935889734e-05
HHS Region 1,3 wk ahead,Bin,percent,7.3,7.4,1.0439876596615469e-05
HHS Region 1,3 wk ahead,Bin,percent,7.4,7.5,1.0272029009266722e-05
HHS Region 1,3 wk ahead,Bin,percent,7.5,7.6,1.0166569912237996e-05
HHS Region 1,3 wk ahead,Bin,percent,7.6,7.7,1.0100989185029963e-05
HHS Region 1,3 wk ahead,Bin,percent,7.7,7.8,1.0060624776647214e-05
HHS Region 1,3 wk ahead,Bin,percent,7.8,7.9,1.0036034824325784e-05
HHS Region 1,3 wk ahead,Bin,percent,7.9,8,1.0021207605699456e-05
HHS Region 1,3 wk ahead,Bin,percent,8,8.1,1.0012358274707685e-05
HHS Region 1,3 wk ahead,Bin,percent,8.1,8.2,1.0007130517052013e-05
HHS Region 1,3 wk ahead,Bin,percent,8.2,8.3,1.0004073626191743e-05
HHS Region 1,3 wk ahead,Bin,percent,8.3,8.4,1.0002304296177123e-05
HHS Region 1,3 wk ahead,Bin,percent,8.4,8.5,1.0001290602190316e-05
HHS Region 1,3 wk ahead,Bin,percent,8.5,8.6,1.0000715720521678e-05
HHS Region 1,3 wk ahead,Bin,percent,8.6,8.7,1.0000392999063333e-05
HHS Region 1,3 wk ahead,Bin,percent,8.7,8.8,1.000021366654832e-05
HHS Region 1,3 wk ahead,Bin,percent,8.8,8.9,1.0000115021367513e-05
HHS Region 1,3 wk ahead,Bin,percent,8.9,9,1.0000061308048547e-05
HHS Region 1,3 wk ahead,Bin,percent,9,9.1,1.0000032355896094e-05
HHS Region 1,3 wk ahead,Bin,percent,9.1,9.2,1.000001690777053e-05
HHS Region 1,3 wk ahead,Bin,percent,9.2,9.3,1.0000008748150207e-05
HHS Region 1,3 wk ahead,Bin,percent,9.3,9.4,1.0000004481703192e-05
HHS Region 1,3 wk ahead,Bin,percent,9.4,9.5,1.0000002273353253e-05
HHS Region 1,3 wk ahead,Bin,percent,9.5,9.6,1.0000001141793936e-05
HHS Region 1,3 wk ahead,Bin,percent,9.6,9.7,1.0000000567813236e-05
HHS Region 1,3 wk ahead,Bin,percent,9.7,9.8,1.000000027958912e-05
HHS Region 1,3 wk ahead,Bin,percent,9.8,9.9,1.0000000136311343e-05
HHS Region 1,3 wk ahead,Bin,percent,9.9,10,1.0000000065802243e-05
HHS Region 1,3 wk ahead,Bin,percent,10,10.1,1.0000000031451864e-05
HHS Region 1,3 wk ahead,Bin,percent,10.1,10.2,1.0000000014885009e-05
HHS Region 1,3 wk ahead,Bin,percent,10.2,10.3,1.0000000006975073e-05
HHS Region 1,3 wk ahead,Bin,percent,10.3,10.4,1.0000000003236277e-05
HHS Region 1,3 wk ahead,Bin,percent,10.4,10.5,1.0000000001486754e-05
HHS Region 1,3 wk ahead,Bin,percent,10.5,10.6,1.0000000000676284e-05
HHS Region 1,3 wk ahead,Bin,percent,10.6,10.7,1.0000000000304592e-05
HHS Region 1,3 wk ahead,Bin,percent,10.7,10.8,1.0000000000135833e-05
HHS Region 1,3 wk ahead,Bin,percent,10.8,10.9,1.0000000000059978e-05
HHS Region 1,3 wk ahead,Bin,percent,10.9,11,1.0000000000026223e-05
HHS Region 1,3 wk ahead,Bin,percent,11,11.1,1.0000000000011353e-05
HHS Region 1,3 wk ahead,Bin,percent,11.1,11.2,1.0000000000004866e-05
HHS Region 1,3 wk ahead,Bin,percent,11.2,11.3,1.0000000000002066e-05
HHS Region 1,3 wk ahead,Bin,percent,11.3,11.4,1.0000000000000868e-05
HHS Region 1,3 wk ahead,Bin,percent,11.4,11.5,1.0000000000000363e-05
HHS Region 1,3 wk ahead,Bin,percent,11.5,11.6,1.000000000000015e-05
HHS Region 1,3 wk ahead,Bin,percent,11.6,11.7,1.0000000000000062e-05
HHS Region 1,3 wk ahead,Bin,percent,11.7,11.8,1.0000000000000025e-05
HHS Region 1,3 wk ahead,Bin,percent,11.8,11.9,1.0000000000000013e-05
HHS Region 1,3 wk ahead,Bin,percent,11.9,12,1.0000000000000003e-05
HHS Region 1,3 wk ahead,Bin,percent,12,12.1,1.0000000000000003e-05
HHS Region 1,3 wk ahead,Bin,percent,12.1,12.2,1e-05
HHS Region 1,3 wk ahead,Bin,percent,12.2,12.3,1e-05
HHS Region 1,3 wk ahead,Bin,percent,12.3,12.4,1e-05
HHS Region 1,3 wk ahead,Bin,percent,12.4,12.5,1e-05
HHS Region 1,3 wk ahead,Bin,percent,12.5,12.6,1e-05
HHS Region 1,3 wk ahead,Bin,percent,12.6,12.7,1e-05
HHS Region 1,3 wk ahead,Bin,percent,12.7,12.8,1e-05
HHS Region 1,3 wk ahead,Bin,percent,12.8,12.9,1e-05
HHS Region 1,3 wk ahead,Bin,percent,12.9,13,1e-05
HHS Region 1,3 wk ahead,Bin,percent,13,100,1e-05
HHS Region 1,4 wk ahead,Point,percent,,,2.2490329549216583
HHS Region 1,4 wk ahead,Bin,percent,0,0.1,0.004100829510457218
HHS Region 1,4 wk ahead,Bin,percent,0.1,0.2,0.0049761954289016105
HHS Region 1,4 wk ahead,Bin,percent,0.2,0.3,0.005985946635395857
HHS Region 1,4 wk ahead,Bin,percent,0.3,0.4,0.007137875321264772
HHS Region 1,4 wk ahead,Bin,percent,0.4,0.5,0.008437212740818573
HHS Region 1,4 wk ahead,Bin,percent,0.5,0.6,0.009885936749355315
HHS Region 1,4 wk ahead,Bin,percent,0.6,0.7,0.011482105208556944
HHS Region 1,4 wk ahead,Bin,percent,0.7,0.8,0.013219257965954488
HHS Region 1,4 wk ahead,Bin,percent,0.8,0.9,0.015085933090843415
HHS Region 1,4 wk ahead,Bin,percent,0.9,1,0.017065343085666998
HHS Region 1,4 wk ahead,Bin,percent,1,1.1,0.01913525339973353
HHS Region 1,4 wk ahead,Bin,percent,1.1,1.2,0.021268098503961986
HHS Region 1,4 wk ahead,Bin,percent,1.2,1.3,0.02343136009940791
HHS Region 1,4 wk ahead,Bin,percent,1.3,1.4,0.025588218130709144
HHS Region 1,4 wk ahead,Bin,percent,1.4,1.5,0.027698468909839718
HHS Region 1,4 wk ahead,Bin,percent,1.5,1.6,0.02971968689431613
HHS Region 1,4 wk ahead,Bin,percent,1.6,1.7,0.0316085888219245
HHS Region 1,4 wk ahead,Bin,percent,1.7,1.8,0.03332254243591775
HHS Region 1,4 wk ahead,Bin,percent,1.8,1.9,0.034821148403523815
HHS Region 1,4 wk ahead,Bin,percent,1.9,2,0.03606781456304847
HHS Region 1,4 wk ahead,Bin,percent,2,2.1,0.037031237379015584
HHS Region 1,4 wk ahead,Bin,percent,2.1,2.2,0.037686707088277364
HHS Region 1,4 wk ahead,Bin,percent,2.2,2.3,0.03801716064296976
HHS Region 1,4 wk ahead,Bin,percent,2.3,2.4,0.038013919831578036
HHS Region 1,4 wk ahead,Bin,percent,2.4,2.5,0.03767707000766756
HHS Region 1,4 wk ahead,Bin,percent,2.5,2.6,0.03701545635423902
HHS Region 1,4 wk ahead,Bin,percent,2.6,2.7,0.03604629791193509
HHS Region 1,4 wk ahead,Bin,percent,2.7,2.8,0.0347944428817186
HHS Region 1,4 wk ahead,Bin,percent,2.8,2.9,0.033291310159126716
HHS Region 1,4 wk ahead,Bin,percent,2.9,3,0.031573580024461166
HHS Region 1,4 wk ahead,Bin,percent,3,3.1,0.02968171008610585
HHS Region 1,4 wk ahead,Bin,percent,3.1,3.2,0.027658360082453242
HHS Region 1,4 wk ahead,Bin,percent,3.2,3.3,0.02554681063490084
HHS Region 1,4 wk ahead,Bin,percent,3.3,3.4,0.02338945668013951
HHS Region 1,4 wk ahead,Bin,percent,3.4,3.5,0.021226446750822046
HHS Region 1,4 wk ahead,Bin,percent,3.5,3.6,0.019094525574467853
HHS Region 1,4 wk ahead,Bin,percent,3.6,3.7,0.017026120951690853
HHS Region 1,4 wk ahead,Bin,percent,3.7,3.8,0.01504869802078404
HHS Region 1,4 wk ahead,Bin,percent,3.8,3.9,0.013184386269615486
HHS Region 1,4 wk ahead,Bin,percent,3.9,4,0.011449868328497328
HHS Region 1,4 wk ahead,Bin,percent,4,4.1,0.009856505732243328
HHS Region 1,4 wk ahead,Bin,percent,4.1,4.2,0.008410666220985446
HHS Region 1,4 wk ahead,Bin,percent,4.2,4.3,0.007114210152758437
HHS Region 1,4 wk ahead,Bin,percent,4.3,4.4,0.005965090278264641
HHS Region 1,4 wk ahead,Bin,percent,4.4,4.5,0.004958019227016952
HHS Region 1,4 wk ahead,Bin,percent,4.5,4.6,0.0040851620805537605
HHS Region 1,4 wk ahead,Bin,percent,4.6,4.7,0.0033368167057507172
HHS Region 1,4 wk ahead,Bin,percent,4.7,4.8,0.002702051351588538
HHS Region 1,4 wk ahead,Bin,percent,4.8,4.9,0.0021692766346731304
HHS Region 1,4 wk ahead,Bin,percent,4.9,5,0.0017267367727024855
HHS Region 1,4 wk ahead,Bin,percent,5,5.1,0.0013629122015446152
HHS Region 1,4 wk ahead,Bin,percent,5.1,5.2,0.001066832101088656
HHS Region 1,4 wk ahead,Bin,percent,5.2,5.3,0.0008283005788989803
HHS Region 1,4 wk ahead,Bin,percent,5.3,5.4,0.0006380441859708481
HHS Region 1,4 wk ahead,Bin,percent,5.4,5.5,0.0004877910605109953
HHS Region 1,4 wk ahead,Bin,percent,5.5,5.6,0.0003702934104787349
HHS Region 1,4 wk ahead,Bin,percent,5.6,5.7,0.0002793054223351725
HHS Region 1,4 wk ahead,Bin,percent,5.7,5.8,0.00020952823254644784
HHS Region 1,4 wk ahead,Bin,percent,5.8,5.9,0.00015653254493414324
HHS Region 1,4 wk ahead,Bin,percent,5.9,6,0.00011666803834596875
HHS Region 1,4 wk ahead,Bin,percent,6,6.1,8.69670787656215e-05
HHS Region 1,4 wk ahead,Bin,percent,6.1,6.2,6.504858724353594e-05
HHS Region 1,4 wk ahead,Bin,percent,6.2,6.3,4.902634066481345e-05
HHS Region 1,4 wk ahead,Bin,percent,6.3,6.4,3.7424578649250375e-05
HHS Region 1,4 wk ahead,Bin,percent,6.4,6.5,2.9102604120512567e-05
HHS Region 1,4 wk ahead,Bin,percent,6.5,6.6,2.3189115345137712e-05
HHS Region 1,4 wk ahead,Bin,percent,6.6,6.7,1.902628904003072e-05
HHS Region 1,4 wk ahead,Bin,percent,6.7,6.8,1.6123127258000173e-05
HHS Region 1,4 wk ahead,Bin,percent,6.8,6.9,1.4117255457077835e-05
HHS Region 1,4 wk ahead,Bin,percent,6.9,7,1.274418143103663e-05
HHS Region 1,4 wk ahead,Bin,percent,7,7.1,1.1812960357597631e-05
HHS Region 1,4 wk ahead,Bin,percent,7.1,7.2,1.1187228390878084e-05
HHS Region 1,4 wk ahead,Bin,percent,7.2,7.3,1.0770638529304575e-05
HHS Region 1,4 wk ahead,Bin,percent,7.3,7.4,1.049583552859829e-05
HHS Region 1,4 wk ahead,Bin,percent,7.4,7.5,1.0316224158565857e-05
HHS Region 1,4 wk ahead,Bin,percent,7.5,7.6,1.0199904664522532e-05
HHS Region 1,4 wk ahead,Bin,percent,7.6,7.7,1.0125262561798157e-05
HHS Region 1,4 wk ahead,Bin,percent,7.7,7.8,1.0077801886916625e-05
HHS Region 1,4 wk ahead,Bin,percent,7.8,7.9,1.0047899331217599e-05
HHS Region 1,4 wk ahead,Bin,percent,7.9,8,1.0029230702213992e-05
HHS Region 1,4 wk ahead,Bin,percent,8,8.1,1.0017681517151303e-05
HHS Region 1,4 wk ahead,Bin,percent,8.1,8.2,1.0010601572405873e-05
HHS Region 1,4 wk ahead,Bin,percent,8.2,8.3,1.000630073943848e-05
HHS Region 1,4 wk ahead,Bin,percent,8.3,8.4,1.0003711788617056e-05
HHS Region 1,4 wk ahead,Bin,percent,8.4,8.5,1.000216743174634e-05
HHS Region 1,4 wk ahead,Bin,percent,8.5,8.6,1.0001254521486343e-05
HHS Region 1,4 wk ahead,Bin,percent,8.6,8.7,1.000071974930936e-05
HHS Region 1,4 wk ahead,Bin,percent,8.7,8.8,1.0000409312387924e-05
HHS Region 1,4 wk ahead,Bin,percent,8.8,8.9,1.0000230727308555e-05
HHS Region 1,4 wk ahead,Bin,percent,8.9,9,1.0000128918009203e-05
HHS Region 1,4 wk ahead,Bin,percent,9,9.1,1.0000071400073663e-05
HHS Region 1,4 wk ahead,Bin,percent,9.1,9.2,1.0000039197124507e-05
HHS Region 1,4 wk ahead,Bin,percent,9.2,9.3,1.0000021329478452e-05
HHS Region 1,4 wk ahead,Bin,percent,9.3,9.4,1.0000011504738272e-05
HHS Region 1,4 wk ahead,Bin,percent,9.4,9.5,1.0000006150971704e-05
HHS Region 1,4 wk ahead,Bin,percent,9.5,9.6,1.0000003259726737e-05
HHS Region 1,4 wk ahead,Bin,percent,9.6,9.7,1.0000001712336598e-05
HHS Region 1,4 wk ahead,Bin,percent,9.7,9.8,1.0000000891594874e-05
HHS Region 1,4 wk ahead,Bin,percent,9.8,9.9,1.0000000460168054e-05
HHS Region 1,4 wk ahead,Bin,percent,9.9,10,1.000000023541593e-05
HHS Region 1,4 wk ahead,Bin,percent,10,10.1,1.0000000119378387e-05
HHS Region 1,4 wk ahead,Bin,percent,10.1,10.2,1.000000006000481e-05
HHS Region 1,4 wk ahead,Bin,percent,10.2,10.3,1.000000002989626e-05
HHS Region 1,4 wk ahead,Bin,percent,10.3,10.4,1.0000000014764481e-05
HHS Region 1,4 wk ahead,Bin,percent,10.4,10.5,1.0000000007227533e-05
HHS Region 1,4 wk ahead,Bin,percent,10.5,10.6,1.0000000003506971e-05
HHS Region 1,4 wk ahead,Bin,percent,10.6,10.7,1.0000000001686728e-05
HHS Region 1,4 wk ahead,Bin,percent,10.7,10.8,1.0000000000804137e-05
HHS Region 1,4 wk ahead,Bin,percent,10.8,10.9,1.000000000038e-05
HHS Region 1,4 wk ahead,Bin,percent,10.9,11,1.0000000000177996e-05
HHS Region 1,4 wk ahead,Bin,percent,11,11.1,1.0000000000082642e-05
HHS Region 1,4 wk ahead,Bin,percent,11.1,11.2,1.0000000000038034e-05
HHS Region 1,4 wk ahead,Bin,percent,11.2,11.3,1.0000000000017353e-05
HHS Region 1,4 wk ahead,Bin,percent,11.3,11.4,1.0000000000007846e-05
HHS Region 1,4 wk ahead,Bin,percent,11.4,11.5,1.0000000000003518e-05
HHS Region 1,4 wk ahead,Bin,percent,11.5,11.6,1.0000000000001564e-05
HHS Region 1,4 wk ahead,Bin,percent,11.6,11.7,1.0000000000000689e-05
HHS Region 1,4 wk ahead,Bin,percent,11.7,11.8,1.00000000000003e-05
HHS Region 1,4 wk ahead,Bin,percent,11.8,11.9,1.0000000000000133e-05
HHS Region 1,4 wk ahead,Bin,percent,11.9,12,1.0000000000000057e-05
HHS Region 1,4 wk ahead,Bin,percent,12,12.1,1.0000000000000025e-05
HHS Region 1,4 wk ahead,Bin,percent,12.1,12.2,1.0000000000000013e-05
HHS Region 1,4 wk ahead,Bin,percent,12.2,12.3,1.0000000000000003e-05
HHS Region 1,4 wk ahead,Bin,percent,12.3,12.4,1.0000000000000003e-05
HHS Region 1,4 wk ahead,Bin,percent,12.4,12.5,1e-05
HHS Region 1,4 wk ahead,Bin,percent,12.5,12.6,1e-05
HHS Region 1,4 wk ahead,Bin,percent,12.6,12.7,1e-05
HHS Region 1,4 wk ahead,Bin,percent,12.7,12.8,1e-05
HHS Region 1,4 wk ahead,Bin,percent,12.8,12.9,1e-05
HHS Region 1,4 wk ahead,Bin,percent,12.9,13,1e-05
HHS Region 1,4 wk ahead,Bin,percent,13,100,1e-05
HHS Region 2,Season onset,Point,week,,,4.500000000000006
HHS Region 2,Season onset,Bin,week,40,41,0.029411764705882363
HHS Region 2,Season onset,Bin,week,41,42,0.029411764705882363
HHS Region 2,Season onset,Bin,week,42,43,0.029411764705882363
HHS Region 2,Season onset,Bin,week,43,44,0.029411764705882363
HHS Region 2,Season onset,Bin,week,44,45,0.029411764705882363
HHS Region 2,Season onset,Bin,week,45,46,0.029411764705882363
HHS Region 2,Season onset,Bin,week,46,47,0.029411764705882363
HHS Region 2,Season onset,Bin,week,47,48,0.029411764705882363
HHS Region 2,Season onset,Bin,week,48,49,0.029411764705882363
HHS Region 2,Season onset,Bin,week,49,50,0.029411764705882363
HHS Region 2,Season onset,Bin,week,50,51,0.029411764705882363
HHS Region 2,Season onset,Bin,week,51,52,0.029411764705882363
HHS Region 2,Season onset,Bin,week,52,53,0.029411764705882363
HHS Region 2,Season onset,Bin,week,1,2,0.029411764705882363
HHS Region 2,Season onset,Bin,week,2,3,0.029411764705882363
HHS Region 2,Season onset,Bin,week,3,4,0.029411764705882363
HHS Region 2,Season onset,Bin,week,4,5,0.029411764705882363
HHS Region 2,Season onset,Bin,week,5,6,0.029411764705882363
HHS Region 2,Season onset,Bin,week,6,7,0.029411764705882363
HHS Region 2,Season onset,Bin,week,7,8,0.029411764705882363
HHS Region 2,Season onset,Bin,week,8,9,0.029411764705882363
HHS Region 2,Season onset,Bin,week,9,10,0.029411764705882363
HHS Region 2,Season onset,Bin,week,10,11,0.029411764705882363
HHS Region 2,Season onset,Bin,week,11,12,0.029411764705882363
HHS Region 2,Season onset,Bin,week,12,13,0.029411764705882363
HHS Region 2,Season onset,Bin,week,13,14,0.029411764705882363
HHS Region 2,Season onset,Bin,week,14,15,0.029411764705882363
HHS Region 2,Season onset,Bin,week,15,16,0.029411764705882363
HHS Region 2,Season onset,Bin,week,16,17,0.029411764705882363
HHS Region 2,Season onset,Bin,week,17,18,0.029411764705882363
HHS Region 2,Season onset,Bin,week,18,19,0.029411764705882363
HHS Region 2,Season onset,Bin,week,19,20,0.029411764705882363
HHS Region 2,Season onset,Bin,week,20,21,0.029411764705882363
HHS Region 2,Season onset,Bin,week,none,none,0.029411764705882363
HHS Region 2,Season peak week,Point,week,,,4.4999999999999885
HHS Region 2,Season peak week,Bin,week,40,41,0.030303030303030307
HHS Region 2,Season peak week,Bin,week,41,42,0.030303030303030307
HHS Region 2,Season peak week,Bin,week,42,43,0.030303030303030307
HHS Region 2,Season peak week,Bin,week,43,44,0.030303030303030307
HHS Region 2,Season peak week,Bin,week,44,45,0.030303030303030307
HHS Region 2,Season peak week,Bin,week,45,46,0.030303030303030307
HHS Region 2,Season peak week,Bin,week,46,47,0.030303030303030307
HHS Region 2,Season peak week,Bin,week,47,48,0.030303030303030307
HHS Region 2,Season peak week,Bin,week,48,49,0.030303030303030307
HHS Region 2,Season peak week,Bin,week,49,50,0.030303030303030307
HHS Region 2,Season peak week,Bin,week,50,51,0.030303030303030307
HHS Region 2,Season peak week,Bin,week,51,52,0.030303030303030307
HHS Region 2,Season peak week,Bin,week,52,53,0.030303030303030307
HHS Region 2,Season peak week,Bin,week,1,2,0.030303030303030307
HHS Region 2,Season peak week,Bin,week,2,3,0.030303030303030307
HHS Region 2,Season peak week,Bin,week,3,4,0.030303030303030307
HHS Region 2,Season peak week,Bin,week,4,5,0.030303030303030307
HHS Region 2,Season peak week,Bin,week,5,6,0.030303030303030307
HHS Region 2,Season peak week,Bin,week,6,7,0.030303030303030307
HHS Region 2,Season peak week,Bin,week,7,8,0.030303030303030307
HHS Region 2,Season peak week,Bin,week,8,9,0.030303030303030307
HHS Region 2,Season peak week,Bin,week,9,10,0.030303030303030307
HHS Region 2,Season peak week,Bin,week,10,11,0.030303030303030307
HHS Region 2,Season peak week,Bin,week,11,12,0.030303030303030307
HHS Region 2,Season peak week,Bin,week,12,13,0.030303030303030307
HHS Region 2,Season peak week,Bin,week,13,14,0.030303030303030307
HHS Region 2,Season peak week,Bin,week,14,15,0.030303030303030307
HHS Region 2,Season peak week,Bin,week,15,16,0.030303030303030307
HHS Region 2,Season peak week,Bin,week,16,17,0.030303030303030307
HHS Region 2,Season peak week,Bin,week,17,18,0.030303030303030307
HHS Region 2,Season peak week,Bin,week,18,19,0.030303030303030307
HHS Region 2,Season peak week,Bin,week,19,20,0.030303030303030307
HHS Region 2,Season peak week,Bin,week,20,21,0.030303030303030307
HHS Region 2,Season peak percentage,Point,percent,,,6.5500000000000025
HHS Region 2,Season peak percentage,Bin,percent,0,0.1,0.0076335877862595426
HHS Region 2,Season peak percentage,Bin,percent,0.1,0.2,0.0076335877862595426
HHS Region 2,Season peak percentage,Bin,percent,0.2,0.3,0.0076335877862595426
HHS Region 2,Season peak percentage,Bin,percent,0.3,0.4,0.0076335877862595426
HHS Region 2,Season peak percentage,Bin,percent,0.4,0.5,0.0076335877862595426
HHS Region 2,Season peak percentage,Bin,percent,0.5,0.6,0.0076335877862595426
HHS Region 2,Season peak percentage,Bin,percent,0.6,0.7,0.0076335877862595426
HHS Region 2,Season peak percentage,Bin,percent,0.7,0.8,0.0076335877862595426
HHS Region 2,Season peak percentage,Bin,percent,0.8,0.9,0.0076335877862595426
HHS Region 2,Season peak percentage,Bin,percent,0.9,1,0.0076335877862595426
HHS Region 2,Season peak percentage,Bin,percent,1,1.1,0.0076335877862595426
HHS Region 2,Season peak percentage,Bin,percent,1.1,1.2,0.0076335877862595426
HHS Region 2,Season peak percentage,Bin,percent,1.2,1.3,0.0076335877862595426
HHS Region 2,Season peak percentage,Bin,percent,1.3,1.4,0.0076335877862595426
HHS Region 2,Season peak percentage,Bin,percent,1.4,1.5,0.0076335877862595426
HHS Region 2,Season peak percentage,Bin,percent,1.5,1.6,0.0076335877862595426
HHS Region 2,Season peak percentage,Bin,percent,1.6,1.7,0.0076335877862595426
HHS Region 2,Season peak percentage,Bin,percent,1.7,1.8,0.0076335877862595426
HHS Region 2,Season peak percentage,Bin,percent,1.8,1.9,0.0076335877862595426
HHS Region 2,Season peak percentage,Bin,percent,1.9,2,0.0076335877862595426
HHS Region 2,Season peak percentage,Bin,percent,2,2.1,0.0076335877862595426
HHS Region 2,Season peak percentage,Bin,percent,2.1,2.2,0.0076335877862595426
HHS Region 2,Season peak percentage,Bin,percent,2.2,2.3,0.0076335877862595426
HHS Region 2,Season peak percentage,Bin,percent,2.3,2.4,0.0076335877862595426
HHS Region 2,Season peak percentage,Bin,percent,2.4,2.5,0.0076335877862595426
HHS Region 2,Season peak percentage,Bin,percent,2.5,2.6,0.0076335877862595426
HHS Region 2,Season peak percentage,Bin,percent,2.6,2.7,0.0076335877862595426
HHS Region 2,Season peak percentage,Bin,percent,2.7,2.8,0.0076335877862595426
HHS Region 2,Season peak percentage,Bin,percent,2.8,2.9,0.0076335877862595426
HHS Region 2,Season peak percentage,Bin,percent,2.9,3,0.0076335877862595426
HHS Region 2,Season peak percentage,Bin,percent,3,3.1,0.0076335877862595426
HHS Region 2,Season peak percentage,Bin,percent,3.1,3.2,0.0076335877862595426
HHS Region 2,Season peak percentage,Bin,percent,3.2,3.3,0.0076335877862595426
HHS Region 2,Season peak percentage,Bin,percent,3.3,3.4,0.0076335877862595426
HHS Region 2,Season peak percentage,Bin,percent,3.4,3.5,0.0076335877862595426
HHS Region 2,Season peak percentage,Bin,percent,3.5,3.6,0.0076335877862595426
HHS Region 2,Season peak percentage,Bin,percent,3.6,3.7,0.0076335877862595426
HHS Region 2,Season peak percentage,Bin,percent,3.7,3.8,0.0076335877862595426
HHS Region 2,Season peak percentage,Bin,percent,3.8,3.9,0.0076335877862595426
HHS Region 2,Season peak percentage,Bin,percent,3.9,4,0.0076335877862595426
HHS Region 2,Season peak percentage,Bin,percent,4,4.1,0.0076335877862595426
HHS Region 2,Season peak percentage,Bin,percent,4.1,4.2,0.0076335877862595426
HHS Region 2,Season peak percentage,Bin,percent,4.2,4.3,0.0076335877862595426
HHS Region 2,Season peak percentage,Bin,percent,4.3,4.4,0.0076335877862595426
HHS Region 2,Season peak percentage,Bin,percent,4.4,4.5,0.0076335877862595426
HHS Region 2,Season peak percentage,Bin,percent,4.5,4.6,0.0076335877862595426
HHS Region 2,Season peak percentage,Bin,percent,4.6,4.7,0.0076335877862595426
HHS Region 2,Season peak percentage,Bin,percent,4.7,4.8,0.0076335877862595426
HHS Region 2,Season peak percentage,Bin,percent,4.8,4.9,0.0076335877862595426
HHS Region 2,Season peak percentage,Bin,percent,4.9,5,0.0076335877862595426
HHS Region 2,Season peak percentage,Bin,percent,5,5.1,0.0076335877862595426
HHS Region 2,Season peak percentage,Bin,percent,5.1,5.2,0.0076335877862595426
HHS Region 2,Season peak percentage,Bin,percent,5.2,5.3,0.0076335877862595426
HHS Region 2,Season peak percentage,Bin,percent,5.3,5.4,0.0076335877862595426
HHS Region 2,Season peak percentage,Bin,percent,5.4,5.5,0.0076335877862595426
HHS Region 2,Season peak percentage,Bin,percent,5.5,5.6,0.0076335877862595426
HHS Region 2,Season peak percentage,Bin,percent,5.6,5.7,0.0076335877862595426
HHS Region 2,Season peak percentage,Bin,percent,5.7,5.8,0.0076335877862595426
HHS Region 2,Season peak percentage,Bin,percent,5.8,5.9,0.0076335877862595426
HHS Region 2,Season peak percentage,Bin,percent,5.9,6,0.0076335877862595426
HHS Region 2,Season peak percentage,Bin,percent,6,6.1,0.0076335877862595426
HHS Region 2,Season peak percentage,Bin,percent,6.1,6.2,0.0076335877862595426
HHS Region 2,Season peak percentage,Bin,percent,6.2,6.3,0.0076335877862595426
HHS Region 2,Season peak percentage,Bin,percent,6.3,6.4,0.0076335877862595426
HHS Region 2,Season peak percentage,Bin,percent,6.4,6.5,0.0076335877862595426
HHS Region 2,Season peak percentage,Bin,percent,6.5,6.6,0.0076335877862595426
HHS Region 2,Season peak percentage,Bin,percent,6.6,6.7,0.0076335877862595426
HHS Region 2,Season peak percentage,Bin,percent,6.7,6.8,0.0076335877862595426
HHS Region 2,Season peak percentage,Bin,percent,6.8,6.9,0.0076335877862595426
HHS Region 2,Season peak percentage,Bin,percent,6.9,7,0.0076335877862595426
HHS Region 2,Season peak percentage,Bin,percent,7,7.1,0.0076335877862595426
HHS Region 2,Season peak percentage,Bin,percent,7.1,7.2,0.0076335877862595426
HHS Region 2,Season peak percentage,Bin,percent,7.2,7.3,0.0076335877862595426
HHS Region 2,Season peak percentage,Bin,percent,7.3,7.4,0.0076335877862595426
HHS Region 2,Season peak percentage,Bin,percent,7.4,7.5,0.0076335877862595426
HHS Region 2,Season peak percentage,Bin,percent,7.5,7.6,0.0076335877862595426
HHS Region 2,Season peak percentage,Bin,percent,7.6,7.7,0.0076335877862595426
HHS Region 2,Season peak percentage,Bin,percent,7.7,7.8,0.0076335877862595426
HHS Region 2,Season peak percentage,Bin,percent,7.8,7.9,0.0076335877862595426
HHS Region 2,Season peak percentage,Bin,percent,7.9,8,0.0076335877862595426
HHS Region 2,Season peak percentage,Bin,percent,8,8.1,0.0076335877862595426
HHS Region 2,Season peak percentage,Bin,percent,8.1,8.2,0.0076335877862595426
HHS Region 2,Season peak percentage,Bin,percent,8.2,8.3,0.0076335877862595426
HHS Region 2,Season peak percentage,Bin,percent,8.3,8.4,0.0076335877862595426
HHS Region 2,Season peak percentage,Bin,percent,8.4,8.5,0.0076335877862595426
HHS Region 2,Season peak percentage,Bin,percent,8.5,8.6,0.0076335877862595426
HHS Region 2,Season peak percentage,Bin,percent,8.6,8.7,0.0076335877862595426
HHS Region 2,Season peak percentage,Bin,percent,8.7,8.8,0.0076335877862595426
HHS Region 2,Season peak percentage,Bin,percent,8.8,8.9,0.0076335877862595426
HHS Region 2,Season peak percentage,Bin,percent,8.9,9,0.0076335877862595426
HHS Region 2,Season peak percentage,Bin,percent,9,9.1,0.0076335877862595426
HHS Region 2,Season peak percentage,Bin,percent,9.1,9.2,0.0076335877862595426
HHS Region 2,Season peak percentage,Bin,percent,9.2,9.3,0.0076335877862595426
HHS Region 2,Season peak percentage,Bin,percent,9.3,9.4,0.0076335877862595426
HHS Region 2,Season peak percentage,Bin,percent,9.4,9.5,0.0076335877862595426
HHS Region 2,Season peak percentage,Bin,percent,9.5,9.6,0.0076335877862595426
HHS Region 2,Season peak percentage,Bin,percent,9.6,9.7,0.0076335877862595426
HHS Region 2,Season peak percentage,Bin,percent,9.7,9.8,0.0076335877862595426
HHS Region 2,Season peak percentage,Bin,percent,9.8,9.9,0.0076335877862595426
HHS Region 2,Season peak percentage,Bin,percent,9.9,10,0.0076335877862595426
HHS Region 2,Season peak percentage,Bin,percent,10,10.1,0.0076335877862595426
HHS Region 2,Season peak percentage,Bin,percent,10.1,10.2,0.0076335877862595426
HHS Region 2,Season peak percentage,Bin,percent,10.2,10.3,0.0076335877862595426
HHS Region 2,Season peak percentage,Bin,percent,10.3,10.4,0.0076335877862595426
HHS Region 2,Season peak percentage,Bin,percent,10.4,10.5,0.0076335877862595426
HHS Region 2,Season peak percentage,Bin,percent,10.5,10.6,0.0076335877862595426
HHS Region 2,Season peak percentage,Bin,percent,10.6,10.7,0.0076335877862595426
HHS Region 2,Season peak percentage,Bin,percent,10.7,10.8,0.0076335877862595426
HHS Region 2,Season peak percentage,Bin,percent,10.8,10.9,0.0076335877862595426
HHS Region 2,Season peak percentage,Bin,percent,10.9,11,0.0076335877862595426
HHS Region 2,Season peak percentage,Bin,percent,11,11.1,0.0076335877862595426
HHS Region 2,Season peak percentage,Bin,percent,11.1,11.2,0.0076335877862595426
HHS Region 2,Season peak percentage,Bin,percent,11.2,11.3,0.0076335877862595426
HHS Region 2,Season peak percentage,Bin,percent,11.3,11.4,0.0076335877862595426
HHS Region 2,Season peak percentage,Bin,percent,11.4,11.5,0.0076335877862595426
HHS Region 2,Season peak percentage,Bin,percent,11.5,11.6,0.0076335877862595426
HHS Region 2,Season peak percentage,Bin,percent,11.6,11.7,0.0076335877862595426
HHS Region 2,Season peak percentage,Bin,percent,11.7,11.8,0.0076335877862595426
HHS Region 2,Season peak percentage,Bin,percent,11.8,11.9,0.0076335877862595426
HHS Region 2,Season peak percentage,Bin,percent,11.9,12,0.0076335877862595426
HHS Region 2,Season peak percentage,Bin,percent,12,12.1,0.0076335877862595426
HHS Region 2,Season peak percentage,Bin,percent,12.1,12.2,0.0076335877862595426
HHS Region 2,Season peak percentage,Bin,percent,12.2,12.3,0.0076335877862595426
HHS Region 2,Season peak percentage,Bin,percent,12.3,12.4,0.0076335877862595426
HHS Region 2,Season peak percentage,Bin,percent,12.4,12.5,0.0076335877862595426
HHS Region 2,Season peak percentage,Bin,percent,12.5,12.6,0.0076335877862595426
HHS Region 2,Season peak percentage,Bin,percent,12.6,12.7,0.0076335877862595426
HHS Region 2,Season peak percentage,Bin,percent,12.7,12.8,0.0076335877862595426
HHS Region 2,Season peak percentage,Bin,percent,12.8,12.9,0.0076335877862595426
HHS Region 2,Season peak percentage,Bin,percent,12.9,13,0.0076335877862595426
HHS Region 2,Season peak percentage,Bin,percent,13,100,0.0076335877862595426
HHS Region 2,1 wk ahead,Point,percent,,,3.5205577804239123
HHS Region 2,1 wk ahead,Bin,percent,0,0.1,1.0001854227624498e-05
HHS Region 2,1 wk ahead,Bin,percent,0.1,0.2,1.0004913248910854e-05
HHS Region 2,1 wk ahead,Bin,percent,0.2,0.3,1.0012658443748564e-05
HHS Region 2,1 wk ahead,Bin,percent,0.3,0.4,1.003171010611824e-05
HHS Region 2,1 wk ahead,Bin,percent,0.4,0.5,1.0077236201101674e-05
HHS Region 2,1 wk ahead,Bin,percent,0.5,0.6,1.018291526214687e-05
HHS Region 2,1 wk ahead,Bin,percent,0.6,0.7,1.0421196557360539e-05
HHS Region 2,1 wk ahead,Bin,percent,0.7,0.8,1.0943030006225784e-05
HHS Region 2,1 wk ahead,Bin,percent,0.8,0.9,1.2052920070099844e-05
HHS Region 2,1 wk ahead,Bin,percent,0.9,1,1.434534636231356e-05
HHS Region 2,1 wk ahead,Bin,percent,1,1.1,1.8942986761052852e-05
HHS Region 2,1 wk ahead,Bin,percent,1.1,1.2,2.7895614108936683e-05
HHS Region 2,1 wk ahead,Bin,percent,1.2,1.3,4.4819012877378463e-05
HHS Region 2,1 wk ahead,Bin,percent,1.3,1.4,7.587067789306585e-05
HHS Region 2,1 wk ahead,Bin,percent,1.4,1.5,0.0001311640108059484
HHS Region 2,1 wk ahead,Bin,percent,1.5,1.6,0.0002267010317430545
HHS Region 2,1 wk ahead,Bin,percent,1.6,1.7,0.0003868375286468002
HHS Region 2,1 wk ahead,Bin,percent,1.7,1.8,0.000647166809165332
HHS Region 2,1 wk ahead,Bin,percent,1.8,1.9,0.0010575095051047565
HHS Region 2,1 wk ahead,Bin,percent,1.9,2,0.001684436298229243
HHS Region 2,1 wk ahead,Bin,percent,2,2.1,0.002612466318250451
HHS Region 2,1 wk ahead,Bin,percent,2.1,2.2,0.003942850472779831
HHS Region 2,1 wk ahead,Bin,percent,2.2,2.3,0.0057887722957847285
HHS Region 2,1 wk ahead,Bin,percent,2.3,2.4,0.008265997621673047
HHS Region 2,1 wk ahead,Bin,percent,2.4,2.5,0.01147857254777504
HHS Region 2,1 wk ahead,Bin,percent,2.5,2.6,0.015500127878308734
HHS Region 2,1 wk ahead,Bin,percent,2.6,2.7,0.020352600481949267
HHS Region 2,1 wk ahead,Bin,percent,2.7,2.8,0.02598549106014373
HHS Region 2,1 wk ahead,Bin,percent,2.8,2.9,0.032259790155657615
HHS Region 2,1 wk ahead,Bin,percent,2.9,3,0.038941026012924235
HHS Region 2,1 wk ahead,Bin,percent,3,3.1,0.0457052056161153
HHS Region 2,1 wk ahead,Bin,percent,3.1,3.2,0.052159632477173735
HHS Region 2,1 wk ahead,Bin,percent,3.2,3.3,0.057877896789869876
HHS Region 2,1 wk ahead,Bin,percent,3.3,3.4,0.06244526713181596
HHS Region 2,1 wk ahead,Bin,percent,3.4,3.5,0.06550800621351291
HHS Region 2,1 wk ahead,Bin,percent,3.5,3.6,0.0668185453618942
HHS Region 2,1 wk ahead,Bin,percent,3.6,3.7,0.06626852771895059
HHS Region 2,1 wk ahead,Bin,percent,3.7,3.8,0.06390360272198768
HHS Region 2,1 wk ahead,Bin,percent,3.8,3.9,0.05991716977844564
HHS Region 2,1 wk ahead,Bin,percent,3.9,4,0.054624260541125666
HHS Region 2,1 wk ahead,Bin,percent,4,4.1,0.0484204526069882
HHS Region 2,1 wk ahead,Bin,percent,4.1,4.2,0.04173324308610295
HHS Region 2,1 wk ahead,Bin,percent,4.2,4.3,0.034974136183455976
HHS Region 2,1 wk ahead,Bin,percent,4.3,4.4,0.02849874894142473
HHS Region 2,1 wk ahead,Bin,percent,4.4,4.5,0.02257990768588795
HHS Region 2,1 wk ahead,Bin,percent,4.5,4.6,0.017395693436549658
HHS Region 2,1 wk ahead,Bin,percent,4.6,4.7,0.013031472015700358
HHS Region 2,1 wk ahead,Bin,percent,4.7,4.8,0.009492742909055229
HHS Region 2,1 wk ahead,Bin,percent,4.8,4.9,0.00672450034806806
HHS Region 2,1 wk ahead,Bin,percent,4.9,5,0.00463273773360505
HHS Region 2,1 wk ahead,Bin,percent,5,5.1,0.0031045010825715732
HHS Region 2,1 wk ahead,Bin,percent,5.1,5.2,0.002024131645048836
HHS Region 2,1 wk ahead,Bin,percent,5.2,5.3,0.0012846498429390481
HHS Region 2,1 wk ahead,Bin,percent,5.3,5.4,0.0007943317044916357
HHS Region 2,1 wk ahead,Bin,percent,5.4,5.5,0.0004792610134257413
HHS Region 2,1 wk ahead,Bin,percent,5.5,5.6,0.0002829826263103192
HHS Region 2,1 wk ahead,Bin,percent,5.6,5.7,0.00016440500405608076
HHS Region 2,1 wk ahead,Bin,percent,5.7,5.8,9.491678915755324e-05
HHS Region 2,1 wk ahead,Bin,percent,5.8,5.9,5.540791780157302e-05
HHS Region 2,1 wk ahead,Bin,percent,5.9,6,3.360888304150298e-05
HHS Region 2,1 wk ahead,Bin,percent,6,6.1,2.193507420823076e-05
HHS Region 2,1 wk ahead,Bin,percent,6.1,6.2,1.586652109281293e-05
HHS Region 2,1 wk ahead,Bin,percent,6.2,6.3,1.2803767383420887e-05
HHS Region 2,1 wk ahead,Bin,percent,6.3,6.4,1.1302894203275302e-05
HHS Region 2,1 wk ahead,Bin,percent,6.4,6.5,1.0588683894552291e-05
HHS Region 2,1 wk ahead,Bin,percent,6.5,6.6,1.0258619332690927e-05
HHS Region 2,1 wk ahead,Bin,percent,6.6,6.7,1.0110470329419123e-05
HHS Region 2,1 wk ahead,Bin,percent,6.7,6.8,1.0045881345062416e-05
HHS Region 2,1 wk ahead,Bin,percent,6.8,6.9,1.0018528167290527e-05
HHS Region 2,1 wk ahead,Bin,percent,6.9,7,1.0007275027096904e-05
HHS Region 2,1 wk ahead,Bin,percent,7,7.1,1.0002777426642063e-05
HHS Region 2,1 wk ahead,Bin,percent,7.1,7.2,1.0001030994643248e-05
HHS Region 2,1 wk ahead,Bin,percent,7.2,7.3,1.000037211403487e-05
HHS Region 2,1 wk ahead,Bin,percent,7.3,7.4,1.0000130587474208e-05
HHS Region 2,1 wk ahead,Bin,percent,7.4,7.5,1.0000044558731964e-05
HHS Region 2,1 wk ahead,Bin,percent,7.5,7.6,1.0000014783251132e-05
HHS Region 2,1 wk ahead,Bin,percent,7.6,7.7,1.0000004768841805e-05
HHS Region 2,1 wk ahead,Bin,percent,7.7,7.8,1.0000001495759284e-05
HHS Region 2,1 wk ahead,Bin,percent,7.8,7.9,1.0000000456159083e-05
HHS Region 2,1 wk ahead,Bin,percent,7.9,8,1.0000000135262303e-05
HHS Region 2,1 wk ahead,Bin,percent,8,8.1,1.0000000038998063e-05
HHS Region 2,1 wk ahead,Bin,percent,8.1,8.2,1.0000000010932392e-05
HHS Region 2,1 wk ahead,Bin,percent,8.2,8.3,1.0000000002979842e-05
HHS Region 2,1 wk ahead,Bin,percent,8.3,8.4,1.0000000000789729e-05
HHS Region 2,1 wk ahead,Bin,percent,8.4,8.5,1.0000000000203502e-05
HHS Region 2,1 wk ahead,Bin,percent,8.5,8.6,1.0000000000050987e-05
HHS Region 2,1 wk ahead,Bin,percent,8.6,8.7,1.0000000000012422e-05
HHS Region 2,1 wk ahead,Bin,percent,8.7,8.8,1.0000000000002943e-05
HHS Region 2,1 wk ahead,Bin,percent,8.8,8.9,1.0000000000000677e-05
HHS Region 2,1 wk ahead,Bin,percent,8.9,9,1.0000000000000153e-05
HHS Region 2,1 wk ahead,Bin,percent,9,9.1,1.0000000000000036e-05
HHS Region 2,1 wk ahead,Bin,percent,9.1,9.2,1.0000000000000008e-05
HHS Region 2,1 wk ahead,Bin,percent,9.2,9.3,1.0000000000000003e-05
HHS Region 2,1 wk ahead,Bin,percent,9.3,9.4,1e-05
HHS Region 2,1 wk ahead,Bin,percent,9.4,9.5,1e-05
HHS Region 2,1 wk ahead,Bin,percent,9.5,9.6,1e-05
HHS Region 2,1 wk ahead,Bin,percent,9.6,9.7,1e-05
HHS Region 2,1 wk ahead,Bin,percent,9.7,9.8,1e-05
HHS Region 2,1 wk ahead,Bin,percent,9.8,9.9,1e-05
HHS Region 2,1 wk ahead,Bin,percent,9.9,10,1e-05
HHS Region 2,1 wk ahead,Bin,percent,10,10.1,1e-05
HHS Region 2,1 wk ahead,Bin,percent,10.1,10.2,1e-05
HHS Region 2,1 wk ahead,Bin,percent,10.2,10.3,1e-05
HHS Region 2,1 wk ahead,Bin,percent,10.3,10.4,1e-05
HHS Region 2,1 wk ahead,Bin,percent,10.4,10.5,1e-05
HHS Region 2,1 wk ahead,Bin,percent,10.5,10.6,1e-05
HHS Region 2,1 wk ahead,Bin,percent,10.6,10.7,1e-05
HHS Region 2,1 wk ahead,Bin,percent,10.7,10.8,1e-05
HHS Region 2,1 wk ahead,Bin,percent,10.8,10.9,1e-05
HHS Region 2,1 wk ahead,Bin,percent,10.9,11,1e-05
HHS Region 2,1 wk ahead,Bin,percent,11,11.1,1e-05
HHS Region 2,1 wk ahead,Bin,percent,11.1,11.2,1e-05
HHS Region 2,1 wk ahead,Bin,percent,11.2,11.3,1e-05
HHS Region 2,1 wk ahead,Bin,percent,11.3,11.4,1e-05
HHS Region 2,1 wk ahead,Bin,percent,11.4,11.5,1e-05
HHS Region 2,1 wk ahead,Bin,percent,11.5,11.6,1e-05
HHS Region 2,1 wk ahead,Bin,percent,11.6,11.7,1e-05
HHS Region 2,1 wk ahead,Bin,percent,11.7,11.8,1e-05
HHS Region 2,1 wk ahead,Bin,percent,11.8,11.9,1e-05
HHS Region 2,1 wk ahead,Bin,percent,11.9,12,1e-05
HHS Region 2,1 wk ahead,Bin,percent,12,12.1,1e-05
HHS Region 2,1 wk ahead,Bin,percent,12.1,12.2,1e-05
HHS Region 2,1 wk ahead,Bin,percent,12.2,12.3,1e-05
HHS Region 2,1 wk ahead,Bin,percent,12.3,12.4,1e-05
HHS Region 2,1 wk ahead,Bin,percent,12.4,12.5,1e-05
HHS Region 2,1 wk ahead,Bin,percent,12.5,12.6,1e-05
HHS Region 2,1 wk ahead,Bin,percent,12.6,12.7,1e-05
HHS Region 2,1 wk ahead,Bin,percent,12.7,12.8,1e-05
HHS Region 2,1 wk ahead,Bin,percent,12.8,12.9,1e-05
HHS Region 2,1 wk ahead,Bin,percent,12.9,13,1e-05
HHS Region 2,1 wk ahead,Bin,percent,13,100,1e-05
HHS Region 2,2 wk ahead,Point,percent,,,3.0954969209955068
HHS Region 2,2 wk ahead,Bin,percent,0,0.1,6.139206825863087e-05
HHS Region 2,2 wk ahead,Bin,percent,0.1,0.2,8.934219944926762e-05
HHS Region 2,2 wk ahead,Bin,percent,0.2,0.3,0.00013075895824057608
HHS Region 2,2 wk ahead,Bin,percent,0.3,0.4,0.00019119301988781704
HHS Region 2,2 wk ahead,Bin,percent,0.4,0.5,0.0002780220668266024
HHS Region 2,2 wk ahead,Bin,percent,0.5,0.6,0.0004008468566765942
HHS Region 2,2 wk ahead,Bin,percent,0.6,0.7,0.0005718878980148557
HHS Region 2,2 wk ahead,Bin,percent,0.7,0.8,0.0008063421735670787
HHS Region 2,2 wk ahead,Bin,percent,0.8,0.9,0.0011226452984347175
HHS Region 2,2 wk ahead,Bin,percent,0.9,1,0.0015425714861975006
HHS Region 2,2 wk ahead,Bin,percent,1,1.1,0.0020910941493911326
HHS Region 2,2 wk ahead,Bin,percent,1.1,1.2,0.0027959267827482657
HHS Region 2,2 wk ahead,Bin,percent,1.2,1.3,0.003686670002878676
HHS Region 2,2 wk ahead,Bin,percent,1.3,1.4,0.004793508920521186
HHS Region 2,2 wk ahead,Bin,percent,1.4,1.5,0.006145437093794533
HHS Region 2,2 wk ahead,Bin,percent,1.5,1.6,0.007768029206536814
HHS Region 2,2 wk ahead,Bin,percent,1.6,1.7,0.009680842177432666
HHS Region 2,2 wk ahead,Bin,percent,1.7,1.8,0.011894588928126578
HHS Region 2,2 wk ahead,Bin,percent,1.8,1.9,0.014408293313474528
HHS Region 2,2 wk ahead,Bin,percent,1.9,2,0.01720668956495134
HHS Region 2,2 wk ahead,Bin,percent,2,2.1,0.02025816491985007
HHS Region 2,2 wk ahead,Bin,percent,2.1,2.2,0.02351355038259942
HHS Region 2,2 wk ahead,Bin,percent,2.2,2.3,0.02690603459930924
HHS Region 2,2 wk ahead,Bin,percent,2.3,2.4,0.03035240648113643
HHS Region 2,2 wk ahead,Bin,percent,2.4,2.5,0.03375572573052255
HHS Region 2,2 wk ahead,Bin,percent,2.5,2.6,0.0370093850505293
HHS Region 2,2 wk ahead,Bin,percent,2.6,2.7,0.04000237743404962
HHS Region 2,2 wk ahead,Bin,percent,2.7,2.8,0.04262543463126783
HHS Region 2,2 wk ahead,Bin,percent,2.8,2.9,0.04477757860883098
HHS Region 2,2 wk ahead,Bin,percent,2.9,3,0.04637254530306234
HHS Region 2,2 wk ahead,Bin,percent,3,3.1,0.04734451369533911
HHS Region 2,2 wk ahead,Bin,percent,3.1,3.2,0.04765261068761588
HHS Region 2,2 wk ahead,Bin,percent,3.2,3.3,0.04728376225348601
HHS Region 2,2 wk ahead,Bin,percent,3.3,3.4,0.04625361373370997
HHS Region 2,2 wk ahead,Bin,percent,3.4,3.5,0.04460542900974303
HHS Region 2,2 wk ahead,Bin,percent,3.5,3.6,0.042407076483374856
HHS Region 2,2 wk ahead,Bin,percent,3.6,3.7,0.03974639444405891
HHS Region 2,2 wk ahead,Bin,percent,3.7,3.8,0.03672537671352658
HHS Region 2,2 wk ahead,Bin,percent,3.8,3.9,0.033453714107976616
HHS Region 2,2 wk ahead,Bin,percent,3.9,4,0.03004225888143876
HHS Region 2,2 wk ahead,Bin,percent,4,4.1,0.0265969475486334
HHS Region 2,2 wk ahead,Bin,percent,4.1,4.2,0.023213630534473187
HHS Region 2,2 wk ahead,Bin,percent,4.2,4.3,0.01997412993102901
HHS Region 2,2 wk ahead,Bin,percent,4.3,4.4,0.016943698257146592
HHS Region 2,2 wk ahead,Bin,percent,4.4,4.5,0.01416990139109446
HHS Region 2,2 wk ahead,Bin,percent,4.5,4.6,0.011682815582994327
HHS Region 2,2 wk ahead,Bin,percent,4.6,4.7,0.00949632506889116
HHS Region 2,2 wk ahead,Bin,percent,4.7,4.8,0.007610241004634667
HHS Region 2,2 wk ahead,Bin,percent,4.8,4.9,0.00601293593642642
HHS Region 2,2 wk ahead,Bin,percent,4.9,5,0.004684197256836965
HHS Region 2,2 wk ahead,Bin,percent,5,5.1,0.003598040586098754
HHS Region 2,2 wk ahead,Bin,percent,5.1,5.2,0.002725280125005973
HHS Region 2,2 wk ahead,Bin,percent,5.2,5.3,0.0020357176757534886
HHS Region 2,2 wk ahead,Bin,percent,5.3,5.4,0.0014998761829624345
HHS Region 2,2 wk ahead,Bin,percent,5.4,5.5,0.0010902603119481264
HHS Region 2,2 wk ahead,Bin,percent,5.5,5.6,0.000782171284162693
HHS Region 2,2 wk ahead,Bin,percent,5.6,5.7,0.0005541339907806479
HHS Region 2,2 wk ahead,Bin,percent,5.7,5.8,0.000388011531477664
HHS Region 2,2 wk ahead,Bin,percent,5.8,5.9,0.0002688875847826014
HHS Region 2,2 wk ahead,Bin,percent,5.9,6,0.0001847931393102452
HHS Region 2,2 wk ahead,Bin,percent,6,6.1,0.00012634414276862033
HHS Region 2,2 wk ahead,Bin,percent,6.1,6.2,8.634342656803881e-05
HHS Region 2,2 wk ahead,Bin,percent,6.2,6.3,5.938621656887148e-05
HHS Region 2,2 wk ahead,Bin,percent,6.3,6.4,4.149537962584964e-05
HHS Region 2,2 wk ahead,Bin,percent,6.4,6.5,2.9801355524740833e-05
HHS Region 2,2 wk ahead,Bin,percent,6.5,6.6,2.227297864307433e-05
HHS Region 2,2 wk ahead,Bin,percent,6.6,6.7,1.7499149621370662e-05
HHS Region 2,2 wk ahead,Bin,percent,6.7,6.8,1.4517321929227085e-05
HHS Region 2,2 wk ahead,Bin,percent,6.8,6.9,1.2682606967346113e-05
HHS Region 2,2 wk ahead,Bin,percent,6.9,7,1.1570507582873532e-05
HHS Region 2,2 wk ahead,Bin,percent,7,7.1,1.0906421107344706e-05
HHS Region 2,2 wk ahead,Bin,percent,7.1,7.2,1.0515735427817706e-05
HHS Region 2,2 wk ahead,Bin,percent,7.2,7.3,1.0289288323378287e-05
HHS Region 2,2 wk ahead,Bin,percent,7.3,7.4,1.0159971208704144e-05
HHS Region 2,2 wk ahead,Bin,percent,7.4,7.5,1.0087208683635873e-05
HHS Region 2,2 wk ahead,Bin,percent,7.5,7.6,1.0046868884698455e-05
HHS Region 2,2 wk ahead,Bin,percent,7.6,7.7,1.0024832273915148e-05
HHS Region 2,2 wk ahead,Bin,percent,7.7,7.8,1.0012970458972124e-05
HHS Region 2,2 wk ahead,Bin,percent,7.8,7.9,1.0006678842183723e-05
HHS Region 2,2 wk ahead,Bin,percent,7.9,8,1.000339042390786e-05
HHS Region 2,2 wk ahead,Bin,percent,8,8.1,1.0001696734166897e-05
HHS Region 2,2 wk ahead,Bin,percent,8.1,8.2,1.0000837106264056e-05
HHS Region 2,2 wk ahead,Bin,percent,8.2,8.3,1.0000407149927087e-05
HHS Region 2,2 wk ahead,Bin,percent,8.3,8.4,1.0000195224857294e-05
HHS Region 2,2 wk ahead,Bin,percent,8.4,8.5,1.0000092283243383e-05
HHS Region 2,2 wk ahead,Bin,percent,8.5,8.6,1.000004300486302e-05
HHS Region 2,2 wk ahead,Bin,percent,8.6,8.7,1.0000019756921336e-05
HHS Region 2,2 wk ahead,Bin,percent,8.7,8.8,1.00000089480408e-05
HHS Region 2,2 wk ahead,Bin,percent,8.8,8.9,1.0000003995246907e-05
HHS Region 2,2 wk ahead,Bin,percent,8.9,9,1.0000001758596789e-05
HHS Region 2,2 wk ahead,Bin,percent,9,9.1,1.0000000763125404e-05
HHS Region 2,2 wk ahead,Bin,percent,9.1,9.2,1.0000000326461916e-05
HHS Region 2,2 wk ahead,Bin,percent,9.2,9.3,1.0000000137681673e-05
HHS Region 2,2 wk ahead,Bin,percent,9.3,9.4,1.0000000057243573e-05
HHS Region 2,2 wk ahead,Bin,percent,9.4,9.5,1.000000002346304e-05
HHS Region 2,2 wk ahead,Bin,percent,9.5,9.6,1.0000000009480883e-05
HHS Region 2,2 wk ahead,Bin,percent,9.6,9.7,1.000000000377677e-05
HHS Region 2,2 wk ahead,Bin,percent,9.7,9.8,1.0000000001483198e-05
HHS Region 2,2 wk ahead,Bin,percent,9.8,9.9,1.0000000000574228e-05
HHS Region 2,2 wk ahead,Bin,percent,9.9,10,1.0000000000219169e-05
HHS Region 2,2 wk ahead,Bin,percent,10,10.1,1.0000000000082466e-05
HHS Region 2,2 wk ahead,Bin,percent,10.1,10.2,1.0000000000030587e-05
HHS Region 2,2 wk ahead,Bin,percent,10.2,10.3,1.0000000000011188e-05
HHS Region 2,2 wk ahead,Bin,percent,10.3,10.4,1.0000000000004034e-05
HHS Region 2,2 wk ahead,Bin,percent,10.4,10.5,1.0000000000001434e-05
HHS Region 2,2 wk ahead,Bin,percent,10.5,10.6,1.0000000000000502e-05
HHS Region 2,2 wk ahead,Bin,percent,10.6,10.7,1.0000000000000174e-05
HHS Region 2,2 wk ahead,Bin,percent,10.7,10.8,1.000000000000006e-05
HHS Region 2,2 wk ahead,Bin,percent,10.8,10.9,1.000000000000002e-05
HHS Region 2,2 wk ahead,Bin,percent,10.9,11,1.0000000000000008e-05
HHS Region 2,2 wk ahead,Bin,percent,11,11.1,1.0000000000000003e-05
HHS Region 2,2 wk ahead,Bin,percent,11.1,11.2,1e-05
HHS Region 2,2 wk ahead,Bin,percent,11.2,11.3,1e-05
HHS Region 2,2 wk ahead,Bin,percent,11.3,11.4,1e-05
HHS Region 2,2 wk ahead,Bin,percent,11.4,11.5,1e-05
HHS Region 2,2 wk ahead,Bin,percent,11.5,11.6,1e-05
HHS Region 2,2 wk ahead,Bin,percent,11.6,11.7,1e-05
HHS Region 2,2 wk ahead,Bin,percent,11.7,11.8,1e-05
HHS Region 2,2 wk ahead,Bin,percent,11.8,11.9,1e-05
HHS Region 2,2 wk ahead,Bin,percent,11.9,12,1e-05
HHS Region 2,2 wk ahead,Bin,percent,12,12.1,1e-05
HHS Region 2,2 wk ahead,Bin,percent,12.1,12.2,1e-05
HHS Region 2,2 wk ahead,Bin,percent,12.2,12.3,1e-05
HHS Region 2,2 wk ahead,Bin,percent,12.3,12.4,1e-05
HHS Region 2,2 wk ahead,Bin,percent,12.4,12.5,1e-05
HHS Region 2,2 wk ahead,Bin,percent,12.5,12.6,1e-05
HHS Region 2,2 wk ahead,Bin,percent,12.6,12.7,1e-05
HHS Region 2,2 wk ahead,Bin,percent,12.7,12.8,1e-05
HHS Region 2,2 wk ahead,Bin,percent,12.8,12.9,1e-05
HHS Region 2,2 wk ahead,Bin,percent,12.9,13,1e-05
HHS Region 2,2 wk ahead,Bin,percent,13,100,1e-05
HHS Region 2,3 wk ahead,Point,percent,,,4.325714000573789
HHS Region 2,3 wk ahead,Bin,percent,0,0.1,2.2414659739181477e-05
HHS Region 2,3 wk ahead,Bin,percent,0.1,0.2,2.789157306426312e-05
HHS Region 2,3 wk ahead,Bin,percent,0.2,0.3,3.556526214918302e-05
HHS Region 2,3 wk ahead,Bin,percent,0.3,0.4,4.621929504286451e-05
HHS Region 2,3 wk ahead,Bin,percent,0.4,0.5,6.087656182497753e-05
HHS Region 2,3 wk ahead,Bin,percent,0.5,0.6,8.08571262410548e-05
HHS Region 2,3 wk ahead,Bin,percent,0.6,0.7,0.00010784470617110727
HHS Region 2,3 wk ahead,Bin,percent,0.7,0.8,0.00014396123750769798
HHS Region 2,3 wk ahead,Bin,percent,0.8,0.9,0.0001918481917526544
HHS Region 2,3 wk ahead,Bin,percent,0.9,1,0.0002547523338169938
HHS Region 2,3 wk ahead,Bin,percent,1,1.1,0.0003366124347424826
HHS Region 2,3 wk ahead,Bin,percent,1.1,1.2,0.0004421421290158209
HHS Region 2,3 wk ahead,Bin,percent,1.2,1.3,0.0005769026903139379
HHS Region 2,3 wk ahead,Bin,percent,1.3,1.4,0.000747358086486361
HHS Region 2,3 wk ahead,Bin,percent,1.4,1.5,0.0009609033897662686
HHS Region 2,3 wk ahead,Bin,percent,1.5,1.6,0.0012258566161270287
HHS Region 2,3 wk ahead,Bin,percent,1.6,1.7,0.0015514035249599158
HHS Region 2,3 wk ahead,Bin,percent,1.7,1.8,0.0019474850136660192
HHS Region 2,3 wk ahead,Bin,percent,1.8,1.9,0.0024246176717029624
HHS Region 2,3 wk ahead,Bin,percent,1.9,2,0.002993639968116505
HHS Region 2,3 wk ahead,Bin,percent,2,2.1,0.0036653795374999476
HHS Region 2,3 wk ahead,Bin,percent,2.1,2.2,0.004450241127919276
HHS Region 2,3 wk ahead,Bin,percent,2.2,2.3,0.005357719908854064
HHS Region 2,3 wk ahead,Bin,percent,2.3,2.4,0.006395850820834563
HHS Region 2,3 wk ahead,Bin,percent,2.4,2.5,0.007570611171159711
HHS Region 2,3 wk ahead,Bin,percent,2.5,2.6,0.008885300312264456
HHS Region 2,3 wk ahead,Bin,percent,2.6,2.7,0.010339926449682256
HHS Region 2,3 wk ahead,Bin,percent,2.7,2.8,0.011930635815106231
HHS Region 2,3 wk ahead,Bin,percent,2.8,2.9,0.013649222985290258
HHS Region 2,3 wk ahead,Bin,percent,2.9,3,0.015482762445155071
HHS Region 2,3 wk ahead,Bin,percent,3,3.1,0.01741340010169771
HHS Region 2,3 wk ahead,Bin,percent,3.1,3.2,0.01941833904025294
HHS Region 2,3 wk ahead,Bin,percent,3.2,3.3,0.02147004628803681
HHS Region 2,3 wk ahead,Bin,percent,3.3,3.4,0.023536696891146132
HHS Region 2,3 wk ahead,Bin,percent,3.4,3.5,0.025582858686699225
HHS Region 2,3 wk ahead,Bin,percent,3.5,3.6,0.027570406505988517
HHS Region 2,3 wk ahead,Bin,percent,3.6,3.7,0.029459639159985118
HHS Region 2,3 wk ahead,Bin,percent,3.7,3.8,0.031210557586411582
HHS Region 2,3 wk ahead,Bin,percent,3.8,3.9,0.03278424920267838
HHS Region 2,3 wk ahead,Bin,percent,3.9,4,0.034144312998055835
HHS Region 2,3 wk ahead,Bin,percent,4,4.1,0.035258253243019705
HHS Region 2,3 wk ahead,Bin,percent,4.1,4.2,0.03609876765985938
HHS Region 2,3 wk ahead,Bin,percent,4.2,4.3,0.03664485889713343
HHS Region 2,3 wk ahead,Bin,percent,4.3,4.4,0.03688270617844027
HHS Region 2,3 wk ahead,Bin,percent,4.4,4.5,0.03680624661798411
HHS Region 2,3 wk ahead,Bin,percent,4.5,4.6,0.03641743206910178
HHS Region 2,3 wk ahead,Bin,percent,4.6,4.7,0.035726146315229974
HHS Region 2,3 wk ahead,Bin,percent,4.7,4.8,0.03474978750792612
HHS Region 2,3 wk ahead,Bin,percent,4.8,4.9,0.033512540479258744
HHS Region 2,3 wk ahead,Bin,percent,4.9,5,0.03204438141636773
HHS Region 2,3 wk ahead,Bin,percent,5,5.1,0.0303798720661012
HHS Region 2,3 wk ahead,Bin,percent,5.1,5.2,0.02855681110932732
HHS Region 2,3 wk ahead,Bin,percent,5.2,5.3,0.026614815957225136
HHS Region 2,3 wk ahead,Bin,percent,5.3,5.4,0.024593908749892986
HHS Region 2,3 wk ahead,Bin,percent,5.4,5.5,0.022533175983901844
HHS Region 2,3 wk ahead,Bin,percent,5.5,5.6,0.020469562552797967
HHS Region 2,3 wk ahead,Bin,percent,5.6,5.7,0.0184368489607982
HHS Region 2,3 wk ahead,Bin,percent,5.7,5.8,0.016464846186459412
HHS Region 2,3 wk ahead,Bin,percent,5.8,5.9,0.014578827349779444
HHS Region 2,3 wk ahead,Bin,percent,5.9,6,0.01279920017515509
HHS Region 2,3 wk ahead,Bin,percent,6,6.1,0.011141410323601608
HHS Region 2,3 wk ahead,Bin,percent,6.1,6.2,0.009616053864456235
HHS Region 2,3 wk ahead,Bin,percent,6.2,6.3,0.008229168081867159
HHS Region 2,3 wk ahead,Bin,percent,6.3,6.4,0.006982663790999401
HHS Region 2,3 wk ahead,Bin,percent,6.4,6.5,0.005874859418495669
HHS Region 2,3 wk ahead,Bin,percent,6.5,6.6,0.0049010770770382475
HHS Region 2,3 wk ahead,Bin,percent,6.6,6.7,0.0040542633315571825
HHS Region 2,3 wk ahead,Bin,percent,6.7,6.8,0.003325601774821007
HHS Region 2,3 wk ahead,Bin,percent,6.8,6.9,0.0027050902925767717
HHS Region 2,3 wk ahead,Bin,percent,6.9,7,0.002182062385301553
HHS Region 2,3 wk ahead,Bin,percent,7,7.1,0.0017456385532970125
HHS Region 2,3 wk ahead,Bin,percent,7.1,7.2,0.001385100059229459
HHS Region 2,3 wk ahead,Bin,percent,7.2,7.3,0.0010901829844497165
HHS Region 2,3 wk ahead,Bin,percent,7.3,7.4,0.0008512951426777128
HHS Region 2,3 wk ahead,Bin,percent,7.4,7.5,0.000659661977630612
HHS Region 2,3 wk ahead,Bin,percent,7.5,7.6,0.0005074100282959101
HHS Region 2,3 wk ahead,Bin,percent,7.6,7.7,0.00038759796279239485
HHS Region 2,3 wk ahead,Bin,percent,7.7,7.8,0.00029420568891222584
HHS Region 2,3 wk ahead,Bin,percent,7.8,7.9,0.00022209181563022875
HHS Region 2,3 wk ahead,Bin,percent,7.9,8,0.00016692895098098013
HHS Region 2,3 wk ahead,Bin,percent,8,8.1,0.00012512516138649327
HHS Region 2,3 wk ahead,Bin,percent,8.1,8.2,9.373855281442374e-05
HHS Region 2,3 wk ahead,Bin,percent,8.2,8.3,7.039050603980538e-05
HHS Region 2,3 wk ahead,Bin,percent,8.3,8.4,5.318171683281498e-05
HHS Region 2,3 wk ahead,Bin,percent,8.4,8.5,4.061393531419357e-05
HHS Region 2,3 wk ahead,Bin,percent,8.5,8.6,3.15192154610656e-05
HHS Region 2,3 wk ahead,Bin,percent,8.6,8.7,2.499759861757276e-05
HHS Region 2,3 wk ahead,Bin,percent,8.7,8.8,2.0363466250282928e-05
HHS Region 2,3 wk ahead,Bin,percent,8.8,8.9,1.7100294577895912e-05
HHS Region 2,3 wk ahead,Bin,percent,8.9,9,1.4823204938860046e-05
HHS Region 2,3 wk ahead,Bin,percent,9,9.1,1.3248501582347135e-05
HHS Region 2,3 wk ahead,Bin,percent,9.1,9.2,1.2169294266470328e-05
HHS Region 2,3 wk ahead,Bin,percent,9.2,9.3,1.1436289127096385e-05
HHS Region 2,3 wk ahead,Bin,percent,9.3,9.4,1.094287320929312e-05
HHS Region 2,3 wk ahead,Bin,percent,9.4,9.5,1.0613695215825997e-05
HHS Region 2,3 wk ahead,Bin,percent,9.5,9.6,1.0396041045301593e-05
HHS Region 2,3 wk ahead,Bin,percent,9.6,9.7,1.0253405290227807e-05
HHS Region 2,3 wk ahead,Bin,percent,9.7,9.8,1.0160760435855728e-05
HHS Region 2,3 wk ahead,Bin,percent,9.8,9.9,1.010111851695139e-05
HHS Region 2,3 wk ahead,Bin,percent,9.9,10,1.0063062361032311e-05
HHS Region 2,3 wk ahead,Bin,percent,10,10.1,1.0038993999369892e-05
HHS Region 2,3 wk ahead,Bin,percent,10.1,10.2,1.0023906354365345e-05
HHS Region 2,3 wk ahead,Bin,percent,10.2,10.3,1.001453171741403e-05
HHS Region 2,3 wk ahead,Bin,percent,10.3,10.4,1.0008758072857347e-05
HHS Region 2,3 wk ahead,Bin,percent,10.4,10.5,1.0005233451239715e-05
HHS Region 2,3 wk ahead,Bin,percent,10.5,10.6,1.0003100672013237e-05
HHS Region 2,3 wk ahead,Bin,percent,10.6,10.7,1.0001821425846907e-05
HHS Region 2,3 wk ahead,Bin,percent,10.7,10.8,1.0001060852928538e-05
HHS Region 2,3 wk ahead,Bin,percent,10.8,10.9,1.0000612613951044e-05
HHS Region 2,3 wk ahead,Bin,percent,10.9,11,1.0000350757208093e-05
HHS Region 2,3 wk ahead,Bin,percent,11,11.1,1.0000199119753093e-05
HHS Region 2,3 wk ahead,Bin,percent,11.1,11.2,1.0000112075350113e-05
HHS Region 2,3 wk ahead,Bin,percent,11.2,11.3,1.0000062545185093e-05
HHS Region 2,3 wk ahead,Bin,percent,11.3,11.4,1.0000034607137508e-05
HHS Region 2,3 wk ahead,Bin,percent,11.4,11.5,1.0000018985651019e-05
HHS Region 2,3 wk ahead,Bin,percent,11.5,11.6,1.0000010326979803e-05
HHS Region 2,3 wk ahead,Bin,percent,11.6,11.7,1.000000556940987e-05
HHS Region 2,3 wk ahead,Bin,percent,11.7,11.8,1.0000002978057312e-05
HHS Region 2,3 wk ahead,Bin,percent,11.8,11.9,1.0000001578864796e-05
HHS Region 2,3 wk ahead,Bin,percent,11.9,12,1.0000000829936472e-05
HHS Region 2,3 wk ahead,Bin,percent,12,12.1,1.0000000432546478e-05
HHS Region 2,3 wk ahead,Bin,percent,12.1,12.2,1.0000000223516056e-05
HHS Region 2,3 wk ahead,Bin,percent,12.2,12.3,1.000000011451772e-05
HHS Region 2,3 wk ahead,Bin,percent,12.3,12.4,1.0000000058173427e-05
HHS Region 2,3 wk ahead,Bin,percent,12.4,12.5,1.0000000029299804e-05
HHS Region 2,3 wk ahead,Bin,percent,12.5,12.6,1.0000000014631633e-05
HHS Region 2,3 wk ahead,Bin,percent,12.6,12.7,1.0000000007244508e-05
HHS Region 2,3 wk ahead,Bin,percent,12.7,12.8,1.000000000355642e-05
HHS Region 2,3 wk ahead,Bin,percent,12.8,12.9,1.0000000001731031e-05
HHS Region 2,3 wk ahead,Bin,percent,12.9,13,1.0000000000835382e-05
HHS Region 2,3 wk ahead,Bin,percent,13,100,1.0000000000399719e-05
HHS Region 2,4 wk ahead,Point,percent,,,3.927535184223912
HHS Region 2,4 wk ahead,Bin,percent,0,0.1,8.798778717421251e-05
HHS Region 2,4 wk ahead,Bin,percent,0.1,0.2,0.00011609534121452969
HHS Region 2,4 wk ahead,Bin,percent,0.2,0.3,0.00015319199643319112
HHS Region 2,4 wk ahead,Bin,percent,0.3,0.4,0.0002017316849296541
HHS Region 2,4 wk ahead,Bin,percent,0.4,0.5,0.0002646957791105991
HHS Region 2,4 wk ahead,Bin,percent,0.5,0.6,0.00034566211057359916
HHS Region 2,4 wk ahead,Bin,percent,0.6,0.7,0.0004488697108771615
HHS Region 2,4 wk ahead,Bin,percent,0.7,0.8,0.0005792743424646173
HHS Region 2,4 wk ahead,Bin,percent,0.8,0.9,0.0007425888871749786
HHS Region 2,4 wk ahead,Bin,percent,0.9,1,0.0009453017713952462
HHS Region 2,4 wk ahead,Bin,percent,1,1.1,0.0011946659378798447
HHS Region 2,4 wk ahead,Bin,percent,1.1,1.2,0.0014986505444224518
HHS Region 2,4 wk ahead,Bin,percent,1.2,1.3,0.0018658477037931766
HHS Region 2,4 wk ahead,Bin,percent,1.3,1.4,0.00230532729680138
HHS Region 2,4 wk ahead,Bin,percent,1.4,1.5,0.002826434291213319
HHS Region 2,4 wk ahead,Bin,percent,1.5,1.6,0.003438525149957955
HHS Region 2,4 wk ahead,Bin,percent,1.6,1.7,0.0041506428300283
HHS Region 2,4 wk ahead,Bin,percent,1.7,1.8,0.004971133513279968
HHS Region 2,4 wk ahead,Bin,percent,1.8,1.9,0.005907212452892436
HHS Region 2,4 wk ahead,Bin,percent,1.9,2,0.0069644909663834674
HHS Region 2,4 wk ahead,Bin,percent,2,2.1,0.008146481381803185
HHS Region 2,4 wk ahead,Bin,percent,2.1,2.2,0.00945410130415688
HHS Region 2,4 wk ahead,Bin,percent,2.2,2.3,0.010885202521092914
HHS Region 2,4 wk ahead,Bin,percent,2.3,2.4,0.012434152795646998
HHS Region 2,4 wk ahead,Bin,percent,2.4,2.5,0.014091500297762863
HHS Region 2,4 wk ahead,Bin,percent,2.5,2.6,0.015843750156760622
HHS Region 2,4 wk ahead,Bin,percent,2.6,2.7,0.017673280319255594
HHS Region 2,4 wk ahead,Bin,percent,2.7,2.8,0.019558419448723642
HHS Region 2,4 wk ahead,Bin,percent,2.8,2.9,0.02147370304412835
HHS Region 2,4 wk ahead,Bin,percent,2.9,3,0.023390315507191055
HHS Region 2,4 wk ahead,Bin,percent,3,3.1,0.0252767159566234
HHS Region 2,4 wk ahead,Bin,percent,3.1,3.2,0.02709943474779901
HHS Region 2,4 wk ahead,Bin,percent,3.2,3.3,0.02882401661851812
HHS Region 2,4 wk ahead,Bin,percent,3.3,3.4,0.03041607594170785
HHS Region 2,4 wk ahead,Bin,percent,3.4,3.5,0.031842420541814166
HHS Region 2,4 wk ahead,Bin,percent,3.5,3.6,0.033072193691304604
HHS Region 2,4 wk ahead,Bin,percent,3.6,3.7,0.034077979893155017
HHS Region 2,4 wk ahead,Bin,percent,3.7,3.8,0.03483681933286132
HHS Region 2,4 wk ahead,Bin,percent,3.8,3.9,0.03533107866856152
HHS Region 2,4 wk ahead,Bin,percent,3.9,4,0.03554913206871867
HHS Region 2,4 wk ahead,Bin,percent,4,4.1,0.03548581577427058
HHS Region 2,4 wk ahead,Bin,percent,4.1,4.2,0.03514263136856658
HHS Region 2,4 wk ahead,Bin,percent,4.2,4.3,0.034527686582202004
HHS Region 2,4 wk ahead,Bin,percent,4.3,4.4,0.0336553768911697
HHS Region 2,4 wk ahead,Bin,percent,4.4,4.5,0.032545825368055774
HHS Region 2,4 wk ahead,Bin,percent,4.5,4.6,0.031224111219584124
HHS Region 2,4 wk ahead,Bin,percent,4.6,4.7,0.029719328297170205
HHS Region 2,4 wk ahead,Bin,percent,4.7,4.8,0.028063522887845933
HHS Region 2,4 wk ahead,Bin,percent,4.8,4.9,0.02629056480537733
HHS Region 2,4 wk ahead,Bin,percent,4.9,5,0.024435007000333443
HHS Region 2,4 wk ahead,Bin,percent,5,5.1,0.022530986665753743
HHS Region 2,4 wk ahead,Bin,percent,5.1,5.2,0.02061121546378388
HHS Region 2,4 wk ahead,Bin,percent,5.2,5.3,0.01870609858831489
HHS Region 2,4 wk ahead,Bin,percent,5.3,5.4,0.016843012618807184
HHS Region 2,4 wk ahead,Bin,percent,5.4,5.5,0.015045761310523244
HHS Region 2,4 wk ahead,Bin,percent,5.5,5.6,0.01333421742280338
HHS Region 2,4 wk ahead,Bin,percent,5.6,5.7,0.011724148174610958
HHS Region 2,4 wk ahead,Bin,percent,5.7,5.8,0.01022721259024058
HHS Region 2,4 wk ahead,Bin,percent,5.8,5.9,0.008851111359683448
HHS Region 2,4 wk ahead,Bin,percent,5.9,6,0.007599864211292288
HHS Region 2,4 wk ahead,Bin,percent,6,6.1,0.006474186317696309
HHS Region 2,4 wk ahead,Bin,percent,6.1,6.2,0.005471933893344207
HHS Region 2,4 wk ahead,Bin,percent,6.2,6.3,0.004588589707382206
HHS Region 2,4 wk ahead,Bin,percent,6.3,6.4,0.003817761426924725
HHS Region 2,4 wk ahead,Bin,percent,6.4,6.5,0.0031516691456171834
HHS Region 2,4 wk ahead,Bin,percent,6.5,6.6,0.002581602728500984
HHS Region 2,4 wk ahead,Bin,percent,6.6,6.7,0.002098334307589074
HHS Region 2,4 wk ahead,Bin,percent,6.7,6.8,0.0016924760193302735
HHS Region 2,4 wk ahead,Bin,percent,6.8,6.9,0.0013547775701162517
HHS Region 2,4 wk ahead,Bin,percent,6.9,7,0.0010763622074629591
HHS Region 2,4 wk ahead,Bin,percent,7,7.1,0.0008489030001141702
HHS Region 2,4 wk ahead,Bin,percent,7.1,7.2,0.0006647439051274753
HHS Region 2,4 wk ahead,Bin,percent,7.2,7.3,0.0005169719083794906
HHS Region 2,4 wk ahead,Bin,percent,7.3,7.4,0.0003994476081461931
HHS Region 2,4 wk ahead,Bin,percent,7.4,7.5,0.00030680205296370564
HHS Region 2,4 wk ahead,Bin,percent,7.5,7.6,0.00023440755533381846
HHS Region 2,4 wk ahead,Bin,percent,7.6,7.7,0.00017832970523582362
HHS Region 2,4 wk ahead,Bin,percent,7.7,7.8,0.00013526702562272172
HHS Region 2,4 wk ahead,Bin,percent,7.8,7.9,0.00010248376093928528
HHS Region 2,4 wk ahead,Bin,percent,7.9,8,7.774026848688481e-05
HHS Region 2,4 wk ahead,Bin,percent,8,8.1,5.9224471171580065e-05
HHS Region 2,4 wk ahead,Bin,percent,8.1,8.2,4.5486888251142796e-05
HHS Region 2,4 wk ahead,Bin,percent,8.2,8.3,3.538092775997002e-05
HHS Region 2,4 wk ahead,Bin,percent,8.3,8.4,2.8009422278929125e-05
HHS Region 2,4 wk ahead,Bin,percent,8.4,8.5,2.267782591756102e-05
HHS Region 2,4 wk ahead,Bin,percent,8.5,8.6,1.885406082316428e-05
HHS Region 2,4 wk ahead,Bin,percent,8.6,8.7,1.6134694387518343e-05
HHS Region 2,4 wk ahead,Bin,percent,8.7,8.8,1.42169269511538e-05
HHS Region 2,4 wk ahead,Bin,percent,8.8,8.9,1.2875755358940928e-05
HHS Region 2,4 wk ahead,Bin,percent,8.9,9,1.1945631155071305e-05
HHS Region 2,4 wk ahead,Bin,percent,9,9.1,1.1305935718558334e-05
HHS Region 2,4 wk ahead,Bin,percent,9.1,9.2,1.0869632582652898e-05
HHS Region 2,4 wk ahead,Bin,percent,9.2,9.3,1.0574516518733977e-05
HHS Region 2,4 wk ahead,Bin,percent,9.3,9.4,1.0376549392755929e-05
HHS Region 2,4 wk ahead,Bin,percent,9.4,9.5,1.0244846611019724e-05
HHS Region 2,4 wk ahead,Bin,percent,9.5,9.6,1.0157949755209011e-05
HHS Region 2,4 wk ahead,Bin,percent,9.6,9.7,1.0101087284764098e-05
HHS Region 2,4 wk ahead,Bin,percent,9.7,9.8,1.0064184006024472e-05
HHS Region 2,4 wk ahead,Bin,percent,9.8,9.9,1.0040430566148818e-05
HHS Region 2,4 wk ahead,Bin,percent,9.9,10,1.002526652639957e-05
HHS Region 2,4 wk ahead,Bin,percent,10,10.1,1.0015665128847928e-05
HHS Region 2,4 wk ahead,Bin,percent,10.1,10.2,1.000963551911048e-05
HHS Region 2,4 wk ahead,Bin,percent,10.2,10.3,1.0005879886962944e-05
HHS Region 2,4 wk ahead,Bin,percent,10.3,10.4,1.000355971764604e-05
HHS Region 2,4 wk ahead,Bin,percent,10.4,10.5,1.0002138035146024e-05
HHS Region 2,4 wk ahead,Bin,percent,10.5,10.6,1.0001273992416904e-05
HHS Region 2,4 wk ahead,Bin,percent,10.6,10.7,1.0000753132796615e-05
HHS Region 2,4 wk ahead,Bin,percent,10.7,10.8,1.0000441701619612e-05
HHS Region 2,4 wk ahead,Bin,percent,10.8,10.9,1.0000257003559008e-05
HHS Region 2,4 wk ahead,Bin,percent,10.9,11,1.0000148354935003e-05
HHS Region 2,4 wk ahead,Bin,percent,11,11.1,1.0000084960600246e-05
HHS Region 2,4 wk ahead,Bin,percent,11.1,11.2,1.000004827095163e-05
HHS Region 2,4 wk ahead,Bin,percent,11.2,11.3,1.0000027208641831e-05
HHS Region 2,4 wk ahead,Bin,percent,11.3,11.4,1.0000015215302147e-05
HHS Region 2,4 wk ahead,Bin,percent,11.4,11.5,1.0000008441254857e-05
HHS Region 2,4 wk ahead,Bin,percent,11.5,11.6,1.0000004646074384e-05
HHS Region 2,4 wk ahead,Bin,percent,11.6,11.7,1.0000002536985698e-05
HHS Region 2,4 wk ahead,Bin,percent,11.7,11.8,1.0000001374366603e-05
HHS Region 2,4 wk ahead,Bin,percent,11.8,11.9,1.0000000738652008e-05
HHS Region 2,4 wk ahead,Bin,percent,11.9,12,1.0000000393849123e-05
HHS Region 2,4 wk ahead,Bin,percent,12,12.1,1.0000000208339972e-05
HHS Region 2,4 wk ahead,Bin,percent,12.1,12.2,1.0000000109337224e-05
HHS Region 2,4 wk ahead,Bin,percent,12.2,12.3,1.0000000056926724e-05
HHS Region 2,4 wk ahead,Bin,percent,12.3,12.4,1.0000000029404719e-05
HHS Region 2,4 wk ahead,Bin,percent,12.4,12.5,1.0000000015068522e-05
HHS Region 2,4 wk ahead,Bin,percent,12.5,12.6,1.000000000766085e-05
HHS Region 2,4 wk ahead,Bin,percent,12.6,12.7,1.0000000003863987e-05
HHS Region 2,4 wk ahead,Bin,percent,12.7,12.8,1.0000000001933516e-05
HHS Region 2,4 wk ahead,Bin,percent,12.8,12.9,1.0000000000959867e-05
HHS Region 2,4 wk ahead,Bin,percent,12.9,13,1.0000000000472749e-05
HHS Region 2,4 wk ahead,Bin,percent,13,100,1.0000000000230992e-05
HHS Region 3,Season onset,Point,week,,,4.500000000000006
HHS Region 3,Season onset,Bin,week,40,41,0.029411764705882363
HHS Region 3,Season onset,Bin,week,41,42,0.029411764705882363
HHS Region 3,Season onset,Bin,week,42,43,0.029411764705882363
HHS Region 3,Season onset,Bin,week,43,44,0.029411764705882363
HHS Region 3,Season onset,Bin,week,44,45,0.029411764705882363
HHS Region 3,Season onset,Bin,week,45,46,0.029411764705882363
HHS Region 3,Season onset,Bin,week,46,47,0.029411764705882363
HHS Region 3,Season onset,Bin,week,47,48,0.029411764705882363
HHS Region 3,Season onset,Bin,week,48,49,0.029411764705882363
HHS Region 3,Season onset,Bin,week,49,50,0.029411764705882363
HHS Region 3,Season onset,Bin,week,50,51,0.029411764705882363
HHS Region 3,Season onset,Bin,week,51,52,0.029411764705882363
HHS Region 3,Season onset,Bin,week,52,53,0.029411764705882363
HHS Region 3,Season onset,Bin,week,1,2,0.029411764705882363
HHS Region 3,Season onset,Bin,week,2,3,0.029411764705882363
HHS Region 3,Season onset,Bin,week,3,4,0.029411764705882363
HHS Region 3,Season onset,Bin,week,4,5,0.029411764705882363
HHS Region 3,Season onset,Bin,week,5,6,0.029411764705882363
HHS Region 3,Season onset,Bin,week,6,7,0.029411764705882363
HHS Region 3,Season onset,Bin,week,7,8,0.029411764705882363
HHS Region 3,Season onset,Bin,week,8,9,0.029411764705882363
HHS Region 3,Season onset,Bin,week,9,10,0.029411764705882363
HHS Region 3,Season onset,Bin,week,10,11,0.029411764705882363
HHS Region 3,Season onset,Bin,week,11,12,0.029411764705882363
HHS Region 3,Season onset,Bin,week,12,13,0.029411764705882363
HHS Region 3,Season onset,Bin,week,13,14,0.029411764705882363
HHS Region 3,Season onset,Bin,week,14,15,0.029411764705882363
HHS Region 3,Season onset,Bin,week,15,16,0.029411764705882363
HHS Region 3,Season onset,Bin,week,16,17,0.029411764705882363
HHS Region 3,Season onset,Bin,week,17,18,0.029411764705882363
HHS Region 3,Season onset,Bin,week,18,19,0.029411764705882363
HHS Region 3,Season onset,Bin,week,19,20,0.029411764705882363
HHS Region 3,Season onset,Bin,week,20,21,0.029411764705882363
HHS Region 3,Season onset,Bin,week,none,none,0.029411764705882363
HHS Region 3,Season peak week,Point,week,,,4.4999999999999885
HHS Region 3,Season peak week,Bin,week,40,41,0.030303030303030307
HHS Region 3,Season peak week,Bin,week,41,42,0.030303030303030307
HHS Region 3,Season peak week,Bin,week,42,43,0.030303030303030307
HHS Region 3,Season peak week,Bin,week,43,44,0.030303030303030307
HHS Region 3,Season peak week,Bin,week,44,45,0.030303030303030307
HHS Region 3,Season peak week,Bin,week,45,46,0.030303030303030307
HHS Region 3,Season peak week,Bin,week,46,47,0.030303030303030307
HHS Region 3,Season peak week,Bin,week,47,48,0.030303030303030307
HHS Region 3,Season peak week,Bin,week,48,49,0.030303030303030307
HHS Region 3,Season peak week,Bin,week,49,50,0.030303030303030307
HHS Region 3,Season peak week,Bin,week,50,51,0.030303030303030307
HHS Region 3,Season peak week,Bin,week,51,52,0.030303030303030307
HHS Region 3,Season peak week,Bin,week,52,53,0.030303030303030307
HHS Region 3,Season peak week,Bin,week,1,2,0.030303030303030307
HHS Region 3,Season peak week,Bin,week,2,3,0.030303030303030307
HHS Region 3,Season peak week,Bin,week,3,4,0.030303030303030307
HHS Region 3,Season peak week,Bin,week,4,5,0.030303030303030307
HHS Region 3,Season peak week,Bin,week,5,6,0.030303030303030307
HHS Region 3,Season peak week,Bin,week,6,7,0.030303030303030307
HHS Region 3,Season peak week,Bin,week,7,8,0.030303030303030307
HHS Region 3,Season peak week,Bin,week,8,9,0.030303030303030307
HHS Region 3,Season peak week,Bin,week,9,10,0.030303030303030307
HHS Region 3,Season peak week,Bin,week,10,11,0.030303030303030307
HHS Region 3,Season peak week,Bin,week,11,12,0.030303030303030307
HHS Region 3,Season peak week,Bin,week,12,13,0.030303030303030307
HHS Region 3,Season peak week,Bin,week,13,14,0.030303030303030307
HHS Region 3,Season peak week,Bin,week,14,15,0.030303030303030307
HHS Region 3,Season peak week,Bin,week,15,16,0.030303030303030307
HHS Region 3,Season peak week,Bin,week,16,17,0.030303030303030307
HHS Region 3,Season peak week,Bin,week,17,18,0.030303030303030307
HHS Region 3,Season peak week,Bin,week,18,19,0.030303030303030307
HHS Region 3,Season peak week,Bin,week,19,20,0.030303030303030307
HHS Region 3,Season peak week,Bin,week,20,21,0.030303030303030307
HHS Region 3,Season peak percentage,Point,percent,,,6.5500000000000025
HHS Region 3,Season peak percentage,Bin,percent,0,0.1,0.0076335877862595426
HHS Region 3,Season peak percentage,Bin,percent,0.1,0.2,0.0076335877862595426
HHS Region 3,Season peak percentage,Bin,percent,0.2,0.3,0.0076335877862595426
HHS Region 3,Season peak percentage,Bin,percent,0.3,0.4,0.0076335877862595426
HHS Region 3,Season peak percentage,Bin,percent,0.4,0.5,0.0076335877862595426
HHS Region 3,Season peak percentage,Bin,percent,0.5,0.6,0.0076335877862595426
HHS Region 3,Season peak percentage,Bin,percent,0.6,0.7,0.0076335877862595426
HHS Region 3,Season peak percentage,Bin,percent,0.7,0.8,0.0076335877862595426
HHS Region 3,Season peak percentage,Bin,percent,0.8,0.9,0.0076335877862595426
HHS Region 3,Season peak percentage,Bin,percent,0.9,1,0.0076335877862595426
HHS Region 3,Season peak percentage,Bin,percent,1,1.1,0.0076335877862595426
HHS Region 3,Season peak percentage,Bin,percent,1.1,1.2,0.0076335877862595426
HHS Region 3,Season peak percentage,Bin,percent,1.2,1.3,0.0076335877862595426
HHS Region 3,Season peak percentage,Bin,percent,1.3,1.4,0.0076335877862595426
HHS Region 3,Season peak percentage,Bin,percent,1.4,1.5,0.0076335877862595426
HHS Region 3,Season peak percentage,Bin,percent,1.5,1.6,0.0076335877862595426
HHS Region 3,Season peak percentage,Bin,percent,1.6,1.7,0.0076335877862595426
HHS Region 3,Season peak percentage,Bin,percent,1.7,1.8,0.0076335877862595426
HHS Region 3,Season peak percentage,Bin,percent,1.8,1.9,0.0076335877862595426
HHS Region 3,Season peak percentage,Bin,percent,1.9,2,0.0076335877862595426
HHS Region 3,Season peak percentage,Bin,percent,2,2.1,0.0076335877862595426
HHS Region 3,Season peak percentage,Bin,percent,2.1,2.2,0.0076335877862595426
HHS Region 3,Season peak percentage,Bin,percent,2.2,2.3,0.0076335877862595426
HHS Region 3,Season peak percentage,Bin,percent,2.3,2.4,0.0076335877862595426
HHS Region 3,Season peak percentage,Bin,percent,2.4,2.5,0.0076335877862595426
HHS Region 3,Season peak percentage,Bin,percent,2.5,2.6,0.0076335877862595426
HHS Region 3,Season peak percentage,Bin,percent,2.6,2.7,0.0076335877862595426
HHS Region 3,Season peak percentage,Bin,percent,2.7,2.8,0.0076335877862595426
HHS Region 3,Season peak percentage,Bin,percent,2.8,2.9,0.0076335877862595426
HHS Region 3,Season peak percentage,Bin,percent,2.9,3,0.0076335877862595426
HHS Region 3,Season peak percentage,Bin,percent,3,3.1,0.0076335877862595426
HHS Region 3,Season peak percentage,Bin,percent,3.1,3.2,0.0076335877862595426
HHS Region 3,Season peak percentage,Bin,percent,3.2,3.3,0.0076335877862595426
HHS Region 3,Season peak percentage,Bin,percent,3.3,3.4,0.0076335877862595426
HHS Region 3,Season peak percentage,Bin,percent,3.4,3.5,0.0076335877862595426
HHS Region 3,Season peak percentage,Bin,percent,3.5,3.6,0.0076335877862595426
HHS Region 3,Season peak percentage,Bin,percent,3.6,3.7,0.0076335877862595426
HHS Region 3,Season peak percentage,Bin,percent,3.7,3.8,0.0076335877862595426
HHS Region 3,Season peak percentage,Bin,percent,3.8,3.9,0.0076335877862595426
HHS Region 3,Season peak percentage,Bin,percent,3.9,4,0.0076335877862595426
HHS Region 3,Season peak percentage,Bin,percent,4,4.1,0.0076335877862595426
HHS Region 3,Season peak percentage,Bin,percent,4.1,4.2,0.0076335877862595426
HHS Region 3,Season peak percentage,Bin,percent,4.2,4.3,0.0076335877862595426
HHS Region 3,Season peak percentage,Bin,percent,4.3,4.4,0.0076335877862595426
HHS Region 3,Season peak percentage,Bin,percent,4.4,4.5,0.0076335877862595426
HHS Region 3,Season peak percentage,Bin,percent,4.5,4.6,0.0076335877862595426
HHS Region 3,Season peak percentage,Bin,percent,4.6,4.7,0.0076335877862595426
HHS Region 3,Season peak percentage,Bin,percent,4.7,4.8,0.0076335877862595426
HHS Region 3,Season peak percentage,Bin,percent,4.8,4.9,0.0076335877862595426
HHS Region 3,Season peak percentage,Bin,percent,4.9,5,0.0076335877862595426
HHS Region 3,Season peak percentage,Bin,percent,5,5.1,0.0076335877862595426
HHS Region 3,Season peak percentage,Bin,percent,5.1,5.2,0.0076335877862595426
HHS Region 3,Season peak percentage,Bin,percent,5.2,5.3,0.0076335877862595426
HHS Region 3,Season peak percentage,Bin,percent,5.3,5.4,0.0076335877862595426
HHS Region 3,Season peak percentage,Bin,percent,5.4,5.5,0.0076335877862595426
HHS Region 3,Season peak percentage,Bin,percent,5.5,5.6,0.0076335877862595426
HHS Region 3,Season peak percentage,Bin,percent,5.6,5.7,0.0076335877862595426
HHS Region 3,Season peak percentage,Bin,percent,5.7,5.8,0.0076335877862595426
HHS Region 3,Season peak percentage,Bin,percent,5.8,5.9,0.0076335877862595426
HHS Region 3,Season peak percentage,Bin,percent,5.9,6,0.0076335877862595426
HHS Region 3,Season peak percentage,Bin,percent,6,6.1,0.0076335877862595426
HHS Region 3,Season peak percentage,Bin,percent,6.1,6.2,0.0076335877862595426
HHS Region 3,Season peak percentage,Bin,percent,6.2,6.3,0.0076335877862595426
HHS Region 3,Season peak percentage,Bin,percent,6.3,6.4,0.0076335877862595426
HHS Region 3,Season peak percentage,Bin,percent,6.4,6.5,0.0076335877862595426
HHS Region 3,Season peak percentage,Bin,percent,6.5,6.6,0.0076335877862595426
HHS Region 3,Season peak percentage,Bin,percent,6.6,6.7,0.0076335877862595426
HHS Region 3,Season peak percentage,Bin,percent,6.7,6.8,0.0076335877862595426
HHS Region 3,Season peak percentage,Bin,percent,6.8,6.9,0.0076335877862595426
HHS Region 3,Season peak percentage,Bin,percent,6.9,7,0.0076335877862595426
HHS Region 3,Season peak percentage,Bin,percent,7,7.1,0.0076335877862595426
HHS Region 3,Season peak percentage,Bin,percent,7.1,7.2,0.0076335877862595426
HHS Region 3,Season peak percentage,Bin,percent,7.2,7.3,0.0076335877862595426
HHS Region 3,Season peak percentage,Bin,percent,7.3,7.4,0.0076335877862595426
HHS Region 3,Season peak percentage,Bin,percent,7.4,7.5,0.0076335877862595426
HHS Region 3,Season peak percentage,Bin,percent,7.5,7.6,0.0076335877862595426
HHS Region 3,Season peak percentage,Bin,percent,7.6,7.7,0.0076335877862595426
HHS Region 3,Season peak percentage,Bin,percent,7.7,7.8,0.0076335877862595426
HHS Region 3,Season peak percentage,Bin,percent,7.8,7.9,0.0076335877862595426
HHS Region 3,Season peak percentage,Bin,percent,7.9,8,0.0076335877862595426
HHS Region 3,Season peak percentage,Bin,percent,8,8.1,0.0076335877862595426
HHS Region 3,Season peak percentage,Bin,percent,8.1,8.2,0.0076335877862595426
HHS Region 3,Season peak percentage,Bin,percent,8.2,8.3,0.0076335877862595426
HHS Region 3,Season peak percentage,Bin,percent,8.3,8.4,0.0076335877862595426
HHS Region 3,Season peak percentage,Bin,percent,8.4,8.5,0.0076335877862595426
HHS Region 3,Season peak percentage,Bin,percent,8.5,8.6,0.0076335877862595426
HHS Region 3,Season peak percentage,Bin,percent,8.6,8.7,0.0076335877862595426
HHS Region 3,Season peak percentage,Bin,percent,8.7,8.8,0.0076335877862595426
HHS Region 3,Season peak percentage,Bin,percent,8.8,8.9,0.0076335877862595426
HHS Region 3,Season peak percentage,Bin,percent,8.9,9,0.0076335877862595426
HHS Region 3,Season peak percentage,Bin,percent,9,9.1,0.0076335877862595426
HHS Region 3,Season peak percentage,Bin,percent,9.1,9.2,0.0076335877862595426
HHS Region 3,Season peak percentage,Bin,percent,9.2,9.3,0.0076335877862595426
HHS Region 3,Season peak percentage,Bin,percent,9.3,9.4,0.0076335877862595426
HHS Region 3,Season peak percentage,Bin,percent,9.4,9.5,0.0076335877862595426
HHS Region 3,Season peak percentage,Bin,percent,9.5,9.6,0.0076335877862595426
HHS Region 3,Season peak percentage,Bin,percent,9.6,9.7,0.0076335877862595426
HHS Region 3,Season peak percentage,Bin,percent,9.7,9.8,0.0076335877862595426
HHS Region 3,Season peak percentage,Bin,percent,9.8,9.9,0.0076335877862595426
HHS Region 3,Season peak percentage,Bin,percent,9.9,10,0.0076335877862595426
HHS Region 3,Season peak percentage,Bin,percent,10,10.1,0.0076335877862595426
HHS Region 3,Season peak percentage,Bin,percent,10.1,10.2,0.0076335877862595426
HHS Region 3,Season peak percentage,Bin,percent,10.2,10.3,0.0076335877862595426
HHS Region 3,Season peak percentage,Bin,percent,10.3,10.4,0.0076335877862595426
HHS Region 3,Season peak percentage,Bin,percent,10.4,10.5,0.0076335877862595426
HHS Region 3,Season peak percentage,Bin,percent,10.5,10.6,0.0076335877862595426
HHS Region 3,Season peak percentage,Bin,percent,10.6,10.7,0.0076335877862595426
HHS Region 3,Season peak percentage,Bin,percent,10.7,10.8,0.0076335877862595426
HHS Region 3,Season peak percentage,Bin,percent,10.8,10.9,0.0076335877862595426
HHS Region 3,Season peak percentage,Bin,percent,10.9,11,0.0076335877862595426
HHS Region 3,Season peak percentage,Bin,percent,11,11.1,0.0076335877862595426
HHS Region 3,Season peak percentage,Bin,percent,11.1,11.2,0.0076335877862595426
HHS Region 3,Season peak percentage,Bin,percent,11.2,11.3,0.0076335877862595426
HHS Region 3,Season peak percentage,Bin,percent,11.3,11.4,0.0076335877862595426
HHS Region 3,Season peak percentage,Bin,percent,11.4,11.5,0.0076335877862595426
HHS Region 3,Season peak percentage,Bin,percent,11.5,11.6,0.0076335877862595426
HHS Region 3,Season peak percentage,Bin,percent,11.6,11.7,0.0076335877862595426
HHS Region 3,Season peak percentage,Bin,percent,11.7,11.8,0.0076335877862595426
HHS Region 3,Season peak percentage,Bin,percent,11.8,11.9,0.0076335877862595426
HHS Region 3,Season peak percentage,Bin,percent,11.9,12,0.0076335877862595426
HHS Region 3,Season peak percentage,Bin,percent,12,12.1,0.0076335877862595426
HHS Region 3,Season peak percentage,Bin,percent,12.1,12.2,0.0076335877862595426
HHS Region 3,Season peak percentage,Bin,percent,12.2,12.3,0.0076335877862595426
HHS Region 3,Season peak percentage,Bin,percent,12.3,12.4,0.0076335877862595426
HHS Region 3,Season peak percentage,Bin,percent,12.4,12.5,0.0076335877862595426
HHS Region 3,Season peak percentage,Bin,percent,12.5,12.6,0.0076335877862595426
HHS Region 3,Season peak percentage,Bin,percent,12.6,12.7,0.0076335877862595426
HHS Region 3,Season peak percentage,Bin,percent,12.7,12.8,0.0076335877862595426
HHS Region 3,Season peak percentage,Bin,percent,12.8,12.9,0.0076335877862595426
HHS Region 3,Season peak percentage,Bin,percent,12.9,13,0.0076335877862595426
HHS Region 3,Season peak percentage,Bin,percent,13,100,0.0076335877862595426
HHS Region 3,1 wk ahead,Point,percent,,,2.032622843492169
HHS Region 3,1 wk ahead,Bin,percent,0,0.1,0.00015902261356024749
HHS Region 3,1 wk ahead,Bin,percent,0.1,0.2,0.0002784940347046706
HHS Region 3,1 wk ahead,Bin,percent,0.2,0.3,0.0004795922640680781
HHS Region 3,1 wk ahead,Bin,percent,0.3,0.4,0.0008072803378724537
HHS Region 3,1 wk ahead,Bin,percent,0.4,0.5,0.0013240291549614553
HHS Region 3,1 wk ahead,Bin,percent,0.5,0.6,0.002112339140456846
HHS Region 3,1 wk ahead,Bin,percent,0.6,0.7,0.00327515932618444
HHS Region 3,1 wk ahead,Bin,percent,0.7,0.8,0.004932772969000653
HHS Region 3,1 wk ahead,Bin,percent,0.8,0.9,0.00721475245829998
HHS Region 3,1 wk ahead,Bin,percent,0.9,1,0.01024604408945142
HHS Region 3,1 wk ahead,Bin,percent,1,1.1,0.014127215982949137
HHS Region 3,1 wk ahead,Bin,percent,1.1,1.2,0.01891034787574272
HHS Region 3,1 wk ahead,Bin,percent,1.2,1.3,0.024573732753465003
HHS Region 3,1 wk ahead,Bin,percent,1.3,1.4,0.031000084256882512
HHS Region 3,1 wk ahead,Bin,percent,1.4,1.5,0.0379637749099272
HHS Region 3,1 wk ahead,Bin,percent,1.5,1.6,0.04513227889918278
HHS Region 3,1 wk ahead,Bin,percent,1.6,1.7,0.05208519451344173
HHS Region 3,1 wk ahead,Bin,percent,1.7,1.8,0.05835109866717029
HHS Region 3,1 wk ahead,Bin,percent,1.8,1.9,0.06345861308045389
HHS Region 3,1 wk ahead,Bin,percent,1.9,2,0.06699437207389808
HHS Region 3,1 wk ahead,Bin,percent,2,2.1,0.06865812426618374
HHS Region 3,1 wk ahead,Bin,percent,2.1,2.2,0.0683048077791188
HHS Region 3,1 wk ahead,Bin,percent,2.2,2.3,0.06596542546478279
HHS Region 3,1 wk ahead,Bin,percent,2.3,2.4,0.0618425550427184
HHS Region 3,1 wk ahead,Bin,percent,2.4,2.5,0.0562813956407432
HHS Region 3,1 wk ahead,Bin,percent,2.5,2.6,0.04972208835936328
HHS Region 3,1 wk ahead,Bin,percent,2.6,2.7,0.04264243674528317
HHS Region 3,1 wk ahead,Bin,percent,2.7,2.8,0.03550131838139285
HHS Region 3,1 wk ahead,Bin,percent,2.8,2.9,0.02869190119433848
HHS Region 3,1 wk ahead,Bin,percent,2.9,3,0.022510779610753928
HHS Region 3,1 wk ahead,Bin,percent,3,3.1,0.01714527282970686
HHS Region 3,1 wk ahead,Bin,percent,3.1,3.2,0.012677424043708882
HHS Region 3,1 wk ahead,Bin,percent,3.2,3.3,0.009100534541181829
HHS Region 3,1 wk ahead,Bin,percent,3.3,3.4,0.006342779419479343
HHS Region 3,1 wk ahead,Bin,percent,3.4,3.5,0.004292556765512911
HHS Region 3,1 wk ahead,Bin,percent,3.5,3.6,0.002821355218268345
HHS Region 3,1 wk ahead,Bin,percent,3.6,3.7,0.0018015632468999067
HHS Region 3,1 wk ahead,Bin,percent,3.7,3.8,0.0011182873943981011
HHS Region 3,1 wk ahead,Bin,percent,3.8,3.9,0.0006755435364421658
HHS Region 3,1 wk ahead,Bin,percent,3.9,4,0.0003979755646094485
HHS Region 3,1 wk ahead,Bin,percent,4,4.1,0.000229551346472082
HHS Region 3,1 wk ahead,Bin,percent,4.1,4.2,0.00013060676351533582
HHS Region 3,1 wk ahead,Bin,percent,4.2,4.3,7.431481860154918e-05
HHS Region 3,1 wk ahead,Bin,percent,4.3,4.4,4.329310206131675e-05
HHS Region 3,1 wk ahead,Bin,percent,4.4,4.5,2.673020654038456e-05
HHS Region 3,1 wk ahead,Bin,percent,4.5,4.6,1.816116522274693e-05
HHS Region 3,1 wk ahead,Bin,percent,4.6,4.7,1.3864620606823264e-05
HHS Region 3,1 wk ahead,Bin,percent,4.7,4.8,1.1776500719215255e-05
HHS Region 3,1 wk ahead,Bin,percent,4.8,4.9,1.0792734460095766e-05
HHS Region 3,1 wk ahead,Bin,percent,4.9,5,1.0343394958123787e-05
HHS Region 3,1 wk ahead,Bin,percent,5,5.1,1.0144398911249471e-05
HHS Region 3,1 wk ahead,Bin,percent,5.1,5.2,1.005894374839777e-05
HHS Region 3,1 wk ahead,Bin,percent,5.2,5.3,1.0023356911188396e-05
HHS Region 3,1 wk ahead,Bin,percent,5.3,5.4,1.0008984561705028e-05
HHS Region 3,1 wk ahead,Bin,percent,5.4,5.5,1.000335492031478e-05
HHS Region 3,1 wk ahead,Bin,percent,5.5,5.6,1.0001216105773636e-05
HHS Region 3,1 wk ahead,Bin,percent,5.6,5.7,1.000042792170833e-05
HHS Region 3,1 wk ahead,Bin,percent,5.7,5.8,1.0000146170965056e-05
HHS Region 3,1 wk ahead,Bin,percent,5.8,5.9,1.0000048468740822e-05
HHS Region 3,1 wk ahead,Bin,percent,5.9,6,1.000001560149397e-05
HHS Region 3,1 wk ahead,Bin,percent,6,6.1,1.0000004874998262e-05
HHS Region 3,1 wk ahead,Bin,percent,6.1,6.2,1.0000001478722122e-05
HHS Region 3,1 wk ahead,Bin,percent,6.2,6.3,1.0000000435414114e-05
HHS Region 3,1 wk ahead,Bin,percent,6.3,6.4,1.0000000124457843e-05
HHS Region 3,1 wk ahead,Bin,percent,6.4,6.5,1.000000003453392e-05
HHS Region 3,1 wk ahead,Bin,percent,6.5,6.6,1.0000000009301937e-05
HHS Region 3,1 wk ahead,Bin,percent,6.6,6.7,1.0000000002432229e-05
HHS Region 3,1 wk ahead,Bin,percent,6.7,6.8,1.0000000000617362e-05
HHS Region 3,1 wk ahead,Bin,percent,6.8,6.9,1.0000000000152118e-05
HHS Region 3,1 wk ahead,Bin,percent,6.9,7,1.0000000000036386e-05
HHS Region 3,1 wk ahead,Bin,percent,7,7.1,1.0000000000008447e-05
HHS Region 3,1 wk ahead,Bin,percent,7.1,7.2,1.0000000000001905e-05
HHS Region 3,1 wk ahead,Bin,percent,7.2,7.3,1.0000000000000418e-05
HHS Region 3,1 wk ahead,Bin,percent,7.3,7.4,1.0000000000000087e-05
HHS Region 3,1 wk ahead,Bin,percent,7.4,7.5,1.000000000000002e-05
HHS Region 3,1 wk ahead,Bin,percent,7.5,7.6,1.0000000000000003e-05
HHS Region 3,1 wk ahead,Bin,percent,7.6,7.7,1e-05
HHS Region 3,1 wk ahead,Bin,percent,7.7,7.8,1e-05
HHS Region 3,1 wk ahead,Bin,percent,7.8,7.9,1e-05
HHS Region 3,1 wk ahead,Bin,percent,7.9,8,1e-05
HHS Region 3,1 wk ahead,Bin,percent,8,8.1,1e-05
HHS Region 3,1 wk ahead,Bin,percent,8.1,8.2,1e-05
HHS Region 3,1 wk ahead,Bin,percent,8.2,8.3,1e-05
HHS Region 3,1 wk ahead,Bin,percent,8.3,8.4,1e-05
HHS Region 3,1 wk ahead,Bin,percent,8.4,8.5,1e-05
HHS Region 3,1 wk ahead,Bin,percent,8.5,8.6,1e-05
HHS Region 3,1 wk ahead,Bin,percent,8.6,8.7,1e-05
HHS Region 3,1 wk ahead,Bin,percent,8.7,8.8,1e-05
HHS Region 3,1 wk ahead,Bin,percent,8.8,8.9,1e-05
HHS Region 3,1 wk ahead,Bin,percent,8.9,9,1e-05
HHS Region 3,1 wk ahead,Bin,percent,9,9.1,1e-05
HHS Region 3,1 wk ahead,Bin,percent,9.1,9.2,1e-05
HHS Region 3,1 wk ahead,Bin,percent,9.2,9.3,1e-05
HHS Region 3,1 wk ahead,Bin,percent,9.3,9.4,1e-05
HHS Region 3,1 wk ahead,Bin,percent,9.4,9.5,1e-05
HHS Region 3,1 wk ahead,Bin,percent,9.5,9.6,1e-05
HHS Region 3,1 wk ahead,Bin,percent,9.6,9.7,1e-05
HHS Region 3,1 wk ahead,Bin,percent,9.7,9.8,1e-05
HHS Region 3,1 wk ahead,Bin,percent,9.8,9.9,1e-05
HHS Region 3,1 wk ahead,Bin,percent,9.9,10,1e-05
HHS Region 3,1 wk ahead,Bin,percent,10,10.1,1e-05
HHS Region 3,1 wk ahead,Bin,percent,10.1,10.2,1e-05
HHS Region 3,1 wk ahead,Bin,percent,10.2,10.3,1e-05
HHS Region 3,1 wk ahead,Bin,percent,10.3,10.4,1e-05
HHS Region 3,1 wk ahead,Bin,percent,10.4,10.5,1e-05
HHS Region 3,1 wk ahead,Bin,percent,10.5,10.6,1e-05
HHS Region 3,1 wk ahead,Bin,percent,10.6,10.7,1e-05
HHS Region 3,1 wk ahead,Bin,percent,10.7,10.8,1e-05
HHS Region 3,1 wk ahead,Bin,percent,10.8,10.9,1e-05
HHS Region 3,1 wk ahead,Bin,percent,10.9,11,1e-05
HHS Region 3,1 wk ahead,Bin,percent,11,11.1,1e-05
HHS Region 3,1 wk ahead,Bin,percent,11.1,11.2,1e-05
HHS Region 3,1 wk ahead,Bin,percent,11.2,11.3,1e-05
HHS Region 3,1 wk ahead,Bin,percent,11.3,11.4,1e-05
HHS Region 3,1 wk ahead,Bin,percent,11.4,11.5,1e-05
HHS Region 3,1 wk ahead,Bin,percent,11.5,11.6,1e-05
HHS Region 3,1 wk ahead,Bin,percent,11.6,11.7,1e-05
HHS Region 3,1 wk ahead,Bin,percent,11.7,11.8,1e-05
HHS Region 3,1 wk ahead,Bin,percent,11.8,11.9,1e-05
HHS Region 3,1 wk ahead,Bin,percent,11.9,12,1e-05
HHS Region 3,1 wk ahead,Bin,percent,12,12.1,1e-05
HHS Region 3,1 wk ahead,Bin,percent,12.1,12.2,1e-05
HHS Region 3,1 wk ahead,Bin,percent,12.2,12.3,1e-05
HHS Region 3,1 wk ahead,Bin,percent,12.3,12.4,1e-05
HHS Region 3,1 wk ahead,Bin,percent,12.4,12.5,1e-05
HHS Region 3,1 wk ahead,Bin,percent,12.5,12.6,1e-05
HHS Region 3,1 wk ahead,Bin,percent,12.6,12.7,1e-05
HHS Region 3,1 wk ahead,Bin,percent,12.7,12.8,1e-05
HHS Region 3,1 wk ahead,Bin,percent,12.8,12.9,1e-05
HHS Region 3,1 wk ahead,Bin,percent,12.9,13,1e-05
HHS Region 3,1 wk ahead,Bin,percent,13,100,1e-05
HHS Region 3,2 wk ahead,Point,percent,,,2.2678169474225824
HHS Region 3,2 wk ahead,Bin,percent,0,0.1,0.0012253092154764903
HHS Region 3,2 wk ahead,Bin,percent,0.1,0.2,0.0016781388293010935
HHS Region 3,2 wk ahead,Bin,percent,0.2,0.3,0.0022672296931573704
HHS Region 3,2 wk ahead,Bin,percent,0.3,0.4,0.003021046624221561
HHS Region 3,2 wk ahead,Bin,percent,0.4,0.5,0.003969655188364342
HHS Region 3,2 wk ahead,Bin,percent,0.5,0.6,0.005143285504226047
HHS Region 3,2 wk ahead,Bin,percent,0.6,0.7,0.006570419837773893
HHS Region 3,2 wk ahead,Bin,percent,0.7,0.8,0.008275440604138077
HHS Region 3,2 wk ahead,Bin,percent,0.8,0.9,0.010275935898968549
HHS Region 3,2 wk ahead,Bin,percent,0.9,1,0.012579825527376305
HHS Region 3,2 wk ahead,Bin,percent,1,1.1,0.015182533800033503
HHS Region 3,2 wk ahead,Bin,percent,1.1,1.2,0.018064486476706425
HHS Region 3,2 wk ahead,Bin,percent,1.2,1.3,0.021189237944676625
HHS Region 3,2 wk ahead,Bin,percent,1.3,1.4,0.0245025318514612
HHS Region 3,2 wk ahead,Bin,percent,1.4,1.5,0.027932557634252547
HHS Region 3,2 wk ahead,Bin,percent,1.5,1.6,0.031391584878169954
HHS Region 3,2 wk ahead,Bin,percent,1.6,1.7,0.03477904106433945
HHS Region 3,2 wk ahead,Bin,percent,1.7,1.8,0.037985955982347296
HHS Region 3,2 wk ahead,Bin,percent,1.8,1.9,0.04090054324342751
HHS Region 3,2 wk ahead,Bin,percent,1.9,2,0.04341454499830931
HHS Region 3,2 wk ahead,Bin,percent,2,2.1,0.04542985026973904
HHS Region 3,2 wk ahead,Bin,percent,2.1,2.2,0.046864828334790685
HHS Region 3,2 wk ahead,Bin,percent,2.2,2.3,0.047659809263534345
HHS Region 3,2 wk ahead,Bin,percent,2.3,2.4,0.04778119932578952
HHS Region 3,2 wk ahead,Bin,percent,2.4,2.5,0.04722383580762279
HHS Region 3,2 wk ahead,Bin,percent,2.5,2.6,0.04601135123201823
HHS Region 3,2 wk ahead,Bin,percent,2.6,2.7,0.04419451118002393
HHS Region 3,2 wk ahead,Bin,percent,2.7,2.8,0.041847688614467714
HHS Region 3,2 wk ahead,Bin,percent,2.8,2.9,0.039063815883620616
HHS Region 3,2 wk ahead,Bin,percent,2.9,3,0.035948291609619085
HHS Region 3,2 wk ahead,Bin,percent,3,3.1,0.03261239799263695
HHS Region 3,2 wk ahead,Bin,percent,3.1,3.2,0.029166797716568413
HHS Region 3,2 wk ahead,Bin,percent,3.2,3.3,0.02571563079138623
HHS Region 3,2 wk ahead,Bin,percent,3.3,3.4,0.02235163075246059
HHS Region 3,2 wk ahead,Bin,percent,3.4,3.5,0.0191525432383194
HHS Region 3,2 wk ahead,Bin,percent,3.5,3.6,0.0161789778567981
HHS Region 3,2 wk ahead,Bin,percent,3.6,3.7,0.013473676202662118
HHS Region 3,2 wk ahead,Bin,percent,3.7,3.8,0.011062051837619515
HHS Region 3,2 wk ahead,Bin,percent,3.8,3.9,0.008953763994061613
HHS Region 3,2 wk ahead,Bin,percent,3.9,4,0.007145031760631463
HHS Region 3,2 wk ahead,Bin,percent,4,4.1,0.005621379656145429
HHS Region 3,2 wk ahead,Bin,percent,4.1,4.2,0.0043605238973349145
HHS Region 3,2 wk ahead,Bin,percent,4.2,4.3,0.003335152947919221
HHS Region 3,2 wk ahead,Bin,percent,4.3,4.4,0.0025154160599214393
HHS Region 3,2 wk ahead,Bin,percent,4.4,4.5,0.001870999472733529
HHS Region 3,2 wk ahead,Bin,percent,4.5,4.6,0.0013727331032024382
HHS Region 3,2 wk ahead,Bin,percent,4.6,4.7,0.0009937245824876654
HHS Region 3,2 wk ahead,Bin,percent,4.7,4.8,0.0007100586161766502
HHS Region 3,2 wk ahead,Bin,percent,4.8,4.9,0.0005011265910798439
HHS Region 3,2 wk ahead,Bin,percent,4.9,5,0.00034966488793426243
HHS Region 3,2 wk ahead,Bin,percent,5,5.1,0.00024158265245386582
HHS Region 3,2 wk ahead,Bin,percent,5.1,5.2,0.0001656537382380333
HHS Region 3,2 wk ahead,Bin,percent,5.2,5.3,0.00011313622930432913
HHS Region 3,2 wk ahead,Bin,percent,5.3,5.4,7.736915593197642e-05
HHS Region 3,2 wk ahead,Bin,percent,5.4,5.5,5.338195559089587e-05
HHS Region 3,2 wk ahead,Bin,percent,5.5,5.6,3.7539452842267456e-05
HHS Region 3,2 wk ahead,Bin,percent,5.6,5.7,2.7234538238989708e-05
HHS Region 3,2 wk ahead,Bin,percent,5.7,5.8,2.0632665690873307e-05
HHS Region 3,2 wk ahead,Bin,percent,5.8,5.9,1.6466701713888572e-05
HHS Region 3,2 wk ahead,Bin,percent,5.9,6,1.3877230865441875e-05
HHS Region 3,2 wk ahead,Bin,percent,6,6.1,1.2291704705155925e-05
HHS Region 3,2 wk ahead,Bin,percent,6.1,6.2,1.1335346013030315e-05
HHS Region 3,2 wk ahead,Bin,percent,6.2,6.3,1.0767056111227119e-05
HHS Region 3,2 wk ahead,Bin,percent,6.3,6.4,1.0434368794224746e-05
HHS Region 3,2 wk ahead,Bin,percent,6.4,6.5,1.0242486889582493e-05
HHS Region 3,2 wk ahead,Bin,percent,6.5,6.6,1.0133449229593553e-05
HHS Region 3,2 wk ahead,Bin,percent,6.6,6.7,1.0072400579393674e-05
HHS Region 3,2 wk ahead,Bin,percent,6.7,6.8,1.0038722748463423e-05
HHS Region 3,2 wk ahead,Bin,percent,6.8,6.9,1.0020416837448156e-05
HHS Region 3,2 wk ahead,Bin,percent,6.9,7,1.0010612285610443e-05
HHS Region 3,2 wk ahead,Bin,percent,7,7.1,1.0005437854098309e-05
HHS Region 3,2 wk ahead,Bin,percent,7.1,7.2,1.0002746909395559e-05
HHS Region 3,2 wk ahead,Bin,percent,7.2,7.3,1.000136791553369e-05
HHS Region 3,2 wk ahead,Bin,percent,7.3,7.4,1.0000671540779435e-05
HHS Region 3,2 wk ahead,Bin,percent,7.4,7.5,1.0000325000225377e-05
HHS Region 3,2 wk ahead,Bin,percent,7.5,7.6,1.0000155057613876e-05
HHS Region 3,2 wk ahead,Bin,percent,7.6,7.7,1.0000072929073033e-05
HHS Region 3,2 wk ahead,Bin,percent,7.7,7.8,1.0000033814771186e-05
HHS Region 3,2 wk ahead,Bin,percent,7.8,7.9,1.0000015456472135e-05
HHS Region 3,2 wk ahead,Bin,percent,7.9,8,1.0000006964861107e-05
HHS Region 3,2 wk ahead,Bin,percent,8,8.1,1.0000003093945843e-05
HHS Region 3,2 wk ahead,Bin,percent,8.1,8.2,1.0000001354912087e-05
HHS Region 3,2 wk ahead,Bin,percent,8.2,8.3,1.0000000584935111e-05
HHS Region 3,2 wk ahead,Bin,percent,8.3,8.4,1.0000000248944438e-05
HHS Region 3,2 wk ahead,Bin,percent,8.4,8.5,1.0000000104446846e-05
HHS Region 3,2 wk ahead,Bin,percent,8.5,8.6,1.0000000043200263e-05
HHS Region 3,2 wk ahead,Bin,percent,8.6,8.7,1.0000000017614715e-05
HHS Region 3,2 wk ahead,Bin,percent,8.7,8.8,1.0000000007080485e-05
HHS Region 3,2 wk ahead,Bin,percent,8.8,8.9,1.0000000002805748e-05
HHS Region 3,2 wk ahead,Bin,percent,8.9,9,1.0000000001096056e-05
HHS Region 3,2 wk ahead,Bin,percent,9,9.1,1.00000000004221e-05
HHS Region 3,2 wk ahead,Bin,percent,9.1,9.2,1.000000000016025e-05
HHS Region 3,2 wk ahead,Bin,percent,9.2,9.3,1.0000000000059976e-05
HHS Region 3,2 wk ahead,Bin,percent,9.3,9.4,1.0000000000022127e-05
HHS Region 3,2 wk ahead,Bin,percent,9.4,9.5,1.0000000000008053e-05
HHS Region 3,2 wk ahead,Bin,percent,9.5,9.6,1.0000000000002888e-05
HHS Region 3,2 wk ahead,Bin,percent,9.6,9.7,1.0000000000001019e-05
HHS Region 3,2 wk ahead,Bin,percent,9.7,9.8,1.0000000000000355e-05
HHS Region 3,2 wk ahead,Bin,percent,9.8,9.9,1.0000000000000123e-05
HHS Region 3,2 wk ahead,Bin,percent,9.9,10,1.000000000000004e-05
HHS Region 3,2 wk ahead,Bin,percent,10,10.1,1.0000000000000014e-05
HHS Region 3,2 wk ahead,Bin,percent,10.1,10.2,1.0000000000000006e-05
HHS Region 3,2 wk ahead,Bin,percent,10.2,10.3,1.0000000000000003e-05
HHS Region 3,2 wk ahead,Bin,percent,10.3,10.4,1e-05
HHS Region 3,2 wk ahead,Bin,percent,10.4,10.5,1e-05
HHS Region 3,2 wk ahead,Bin,percent,10.5,10.6,1e-05
HHS Region 3,2 wk ahead,Bin,percent,10.6,10.7,1e-05
HHS Region 3,2 wk ahead,Bin,percent,10.7,10.8,1e-05
HHS Region 3,2 wk ahead,Bin,percent,10.8,10.9,1e-05
HHS Region 3,2 wk ahead,Bin,percent,10.9,11,1e-05
HHS Region 3,2 wk ahead,Bin,percent,11,11.1,1e-05
HHS Region 3,2 wk ahead,Bin,percent,11.1,11.2,1e-05
HHS Region 3,2 wk ahead,Bin,percent,11.2,11.3,1e-05
HHS Region 3,2 wk ahead,Bin,percent,11.3,11.4,1e-05
HHS Region 3,2 wk ahead,Bin,percent,11.4,11.5,1e-05
HHS Region 3,2 wk ahead,Bin,percent,11.5,11.6,1e-05
HHS Region 3,2 wk ahead,Bin,percent,11.6,11.7,1e-05
HHS Region 3,2 wk ahead,Bin,percent,11.7,11.8,1e-05
HHS Region 3,2 wk ahead,Bin,percent,11.8,11.9,1e-05
HHS Region 3,2 wk ahead,Bin,percent,11.9,12,1e-05
HHS Region 3,2 wk ahead,Bin,percent,12,12.1,1e-05
HHS Region 3,2 wk ahead,Bin,percent,12.1,12.2,1e-05
HHS Region 3,2 wk ahead,Bin,percent,12.2,12.3,1e-05
HHS Region 3,2 wk ahead,Bin,percent,12.3,12.4,1e-05
HHS Region 3,2 wk ahead,Bin,percent,12.4,12.5,1e-05
HHS Region 3,2 wk ahead,Bin,percent,12.5,12.6,1e-05
HHS Region 3,2 wk ahead,Bin,percent,12.6,12.7,1e-05
HHS Region 3,2 wk ahead,Bin,percent,12.7,12.8,1e-05
HHS Region 3,2 wk ahead,Bin,percent,12.8,12.9,1e-05
HHS Region 3,2 wk ahead,Bin,percent,12.9,13,1e-05
HHS Region 3,2 wk ahead,Bin,percent,13,100,1e-05
HHS Region 3,3 wk ahead,Point,percent,,,2.5392516610757707
HHS Region 3,3 wk ahead,Bin,percent,0,0.1,0.0014729163585730446
HHS Region 3,3 wk ahead,Bin,percent,0.1,0.2,0.0019011940214367187
HHS Region 3,3 wk ahead,Bin,percent,0.2,0.3,0.0024297625555321843
HHS Region 3,3 wk ahead,Bin,percent,0.3,0.4,0.0030742873856002308
HHS Region 3,3 wk ahead,Bin,percent,0.4,0.5,0.0038506639632921533
HHS Region 3,3 wk ahead,Bin,percent,0.5,0.6,0.004774345008919623
HHS Region 3,3 wk ahead,Bin,percent,0.6,0.7,0.005859519213223848
HHS Region 3,3 wk ahead,Bin,percent,0.7,0.8,0.007118160344841826
HHS Region 3,3 wk ahead,Bin,percent,0.8,0.9,0.008558980685771279
HHS Region 3,3 wk ahead,Bin,percent,0.9,1,0.010186338191776485
HHS Region 3,3 wk ahead,Bin,percent,1,1.1,0.011999161291097078
HHS Region 3,3 wk ahead,Bin,percent,1.1,1.2,0.013989967115897652
HHS Region 3,3 wk ahead,Bin,percent,1.2,1.3,0.016144056466583172
HHS Region 3,3 wk ahead,Bin,percent,1.3,1.4,0.01843897033641513
HHS Region 3,3 wk ahead,Bin,percent,1.4,1.5,0.02084428712870213
HHS Region 3,3 wk ahead,Bin,percent,1.5,1.6,0.0233218261121396
HHS Region 3,3 wk ahead,Bin,percent,1.6,1.7,0.02582630126615522
HHS Region 3,3 wk ahead,Bin,percent,1.7,1.8,0.02830644141474908
HHS Region 3,3 wk ahead,Bin,percent,1.8,1.9,0.030706559258100563
HHS Region 3,3 wk ahead,Bin,percent,1.9,2,0.032968516188375256
HHS Region 3,3 wk ahead,Bin,percent,2,2.1,0.03503399478940748
HHS Region 3,3 wk ahead,Bin,percent,2.1,2.2,0.03684696009794783
HHS Region 3,3 wk ahead,Bin,percent,2.2,2.3,0.03835616736033562
HHS Region 3,3 wk ahead,Bin,percent,2.3,2.4,0.039517560955612735
HHS Region 3,3 wk ahead,Bin,percent,2.4,2.5,0.040296408302536696
HHS Region 3,3 wk ahead,Bin,percent,2.5,2.6,0.04066902469669868
HHS Region 3,3 wk ahead,Bin,percent,2.6,2.7,0.040623969598891
HHS Region 3,3 wk ahead,Bin,percent,2.7,2.8,0.04016263007265216
HHS Region 3,3 wk ahead,Bin,percent,2.8,2.9,0.039299149857624116
HHS Region 3,3 wk ahead,Bin,percent,2.9,3,0.038059709138895455
HHS Region 3,3 wk ahead,Bin,percent,3,3.1,0.03648120618346666
HHS Region 3,3 wk ahead,Bin,percent,3.1,3.2,0.03460943346745718
HHS Region 3,3 wk ahead,Bin,percent,3.2,3.3,0.032496874032357466
HHS Region 3,3 wk ahead,Bin,percent,3.3,3.4,0.03020026582037208
HHS Region 3,3 wk ahead,Bin,percent,3.4,3.5,0.027778091076297855
HHS Region 3,3 wk ahead,Bin,percent,3.5,3.6,0.025288144317208758
HHS Region 3,3 wk ahead,Bin,percent,3.6,3.7,0.022785316900717275
HHS Region 3,3 wk ahead,Bin,percent,3.7,3.8,0.020319711011322333
HHS Region 3,3 wk ahead,Bin,percent,3.8,3.9,0.01793516387751941
HHS Region 3,3 wk ahead,Bin,percent,3.9,4,0.015668227601513703
HHS Region 3,3 wk ahead,Bin,percent,4,4.1,0.01354761453150172
HHS Region 3,3 wk ahead,Bin,percent,4.1,4.2,0.011594085704362834
HHS Region 3,3 wk ahead,Bin,percent,4.2,4.3,0.009820732983178608
HHS Region 3,3 wk ahead,Bin,percent,4.3,4.4,0.008233585748999931
HHS Region 3,3 wk ahead,Bin,percent,4.4,4.5,0.006832461136849142
HHS Region 3,3 wk ahead,Bin,percent,4.5,4.6,0.00561197274255981
HHS Region 3,3 wk ahead,Bin,percent,4.6,4.7,0.004562615660187653
HHS Region 3,3 wk ahead,Bin,percent,4.7,4.8,0.0036718542992303007
HHS Region 3,3 wk ahead,Bin,percent,4.8,4.9,0.002925152025968295
HHS Region 3,3 wk ahead,Bin,percent,4.9,5,0.0023068965316807672
HHS Region 3,3 wk ahead,Bin,percent,5,5.1,0.0018011903110374773
HHS Region 3,3 wk ahead,Bin,percent,5.1,5.2,0.0013924903434641275
HHS Region 3,3 wk ahead,Bin,percent,5.2,5.3,0.0010660939563226024
HHS Region 3,3 wk ahead,Bin,percent,5.3,5.4,0.0008084782372594759
HHS Region 3,3 wk ahead,Bin,percent,5.4,5.5,0.0006075079472221664
HHS Region 3,3 wk ahead,Bin,percent,5.5,5.6,0.00045253167745457236
HHS Region 3,3 wk ahead,Bin,percent,5.6,5.7,0.00033438825208398815
HHS Region 3,3 wk ahead,Bin,percent,5.7,5.8,0.00024534552615261296
HHS Region 3,3 wk ahead,Bin,percent,5.8,5.9,0.00017899227477025586
HHS Region 3,3 wk ahead,Bin,percent,5.9,6,0.000130101334390251
HHS Region 3,3 wk ahead,Bin,percent,6,6.1,9.447902426544554e-05
HHS Region 3,3 wk ahead,Bin,percent,6.1,6.2,6.881255152394684e-05
HHS Region 3,3 wk ahead,Bin,percent,6.2,6.3,5.0523899449269063e-05
HHS Region 3,3 wk ahead,Bin,percent,6.3,6.4,3.763583000874239e-05
HHS Region 3,3 wk ahead,Bin,percent,6.4,6.5,2.8653222553291857e-05
HHS Region 3,3 wk ahead,Bin,percent,6.5,6.6,2.2461069171892888e-05
HHS Region 3,3 wk ahead,Bin,percent,6.6,6.7,1.8239043910435105e-05
HHS Region 3,3 wk ahead,Bin,percent,6.7,6.8,1.539160917651725e-05
HHS Region 3,3 wk ahead,Bin,percent,6.8,6.9,1.3492046883840798e-05
HHS Region 3,3 wk ahead,Bin,percent,6.9,7,1.2238524250763244e-05
HHS Region 3,3 wk ahead,Bin,percent,7,7.1,1.1420246138257007e-05
HHS Region 3,3 wk ahead,Bin,percent,7.1,7.2,1.089183704127249e-05
HHS Region 3,3 wk ahead,Bin,percent,7.2,7.3,1.0554277782860556e-05
HHS Region 3,3 wk ahead,Bin,percent,7.3,7.4,1.0340949071174654e-05
HHS Region 3,3 wk ahead,Bin,percent,7.4,7.5,1.020757336602378e-05
HHS Region 3,3 wk ahead,Bin,percent,7.5,7.6,1.0125075952792587e-05
HHS Region 3,3 wk ahead,Bin,percent,7.6,7.7,1.0074592658806441e-05
HHS Region 3,3 wk ahead,Bin,percent,7.7,7.8,1.0044028960380564e-05
HHS Region 3,3 wk ahead,Bin,percent,7.8,7.9,1.0025721769970476e-05
HHS Region 3,3 wk ahead,Bin,percent,7.9,8,1.0014872478329737e-05
HHS Region 3,3 wk ahead,Bin,percent,8,8.1,1.0008511104351668e-05
HHS Region 3,3 wk ahead,Bin,percent,8.1,8.2,1.000482068286143e-05
HHS Region 3,3 wk ahead,Bin,percent,8.2,8.3,1.0002702410274144e-05
HHS Region 3,3 wk ahead,Bin,percent,8.3,8.4,1.0001499388173276e-05
HHS Region 3,3 wk ahead,Bin,percent,8.4,8.5,1.000082337363075e-05
HHS Region 3,3 wk ahead,Bin,percent,8.5,8.6,1.0000447507072329e-05
HHS Region 3,3 wk ahead,Bin,percent,8.6,8.7,1.0000240725960334e-05
HHS Region 3,3 wk ahead,Bin,percent,8.7,8.8,1.0000128163992634e-05
HHS Region 3,3 wk ahead,Bin,percent,8.8,8.9,1.0000067535046687e-05
HHS Region 3,3 wk ahead,Bin,percent,8.9,9,1.0000035221873763e-05
HHS Region 3,3 wk ahead,Bin,percent,9,9.1,1.0000018180916983e-05
HHS Region 3,3 wk ahead,Bin,percent,9.1,9.2,1.0000009288363153e-05
HHS Region 3,3 wk ahead,Bin,percent,9.2,9.3,1.0000004696590182e-05
HHS Region 3,3 wk ahead,Bin,percent,9.3,9.4,1.0000002350424042e-05
HHS Region 3,3 wk ahead,Bin,percent,9.4,9.5,1.0000001164206046e-05
HHS Region 3,3 wk ahead,Bin,percent,9.5,9.6,1.0000000570733752e-05
HHS Region 3,3 wk ahead,Bin,percent,9.6,9.7,1.0000000276921924e-05
HHS Region 3,3 wk ahead,Bin,percent,9.7,9.8,1.0000000132984551e-05
HHS Region 3,3 wk ahead,Bin,percent,9.8,9.9,1.0000000063206994e-05
HHS Region 3,3 wk ahead,Bin,percent,9.9,10,1.0000000029733713e-05
HHS Region 3,3 wk ahead,Bin,percent,10,10.1,1.0000000013843736e-05
HHS Region 3,3 wk ahead,Bin,percent,10.1,10.2,1.0000000006379363e-05
HHS Region 3,3 wk ahead,Bin,percent,10.2,10.3,1.0000000002909523e-05
HHS Region 3,3 wk ahead,Bin,percent,10.3,10.4,1.0000000001313368e-05
HHS Region 3,3 wk ahead,Bin,percent,10.4,10.5,1.0000000000586774e-05
HHS Region 3,3 wk ahead,Bin,percent,10.5,10.6,1.0000000000259464e-05
HHS Region 3,3 wk ahead,Bin,percent,10.6,10.7,1.0000000000113554e-05
HHS Region 3,3 wk ahead,Bin,percent,10.7,10.8,1.0000000000049186e-05
HHS Region 3,3 wk ahead,Bin,percent,10.8,10.9,1.0000000000021087e-05
HHS Region 3,3 wk ahead,Bin,percent,10.9,11,1.0000000000008947e-05
HHS Region 3,3 wk ahead,Bin,percent,11,11.1,1.0000000000003758e-05
HHS Region 3,3 wk ahead,Bin,percent,11.1,11.2,1.0000000000001564e-05
HHS Region 3,3 wk ahead,Bin,percent,11.2,11.3,1.0000000000000645e-05
HHS Region 3,3 wk ahead,Bin,percent,11.3,11.4,1.0000000000000262e-05
HHS Region 3,3 wk ahead,Bin,percent,11.4,11.5,1.0000000000000108e-05
HHS Region 3,3 wk ahead,Bin,percent,11.5,11.6,1.0000000000000045e-05
HHS Region 3,3 wk ahead,Bin,percent,11.6,11.7,1.0000000000000016e-05
HHS Region 3,3 wk ahead,Bin,percent,11.7,11.8,1.0000000000000008e-05
HHS Region 3,3 wk ahead,Bin,percent,11.8,11.9,1.0000000000000003e-05
HHS Region 3,3 wk ahead,Bin,percent,11.9,12,1.0000000000000003e-05
HHS Region 3,3 wk ahead,Bin,percent,12,12.1,1e-05
HHS Region 3,3 wk ahead,Bin,percent,12.1,12.2,1e-05
HHS Region 3,3 wk ahead,Bin,percent,12.2,12.3,1e-05
HHS Region 3,3 wk ahead,Bin,percent,12.3,12.4,1e-05
HHS Region 3,3 wk ahead,Bin,percent,12.4,12.5,1e-05
HHS Region 3,3 wk ahead,Bin,percent,12.5,12.6,1e-05
HHS Region 3,3 wk ahead,Bin,percent,12.6,12.7,1e-05
HHS Region 3,3 wk ahead,Bin,percent,12.7,12.8,1e-05
HHS Region 3,3 wk ahead,Bin,percent,12.8,12.9,1e-05
HHS Region 3,3 wk ahead,Bin,percent,12.9,13,1e-05
HHS Region 3,3 wk ahead,Bin,percent,13,100,1e-05
HHS Region 3,4 wk ahead,Point,percent,,,2.403428844581588
HHS Region 3,4 wk ahead,Bin,percent,0,0.1,0.003029681543348607
HHS Region 3,4 wk ahead,Bin,percent,0.1,0.2,0.003719424124892204
HHS Region 3,4 wk ahead,Bin,percent,0.2,0.3,0.004527055735757817
HHS Region 3,4 wk ahead,Bin,percent,0.3,0.4,0.005462654951990553
HHS Region 3,4 wk ahead,Bin,percent,0.4,0.5,0.006534754752558529
HHS Region 3,4 wk ahead,Bin,percent,0.5,0.6,0.007749697345074256
HHS Region 3,4 wk ahead,Bin,percent,0.6,0.7,0.009110963522848726
HHS Region 3,4 wk ahead,Bin,percent,0.7,0.8,0.01061850972125636
HHS Region 3,4 wk ahead,Bin,percent,0.8,0.9,0.012268151745515177
HHS Region 3,4 wk ahead,Bin,percent,0.9,1,0.014051038086053722
HHS Region 3,4 wk ahead,Bin,percent,1,1.1,0.015953257154507062
HHS Region 3,4 wk ahead,Bin,percent,1.1,1.2,0.01795562111555471
HHS Region 3,4 wk ahead,Bin,percent,1.2,1.3,0.02003366390571565
HHS Region 3,4 wk ahead,Bin,percent,1.3,1.4,0.022157882431227616
HHS Region 3,4 wk ahead,Bin,percent,1.4,1.5,0.02429423804580785
HHS Region 3,4 wk ahead,Bin,percent,1.5,1.6,0.02640492077998647
HHS Region 3,4 wk ahead,Bin,percent,1.6,1.7,0.02844936230060753
HHS Region 3,4 wk ahead,Bin,percent,1.7,1.8,0.030385466365731507
HHS Region 3,4 wk ahead,Bin,percent,1.8,1.9,0.032171008935897666
HHS Region 3,4 wk ahead,Bin,percent,1.9,2,0.033765145509210816
HHS Region 3,4 wk ahead,Bin,percent,2,2.1,0.035129952007128824
HHS Region 3,4 wk ahead,Bin,percent,2.1,2.2,0.036231918795818184
HHS Region 3,4 wk ahead,Bin,percent,2.2,2.3,0.037043316007361424
HHS Region 3,4 wk ahead,Bin,percent,2.3,2.4,0.03754335262541138
HHS Region 3,4 wk ahead,Bin,percent,2.4,2.5,0.037719061735669315
HHS Region 3,4 wk ahead,Bin,percent,2.5,2.6,0.03756585932911092
HHS Region 3,4 wk ahead,Bin,percent,2.6,2.7,0.03708774304164787
HHS Region 3,4 wk ahead,Bin,percent,2.7,2.8,0.03629711880223637
HHS Region 3,4 wk ahead,Bin,percent,2.8,2.9,0.035214265882998884
HHS Region 3,4 wk ahead,Bin,percent,2.9,3,0.03386647255214155
HHS Region 3,4 wk ahead,Bin,percent,3,3.1,0.032286893752770614
HHS Region 3,4 wk ahead,Bin,percent,3.1,3.2,0.03051319753127765
HHS Region 3,4 wk ahead,Bin,percent,3.2,3.3,0.028586077245380873
HHS Region 3,4 wk ahead,Bin,percent,3.3,3.4,0.026547711277124315
HHS Region 3,4 wk ahead,Bin,percent,3.4,3.5,0.02444025094039566
HHS Region 3,4 wk ahead,Bin,percent,3.5,3.6,0.022304410873502115
HHS Region 3,4 wk ahead,Bin,percent,3.6,3.7,0.0201782252416844
HHS Region 3,4 wk ahead,Bin,percent,3.7,3.8,0.01809601866951341
HHS Region 3,4 wk ahead,Bin,percent,3.8,3.9,0.0160876243118906
HHS Region 3,4 wk ahead,Bin,percent,3.9,4,0.014177864256824591
HHS Region 3,4 wk ahead,Bin,percent,4,4.1,0.012386290871490848
HHS Region 3,4 wk ahead,Bin,percent,4.1,4.2,0.010727172914816369
HHS Region 3,4 wk ahead,Bin,percent,4.2,4.3,0.009209698139259476
HHS Region 3,4 wk ahead,Bin,percent,4.3,4.4,0.007838355268847467
HHS Region 3,4 wk ahead,Bin,percent,4.4,4.5,0.006613452914897795
HHS Region 3,4 wk ahead,Bin,percent,4.5,4.6,0.0055317311066302895
HHS Region 3,4 wk ahead,Bin,percent,4.6,4.7,0.004587022335559407
HHS Region 3,4 wk ahead,Bin,percent,4.7,4.8,0.0037709228036907436
HHS Region 3,4 wk ahead,Bin,percent,4.8,4.9,0.003073440264712645
HHS Region 3,4 wk ahead,Bin,percent,4.9,5,0.0024835917448116315
HHS Region 3,4 wk ahead,Bin,percent,5,5.1,0.0019899318366617515
HHS Region 3,4 wk ahead,Bin,percent,5.1,5.2,0.0015809995648008116
HHS Region 3,4 wk ahead,Bin,percent,5.2,5.3,0.001245678527628449
HHS Region 3,4 wk ahead,Bin,percent,5.3,5.4,0.0009734707730810428
HHS Region 3,4 wk ahead,Bin,percent,5.4,5.5,0.0007546894465894247
HHS Region 3,4 wk ahead,Bin,percent,5.5,5.6,0.0005805785791800008
HHS Region 3,4 wk ahead,Bin,percent,5.6,5.7,0.0004433704916744447
HHS Region 3,4 wk ahead,Bin,percent,5.7,5.8,0.0003362922959559483
HHS Region 3,4 wk ahead,Bin,percent,5.8,5.9,0.0002535330525823105
HHS Region 3,4 wk ahead,Bin,percent,5.9,6,0.00019018250262264248
HHS Region 3,4 wk ahead,Bin,percent,6,6.1,0.00014215114382186298
HHS Region 3,4 wk ahead,Bin,percent,6.1,6.2,0.00010607996757207675
HHS Region 3,4 wk ahead,Bin,percent,6.2,6.3,7.924658792413798e-05
HHS Region 3,4 wk ahead,Bin,percent,6.3,6.4,5.947291715719079e-05
HHS Region 3,4 wk ahead,Bin,percent,6.4,6.5,4.503807752419029e-05
HHS Region 3,4 wk ahead,Bin,percent,6.5,6.6,3.4598953343815976e-05
HHS Region 3,4 wk ahead,Bin,percent,6.6,6.7,2.7119717658231e-05
HHS Region 3,4 wk ahead,Bin,percent,6.7,6.8,2.181082342226593e-05
HHS Region 3,4 wk ahead,Bin,percent,6.8,6.9,1.8077321417184816e-05
HHS Region 3,4 wk ahead,Bin,percent,6.9,7,1.547593346645618e-05
HHS Region 3,4 wk ahead,Bin,percent,7,7.1,1.3680040261788155e-05
HHS Region 3,4 wk ahead,Bin,percent,7.1,7.2,1.2451605500570512e-05
HHS Region 3,4 wk ahead,Bin,percent,7.2,7.3,1.1619019999687565e-05
HHS Region 3,4 wk ahead,Bin,percent,7.3,7.4,1.1059881836742524e-05
HHS Region 3,4 wk ahead,Bin,percent,7.4,7.5,1.068780653103678e-05
HHS Region 3,4 wk ahead,Bin,percent,7.5,7.6,1.044246482459507e-05
HHS Region 3,4 wk ahead,Bin,percent,7.6,7.7,1.0282159589806913e-05
HHS Region 3,4 wk ahead,Bin,percent,7.7,7.8,1.0178366992508157e-05
HHS Region 3,4 wk ahead,Bin,percent,7.8,7.9,1.0111773222857904e-05
HHS Region 3,4 wk ahead,Bin,percent,7.9,8,1.0069432798028193e-05
HHS Region 3,4 wk ahead,Bin,percent,8,8.1,1.0042755813102317e-05
HHS Region 3,4 wk ahead,Bin,percent,8.1,8.2,1.0026099325427593e-05
HHS Region 3,4 wk ahead,Bin,percent,8.2,8.3,1.0015793086159884e-05
HHS Region 3,4 wk ahead,Bin,percent,8.3,8.4,1.0009473453688584e-05
HHS Region 3,4 wk ahead,Bin,percent,8.4,8.5,1.0005633175446583e-05
HHS Region 3,4 wk ahead,Bin,percent,8.5,8.6,1.000332048733791e-05
HHS Region 3,4 wk ahead,Bin,percent,8.6,8.7,1.000194023345546e-05
HHS Region 3,4 wk ahead,Bin,percent,8.7,8.8,1.0001123853645868e-05
HHS Region 3,4 wk ahead,Bin,percent,8.8,8.9,1.000064531110422e-05
HHS Region 3,4 wk ahead,Bin,percent,8.9,9,1.0000367309471593e-05
HHS Region 3,4 wk ahead,Bin,percent,9,9.1,1.0000207251997993e-05
HHS Region 3,4 wk ahead,Bin,percent,9.1,9.2,1.000011592281913e-05
HHS Region 3,4 wk ahead,Bin,percent,9.2,9.3,1.0000064275098664e-05
HHS Region 3,4 wk ahead,Bin,percent,9.3,9.4,1.0000035328091724e-05
HHS Region 3,4 wk ahead,Bin,percent,9.4,9.5,1.0000019248691683e-05
HHS Region 3,4 wk ahead,Bin,percent,9.5,9.6,1.0000010396468994e-05
HHS Region 3,4 wk ahead,Bin,percent,9.6,9.7,1.0000005566396247e-05
HHS Region 3,4 wk ahead,Bin,percent,9.7,9.8,1.000000295437748e-05
HHS Region 3,4 wk ahead,Bin,percent,9.8,9.9,1.0000001554395246e-05
HHS Region 3,4 wk ahead,Bin,percent,9.9,10,1.0000000810700693e-05
HHS Region 3,4 wk ahead,Bin,percent,10,10.1,1.0000000419143984e-05
HHS Region 3,4 wk ahead,Bin,percent,10.1,10.2,1.0000000214817445e-05
HHS Region 3,4 wk ahead,Bin,percent,10.2,10.3,1.0000000109138871e-05
HHS Region 3,4 wk ahead,Bin,percent,10.3,10.4,1.0000000054965854e-05
HHS Region 3,4 wk ahead,Bin,percent,10.4,10.5,1.0000000027441644e-05
HHS Region 3,4 wk ahead,Bin,percent,10.5,10.6,1.0000000013580973e-05
HHS Region 3,4 wk ahead,Bin,percent,10.6,10.7,1.0000000006662776e-05
HHS Region 3,4 wk ahead,Bin,percent,10.7,10.8,1.0000000003240283e-05
HHS Region 3,4 wk ahead,Bin,percent,10.8,10.9,1.0000000001562123e-05
HHS Region 3,4 wk ahead,Bin,percent,10.9,11,1.0000000000746537e-05
HHS Region 3,4 wk ahead,Bin,percent,11,11.1,1.0000000000353662e-05
HHS Region 3,4 wk ahead,Bin,percent,11.1,11.2,1.0000000000166084e-05
HHS Region 3,4 wk ahead,Bin,percent,11.2,11.3,1.0000000000077318e-05
HHS Region 3,4 wk ahead,Bin,percent,11.3,11.4,1.000000000003568e-05
HHS Region 3,4 wk ahead,Bin,percent,11.4,11.5,1.0000000000016323e-05
HHS Region 3,4 wk ahead,Bin,percent,11.5,11.6,1.0000000000007402e-05
HHS Region 3,4 wk ahead,Bin,percent,11.6,11.7,1.0000000000003328e-05
HHS Region 3,4 wk ahead,Bin,percent,11.7,11.8,1.0000000000001483e-05
HHS Region 3,4 wk ahead,Bin,percent,11.8,11.9,1.0000000000000656e-05
HHS Region 3,4 wk ahead,Bin,percent,11.9,12,1.0000000000000287e-05
HHS Region 3,4 wk ahead,Bin,percent,12,12.1,1.0000000000000123e-05
HHS Region 3,4 wk ahead,Bin,percent,12.1,12.2,1.0000000000000057e-05
HHS Region 3,4 wk ahead,Bin,percent,12.2,12.3,1.0000000000000025e-05
HHS Region 3,4 wk ahead,Bin,percent,12.3,12.4,1.0000000000000013e-05
HHS Region 3,4 wk ahead,Bin,percent,12.4,12.5,1.0000000000000003e-05
HHS Region 3,4 wk ahead,Bin,percent,12.5,12.6,1.0000000000000003e-05
HHS Region 3,4 wk ahead,Bin,percent,12.6,12.7,1e-05
HHS Region 3,4 wk ahead,Bin,percent,12.7,12.8,1e-05
HHS Region 3,4 wk ahead,Bin,percent,12.8,12.9,1e-05
HHS Region 3,4 wk ahead,Bin,percent,12.9,13,1e-05
HHS Region 3,4 wk ahead,Bin,percent,13,100,1e-05
HHS Region 4,Season onset,Point,week,,,4.500000000000006
HHS Region 4,Season onset,Bin,week,40,41,0.029411764705882363
HHS Region 4,Season onset,Bin,week,41,42,0.029411764705882363
HHS Region 4,Season onset,Bin,week,42,43,0.029411764705882363
HHS Region 4,Season onset,Bin,week,43,44,0.029411764705882363
HHS Region 4,Season onset,Bin,week,44,45,0.029411764705882363
HHS Region 4,Season onset,Bin,week,45,46,0.029411764705882363
HHS Region 4,Season onset,Bin,week,46,47,0.029411764705882363
HHS Region 4,Season onset,Bin,week,47,48,0.029411764705882363
HHS Region 4,Season onset,Bin,week,48,49,0.029411764705882363
HHS Region 4,Season onset,Bin,week,49,50,0.029411764705882363
HHS Region 4,Season onset,Bin,week,50,51,0.029411764705882363
HHS Region 4,Season onset,Bin,week,51,52,0.029411764705882363
HHS Region 4,Season onset,Bin,week,52,53,0.029411764705882363
HHS Region 4,Season onset,Bin,week,1,2,0.029411764705882363
HHS Region 4,Season onset,Bin,week,2,3,0.029411764705882363
HHS Region 4,Season onset,Bin,week,3,4,0.029411764705882363
HHS Region 4,Season onset,Bin,week,4,5,0.029411764705882363
HHS Region 4,Season onset,Bin,week,5,6,0.029411764705882363
HHS Region 4,Season onset,Bin,week,6,7,0.029411764705882363
HHS Region 4,Season onset,Bin,week,7,8,0.029411764705882363
HHS Region 4,Season onset,Bin,week,8,9,0.029411764705882363
HHS Region 4,Season onset,Bin,week,9,10,0.029411764705882363
HHS Region 4,Season onset,Bin,week,10,11,0.029411764705882363
HHS Region 4,Season onset,Bin,week,11,12,0.029411764705882363
HHS Region 4,Season onset,Bin,week,12,13,0.029411764705882363
HHS Region 4,Season onset,Bin,week,13,14,0.029411764705882363
HHS Region 4,Season onset,Bin,week,14,15,0.029411764705882363
HHS Region 4,Season onset,Bin,week,15,16,0.029411764705882363
HHS Region 4,Season onset,Bin,week,16,17,0.029411764705882363
HHS Region 4,Season onset,Bin,week,17,18,0.029411764705882363
HHS Region 4,Season onset,Bin,week,18,19,0.029411764705882363
HHS Region 4,Season onset,Bin,week,19,20,0.029411764705882363
HHS Region 4,Season onset,Bin,week,20,21,0.029411764705882363
HHS Region 4,Season onset,Bin,week,none,none,0.029411764705882363
HHS Region 4,Season peak week,Point,week,,,4.4999999999999885
HHS Region 4,Season peak week,Bin,week,40,41,0.030303030303030307
HHS Region 4,Season peak week,Bin,week,41,42,0.030303030303030307
HHS Region 4,Season peak week,Bin,week,42,43,0.030303030303030307
HHS Region 4,Season peak week,Bin,week,43,44,0.030303030303030307
HHS Region 4,Season peak week,Bin,week,44,45,0.030303030303030307
HHS Region 4,Season peak week,Bin,week,45,46,0.030303030303030307
HHS Region 4,Season peak week,Bin,week,46,47,0.030303030303030307
HHS Region 4,Season peak week,Bin,week,47,48,0.030303030303030307
HHS Region 4,Season peak week,Bin,week,48,49,0.030303030303030307
HHS Region 4,Season peak week,Bin,week,49,50,0.030303030303030307
HHS Region 4,Season peak week,Bin,week,50,51,0.030303030303030307
HHS Region 4,Season peak week,Bin,week,51,52,0.030303030303030307
HHS Region 4,Season peak week,Bin,week,52,53,0.030303030303030307
HHS Region 4,Season peak week,Bin,week,1,2,0.030303030303030307
HHS Region 4,Season peak week,Bin,week,2,3,0.030303030303030307
HHS Region 4,Season peak week,Bin,week,3,4,0.030303030303030307
HHS Region 4,Season peak week,Bin,week,4,5,0.030303030303030307
HHS Region 4,Season peak week,Bin,week,5,6,0.030303030303030307
HHS Region 4,Season peak week,Bin,week,6,7,0.030303030303030307
HHS Region 4,Season peak week,Bin,week,7,8,0.030303030303030307
HHS Region 4,Season peak week,Bin,week,8,9,0.030303030303030307
HHS Region 4,Season peak week,Bin,week,9,10,0.030303030303030307
HHS Region 4,Season peak week,Bin,week,10,11,0.030303030303030307
HHS Region 4,Season peak week,Bin,week,11,12,0.030303030303030307
HHS Region 4,Season peak week,Bin,week,12,13,0.030303030303030307
HHS Region 4,Season peak week,Bin,week,13,14,0.030303030303030307
HHS Region 4,Season peak week,Bin,week,14,15,0.030303030303030307
HHS Region 4,Season peak week,Bin,week,15,16,0.030303030303030307
HHS Region 4,Season peak week,Bin,week,16,17,0.030303030303030307
HHS Region 4,Season peak week,Bin,week,17,18,0.030303030303030307
HHS Region 4,Season peak week,Bin,week,18,19,0.030303030303030307
HHS Region 4,Season peak week,Bin,week,19,20,0.030303030303030307
HHS Region 4,Season peak week,Bin,week,20,21,0.030303030303030307
HHS Region 4,Season peak percentage,Point,percent,,,6.5500000000000025
HHS Region 4,Season peak percentage,Bin,percent,0,0.1,0.0076335877862595426
HHS Region 4,Season peak percentage,Bin,percent,0.1,0.2,0.0076335877862595426
HHS Region 4,Season peak percentage,Bin,percent,0.2,0.3,0.0076335877862595426
HHS Region 4,Season peak percentage,Bin,percent,0.3,0.4,0.0076335877862595426
HHS Region 4,Season peak percentage,Bin,percent,0.4,0.5,0.0076335877862595426
HHS Region 4,Season peak percentage,Bin,percent,0.5,0.6,0.0076335877862595426
HHS Region 4,Season peak percentage,Bin,percent,0.6,0.7,0.0076335877862595426
HHS Region 4,Season peak percentage,Bin,percent,0.7,0.8,0.0076335877862595426
HHS Region 4,Season peak percentage,Bin,percent,0.8,0.9,0.0076335877862595426
HHS Region 4,Season peak percentage,Bin,percent,0.9,1,0.0076335877862595426
HHS Region 4,Season peak percentage,Bin,percent,1,1.1,0.0076335877862595426
HHS Region 4,Season peak percentage,Bin,percent,1.1,1.2,0.0076335877862595426
HHS Region 4,Season peak percentage,Bin,percent,1.2,1.3,0.0076335877862595426
HHS Region 4,Season peak percentage,Bin,percent,1.3,1.4,0.0076335877862595426
HHS Region 4,Season peak percentage,Bin,percent,1.4,1.5,0.0076335877862595426
HHS Region 4,Season peak percentage,Bin,percent,1.5,1.6,0.0076335877862595426
HHS Region 4,Season peak percentage,Bin,percent,1.6,1.7,0.0076335877862595426
HHS Region 4,Season peak percentage,Bin,percent,1.7,1.8,0.0076335877862595426
HHS Region 4,Season peak percentage,Bin,percent,1.8,1.9,0.0076335877862595426
HHS Region 4,Season peak percentage,Bin,percent,1.9,2,0.0076335877862595426
HHS Region 4,Season peak percentage,Bin,percent,2,2.1,0.0076335877862595426
HHS Region 4,Season peak percentage,Bin,percent,2.1,2.2,0.0076335877862595426
HHS Region 4,Season peak percentage,Bin,percent,2.2,2.3,0.0076335877862595426
HHS Region 4,Season peak percentage,Bin,percent,2.3,2.4,0.0076335877862595426
HHS Region 4,Season peak percentage,Bin,percent,2.4,2.5,0.0076335877862595426
HHS Region 4,Season peak percentage,Bin,percent,2.5,2.6,0.0076335877862595426
HHS Region 4,Season peak percentage,Bin,percent,2.6,2.7,0.0076335877862595426
HHS Region 4,Season peak percentage,Bin,percent,2.7,2.8,0.0076335877862595426
HHS Region 4,Season peak percentage,Bin,percent,2.8,2.9,0.0076335877862595426
HHS Region 4,Season peak percentage,Bin,percent,2.9,3,0.0076335877862595426
HHS Region 4,Season peak percentage,Bin,percent,3,3.1,0.0076335877862595426
HHS Region 4,Season peak percentage,Bin,percent,3.1,3.2,0.0076335877862595426
HHS Region 4,Season peak percentage,Bin,percent,3.2,3.3,0.0076335877862595426
HHS Region 4,Season peak percentage,Bin,percent,3.3,3.4,0.0076335877862595426
HHS Region 4,Season peak percentage,Bin,percent,3.4,3.5,0.0076335877862595426
HHS Region 4,Season peak percentage,Bin,percent,3.5,3.6,0.0076335877862595426
HHS Region 4,Season peak percentage,Bin,percent,3.6,3.7,0.0076335877862595426
HHS Region 4,Season peak percentage,Bin,percent,3.7,3.8,0.0076335877862595426
HHS Region 4,Season peak percentage,Bin,percent,3.8,3.9,0.0076335877862595426
HHS Region 4,Season peak percentage,Bin,percent,3.9,4,0.0076335877862595426
HHS Region 4,Season peak percentage,Bin,percent,4,4.1,0.0076335877862595426
HHS Region 4,Season peak percentage,Bin,percent,4.1,4.2,0.0076335877862595426
HHS Region 4,Season peak percentage,Bin,percent,4.2,4.3,0.0076335877862595426
HHS Region 4,Season peak percentage,Bin,percent,4.3,4.4,0.0076335877862595426
HHS Region 4,Season peak percentage,Bin,percent,4.4,4.5,0.0076335877862595426
HHS Region 4,Season peak percentage,Bin,percent,4.5,4.6,0.0076335877862595426
HHS Region 4,Season peak percentage,Bin,percent,4.6,4.7,0.0076335877862595426
HHS Region 4,Season peak percentage,Bin,percent,4.7,4.8,0.0076335877862595426
HHS Region 4,Season peak percentage,Bin,percent,4.8,4.9,0.0076335877862595426
HHS Region 4,Season peak percentage,Bin,percent,4.9,5,0.0076335877862595426
HHS Region 4,Season peak percentage,Bin,percent,5,5.1,0.0076335877862595426
HHS Region 4,Season peak percentage,Bin,percent,5.1,5.2,0.0076335877862595426
HHS Region 4,Season peak percentage,Bin,percent,5.2,5.3,0.0076335877862595426
HHS Region 4,Season peak percentage,Bin,percent,5.3,5.4,0.0076335877862595426
HHS Region 4,Season peak percentage,Bin,percent,5.4,5.5,0.0076335877862595426
HHS Region 4,Season peak percentage,Bin,percent,5.5,5.6,0.0076335877862595426
HHS Region 4,Season peak percentage,Bin,percent,5.6,5.7,0.0076335877862595426
HHS Region 4,Season peak percentage,Bin,percent,5.7,5.8,0.0076335877862595426
HHS Region 4,Season peak percentage,Bin,percent,5.8,5.9,0.0076335877862595426
HHS Region 4,Season peak percentage,Bin,percent,5.9,6,0.0076335877862595426
HHS Region 4,Season peak percentage,Bin,percent,6,6.1,0.0076335877862595426
HHS Region 4,Season peak percentage,Bin,percent,6.1,6.2,0.0076335877862595426
HHS Region 4,Season peak percentage,Bin,percent,6.2,6.3,0.0076335877862595426
HHS Region 4,Season peak percentage,Bin,percent,6.3,6.4,0.0076335877862595426
HHS Region 4,Season peak percentage,Bin,percent,6.4,6.5,0.0076335877862595426
HHS Region 4,Season peak percentage,Bin,percent,6.5,6.6,0.0076335877862595426
HHS Region 4,Season peak percentage,Bin,percent,6.6,6.7,0.0076335877862595426
HHS Region 4,Season peak percentage,Bin,percent,6.7,6.8,0.0076335877862595426
HHS Region 4,Season peak percentage,Bin,percent,6.8,6.9,0.0076335877862595426
HHS Region 4,Season peak percentage,Bin,percent,6.9,7,0.0076335877862595426
HHS Region 4,Season peak percentage,Bin,percent,7,7.1,0.0076335877862595426
HHS Region 4,Season peak percentage,Bin,percent,7.1,7.2,0.0076335877862595426
HHS Region 4,Season peak percentage,Bin,percent,7.2,7.3,0.0076335877862595426
HHS Region 4,Season peak percentage,Bin,percent,7.3,7.4,0.0076335877862595426
HHS Region 4,Season peak percentage,Bin,percent,7.4,7.5,0.0076335877862595426
HHS Region 4,Season peak percentage,Bin,percent,7.5,7.6,0.0076335877862595426
HHS Region 4,Season peak percentage,Bin,percent,7.6,7.7,0.0076335877862595426
HHS Region 4,Season peak percentage,Bin,percent,7.7,7.8,0.0076335877862595426
HHS Region 4,Season peak percentage,Bin,percent,7.8,7.9,0.0076335877862595426
HHS Region 4,Season peak percentage,Bin,percent,7.9,8,0.0076335877862595426
HHS Region 4,Season peak percentage,Bin,percent,8,8.1,0.0076335877862595426
HHS Region 4,Season peak percentage,Bin,percent,8.1,8.2,0.0076335877862595426
HHS Region 4,Season peak percentage,Bin,percent,8.2,8.3,0.0076335877862595426
HHS Region 4,Season peak percentage,Bin,percent,8.3,8.4,0.0076335877862595426
HHS Region 4,Season peak percentage,Bin,percent,8.4,8.5,0.0076335877862595426
HHS Region 4,Season peak percentage,Bin,percent,8.5,8.6,0.0076335877862595426
HHS Region 4,Season peak percentage,Bin,percent,8.6,8.7,0.0076335877862595426
HHS Region 4,Season peak percentage,Bin,percent,8.7,8.8,0.0076335877862595426
HHS Region 4,Season peak percentage,Bin,percent,8.8,8.9,0.0076335877862595426
HHS Region 4,Season peak percentage,Bin,percent,8.9,9,0.0076335877862595426
HHS Region 4,Season peak percentage,Bin,percent,9,9.1,0.0076335877862595426
HHS Region 4,Season peak percentage,Bin,percent,9.1,9.2,0.0076335877862595426
HHS Region 4,Season peak percentage,Bin,percent,9.2,9.3,0.0076335877862595426
HHS Region 4,Season peak percentage,Bin,percent,9.3,9.4,0.0076335877862595426
HHS Region 4,Season peak percentage,Bin,percent,9.4,9.5,0.0076335877862595426
HHS Region 4,Season peak percentage,Bin,percent,9.5,9.6,0.0076335877862595426
HHS Region 4,Season peak percentage,Bin,percent,9.6,9.7,0.0076335877862595426
HHS Region 4,Season peak percentage,Bin,percent,9.7,9.8,0.0076335877862595426
HHS Region 4,Season peak percentage,Bin,percent,9.8,9.9,0.0076335877862595426
HHS Region 4,Season peak percentage,Bin,percent,9.9,10,0.0076335877862595426
HHS Region 4,Season peak percentage,Bin,percent,10,10.1,0.0076335877862595426
HHS Region 4,Season peak percentage,Bin,percent,10.1,10.2,0.0076335877862595426
HHS Region 4,Season peak percentage,Bin,percent,10.2,10.3,0.0076335877862595426
HHS Region 4,Season peak percentage,Bin,percent,10.3,10.4,0.0076335877862595426
HHS Region 4,Season peak percentage,Bin,percent,10.4,10.5,0.0076335877862595426
HHS Region 4,Season peak percentage,Bin,percent,10.5,10.6,0.0076335877862595426
HHS Region 4,Season peak percentage,Bin,percent,10.6,10.7,0.0076335877862595426
HHS Region 4,Season peak percentage,Bin,percent,10.7,10.8,0.0076335877862595426
HHS Region 4,Season peak percentage,Bin,percent,10.8,10.9,0.0076335877862595426
HHS Region 4,Season peak percentage,Bin,percent,10.9,11,0.0076335877862595426
HHS Region 4,Season peak percentage,Bin,percent,11,11.1,0.0076335877862595426
HHS Region 4,Season peak percentage,Bin,percent,11.1,11.2,0.0076335877862595426
HHS Region 4,Season peak percentage,Bin,percent,11.2,11.3,0.0076335877862595426
HHS Region 4,Season peak percentage,Bin,percent,11.3,11.4,0.0076335877862595426
HHS Region 4,Season peak percentage,Bin,percent,11.4,11.5,0.0076335877862595426
HHS Region 4,Season peak percentage,Bin,percent,11.5,11.6,0.0076335877862595426
HHS Region 4,Season peak percentage,Bin,percent,11.6,11.7,0.0076335877862595426
HHS Region 4,Season peak percentage,Bin,percent,11.7,11.8,0.0076335877862595426
HHS Region 4,Season peak percentage,Bin,percent,11.8,11.9,0.0076335877862595426
HHS Region 4,Season peak percentage,Bin,percent,11.9,12,0.0076335877862595426
HHS Region 4,Season peak percentage,Bin,percent,12,12.1,0.0076335877862595426
HHS Region 4,Season peak percentage,Bin,percent,12.1,12.2,0.0076335877862595426
HHS Region 4,Season peak percentage,Bin,percent,12.2,12.3,0.0076335877862595426
HHS Region 4,Season peak percentage,Bin,percent,12.3,12.4,0.0076335877862595426
HHS Region 4,Season peak percentage,Bin,percent,12.4,12.5,0.0076335877862595426
HHS Region 4,Season peak percentage,Bin,percent,12.5,12.6,0.0076335877862595426
HHS Region 4,Season peak percentage,Bin,percent,12.6,12.7,0.0076335877862595426
HHS Region 4,Season peak percentage,Bin,percent,12.7,12.8,0.0076335877862595426
HHS Region 4,Season peak percentage,Bin,percent,12.8,12.9,0.0076335877862595426
HHS Region 4,Season peak percentage,Bin,percent,12.9,13,0.0076335877862595426
HHS Region 4,Season peak percentage,Bin,percent,13,100,0.0076335877862595426
HHS Region 4,1 wk ahead,Point,percent,,,2.297315954934644
HHS Region 4,1 wk ahead,Bin,percent,0,0.1,0.00014455499837660898
HHS Region 4,1 wk ahead,Bin,percent,0.1,0.2,0.0002364454569180477
HHS Region 4,1 wk ahead,Bin,percent,0.2,0.3,0.00038236436271490114
HHS Region 4,1 wk ahead,Bin,percent,0.3,0.4,0.0006082921837347043
HHS Region 4,1 wk ahead,Bin,percent,0.4,0.5,0.0009492890717466344
HHS Region 4,1 wk ahead,Bin,percent,0.5,0.6,0.0014508737557905125
HHS Region 4,1 wk ahead,Bin,percent,0.6,0.7,0.0021696994317284496
HHS Region 4,1 wk ahead,Bin,percent,0.7,0.8,0.003173016213524595
HHS Region 4,1 wk ahead,Bin,percent,0.8,0.9,0.004536371998302136
HHS Region 4,1 wk ahead,Bin,percent,0.9,1,0.006339068410802248
HHS Region 4,1 wk ahead,Bin,percent,1,1.1,0.008657091564584192
HHS Region 4,1 wk ahead,Bin,percent,1.1,1.2,0.011553594080238086
HHS Region 4,1 wk ahead,Bin,percent,1.2,1.3,0.015067496019839971
HHS Region 4,1 wk ahead,Bin,percent,1.3,1.4,0.01920133509156896
HHS Region 4,1 wk ahead,Bin,percent,1.4,1.5,0.02391002423053588
HHS Region 4,1 wk ahead,Bin,percent,1.5,1.6,0.029092532038285164
HHS Region 4,1 wk ahead,Bin,percent,1.6,1.7,0.03458855259194294
HHS Region 4,1 wk ahead,Bin,percent,1.7,1.8,0.04018187723265595
HHS Region 4,1 wk ahead,Bin,percent,1.8,1.9,0.04561139877996807
HHS Region 4,1 wk ahead,Bin,percent,1.9,2,0.050589545593138004
HHS Region 4,1 wk ahead,Bin,percent,2,2.1,0.05482663894054341
HHS Region 4,1 wk ahead,Bin,percent,2.1,2.2,0.058058446926728076
HHS Region 4,1 wk ahead,Bin,percent,2.2,2.3,0.06007334671977161
HHS Region 4,1 wk ahead,Bin,percent,2.3,2.4,0.060735230387186666
HHS Region 4,1 wk ahead,Bin,percent,2.4,2.5,0.05999871183077789
HHS Region 4,1 wk ahead,Bin,percent,2.5,2.6,0.057914274219804114
HHS Region 4,1 wk ahead,Bin,percent,2.6,2.7,0.05462254681220314
HHS Region 4,1 wk ahead,Bin,percent,2.7,2.8,0.050338612632066015
HHS Region 4,1 wk ahead,Bin,percent,2.8,2.9,0.04532877986692753
HHS Region 4,1 wk ahead,Bin,percent,2.9,3,0.03988329996299998
HHS Region 4,1 wk ahead,Bin,percent,3,3.1,0.03428889962395685
HHS Region 4,1 wk ahead,Bin,percent,3.1,3.2,0.028804681954977807
HHS Region 4,1 wk ahead,Bin,percent,3.2,3.3,0.023644064742677908
HHS Region 4,1 wk ahead,Bin,percent,3.3,3.4,0.018964192063099808
HHS Region 4,1 wk ahead,Bin,percent,3.4,3.5,0.014862954627761275
HHS Region 4,1 wk ahead,Bin,percent,3.5,3.6,0.011382636364689206
HHS Region 4,1 wk ahead,Bin,percent,3.6,3.7,0.008518444548615287
HHS Region 4,1 wk ahead,Bin,percent,3.7,3.8,0.0062298500379066825
HHS Region 4,1 wk ahead,Bin,percent,3.8,3.9,0.004452734661632245
HHS Region 4,1 wk ahead,Bin,percent,3.9,4,0.003110712925818291
HHS Region 4,1 wk ahead,Bin,percent,4,4.1,0.0021245281174259783
HHS Region 4,1 wk ahead,Bin,percent,4.1,4.2,0.0014189840941413645
HHS Region 4,1 wk ahead,Bin,percent,4.2,4.3,0.0009273592356835432
HHS Region 4,1 wk ahead,Bin,percent,4.3,4.4,0.0005935976119468629
HHS Region 4,1 wk ahead,Bin,percent,4.4,4.5,0.0003727674362697605
HHS Region 4,1 wk ahead,Bin,percent,4.5,4.6,0.00023033516074200355
HHS Region 4,1 wk ahead,Bin,percent,4.6,4.7,0.00014076154366553302
HHS Region 4,1 wk ahead,Bin,percent,4.7,4.8,8.582579846756053e-05
HHS Region 4,1 wk ahead,Bin,percent,4.8,4.9,5.29630066685299e-05
HHS Region 4,1 wk ahead,Bin,percent,4.9,5,3.378554258058523e-05
HHS Region 4,1 wk ahead,Bin,percent,5,5.1,2.286684827438592e-05
HHS Region 4,1 wk ahead,Bin,percent,5.1,5.2,1.680098814960864e-05
HHS Region 4,1 wk ahead,Bin,percent,5.2,5.3,1.3512469628238975e-05
HHS Region 4,1 wk ahead,Bin,percent,5.3,5.4,1.1772531077888944e-05
HHS Region 4,1 wk ahead,Bin,percent,5.4,5.5,1.0874008910827044e-05
HHS Region 4,1 wk ahead,Bin,percent,5.5,5.6,1.0421093544583843e-05
HHS Region 4,1 wk ahead,Bin,percent,5.6,5.7,1.0198235772784778e-05
HHS Region 4,1 wk ahead,Bin,percent,5.7,5.8,1.0091185586092557e-05
HHS Region 4,1 wk ahead,Bin,percent,5.8,5.9,1.0040983692162759e-05
HHS Region 4,1 wk ahead,Bin,percent,5.9,6,1.0017998515606837e-05
HHS Region 4,1 wk ahead,Bin,percent,6,6.1,1.0007723302021864e-05
HHS Region 4,1 wk ahead,Bin,percent,6.1,6.2,1.000323824772443e-05
HHS Region 4,1 wk ahead,Bin,percent,6.2,6.3,1.0001326654519536e-05
HHS Region 4,1 wk ahead,Bin,percent,6.3,6.4,1.0000531063353997e-05
HHS Region 4,1 wk ahead,Bin,percent,6.4,6.5,1.0000207718677232e-05
HHS Region 4,1 wk ahead,Bin,percent,6.5,6.6,1.0000079386285901e-05
HHS Region 4,1 wk ahead,Bin,percent,6.6,6.7,1.0000029645319867e-05
HHS Region 4,1 wk ahead,Bin,percent,6.7,6.8,1.0000010817017162e-05
HHS Region 4,1 wk ahead,Bin,percent,6.8,6.9,1.0000003856555787e-05
HHS Region 4,1 wk ahead,Bin,percent,6.9,7,1.0000001343483817e-05
HHS Region 4,1 wk ahead,Bin,percent,7,7.1,1.0000000457305032e-05
HHS Region 4,1 wk ahead,Bin,percent,7.1,7.2,1.000000015209686e-05
HHS Region 4,1 wk ahead,Bin,percent,7.2,7.3,1.000000004942825e-05
HHS Region 4,1 wk ahead,Bin,percent,7.3,7.4,1.0000000015695347e-05
HHS Region 4,1 wk ahead,Bin,percent,7.4,7.5,1.0000000004869761e-05
HHS Region 4,1 wk ahead,Bin,percent,7.5,7.6,1.0000000001476337e-05
HHS Region 4,1 wk ahead,Bin,percent,7.6,7.7,1.0000000000437322e-05
HHS Region 4,1 wk ahead,Bin,percent,7.7,7.8,1.000000000012658e-05
HHS Region 4,1 wk ahead,Bin,percent,7.8,7.9,1.0000000000035796e-05
HHS Region 4,1 wk ahead,Bin,percent,7.9,8,1.0000000000009892e-05
HHS Region 4,1 wk ahead,Bin,percent,8,8.1,1.0000000000002672e-05
HHS Region 4,1 wk ahead,Bin,percent,8.1,8.2,1.0000000000000707e-05
HHS Region 4,1 wk ahead,Bin,percent,8.2,8.3,1.0000000000000184e-05
HHS Region 4,1 wk ahead,Bin,percent,8.3,8.4,1.0000000000000047e-05
HHS Region 4,1 wk ahead,Bin,percent,8.4,8.5,1.0000000000000013e-05
HHS Region 4,1 wk ahead,Bin,percent,8.5,8.6,1.0000000000000003e-05
HHS Region 4,1 wk ahead,Bin,percent,8.6,8.7,1e-05
HHS Region 4,1 wk ahead,Bin,percent,8.7,8.8,1e-05
HHS Region 4,1 wk ahead,Bin,percent,8.8,8.9,1e-05
HHS Region 4,1 wk ahead,Bin,percent,8.9,9,1e-05
HHS Region 4,1 wk ahead,Bin,percent,9,9.1,1e-05
HHS Region 4,1 wk ahead,Bin,percent,9.1,9.2,1e-05
HHS Region 4,1 wk ahead,Bin,percent,9.2,9.3,1e-05
HHS Region 4,1 wk ahead,Bin,percent,9.3,9.4,1e-05
HHS Region 4,1 wk ahead,Bin,percent,9.4,9.5,1e-05
HHS Region 4,1 wk ahead,Bin,percent,9.5,9.6,1e-05
HHS Region 4,1 wk ahead,Bin,percent,9.6,9.7,1e-05
HHS Region 4,1 wk ahead,Bin,percent,9.7,9.8,1e-05
HHS Region 4,1 wk ahead,Bin,percent,9.8,9.9,1e-05
HHS Region 4,1 wk ahead,Bin,percent,9.9,10,1e-05
HHS Region 4,1 wk ahead,Bin,percent,10,10.1,1e-05
HHS Region 4,1 wk ahead,Bin,percent,10.1,10.2,1e-05
HHS Region 4,1 wk ahead,Bin,percent,10.2,10.3,1e-05
HHS Region 4,1 wk ahead,Bin,percent,10.3,10.4,1e-05
HHS Region 4,1 wk ahead,Bin,percent,10.4,10.5,1e-05
HHS Region 4,1 wk ahead,Bin,percent,10.5,10.6,1e-05
HHS Region 4,1 wk ahead,Bin,percent,10.6,10.7,1e-05
HHS Region 4,1 wk ahead,Bin,percent,10.7,10.8,1e-05
HHS Region 4,1 wk ahead,Bin,percent,10.8,10.9,1e-05
HHS Region 4,1 wk ahead,Bin,percent,10.9,11,1e-05
HHS Region 4,1 wk ahead,Bin,percent,11,11.1,1e-05
HHS Region 4,1 wk ahead,Bin,percent,11.1,11.2,1e-05
HHS Region 4,1 wk ahead,Bin,percent,11.2,11.3,1e-05
HHS Region 4,1 wk ahead,Bin,percent,11.3,11.4,1e-05
HHS Region 4,1 wk ahead,Bin,percent,11.4,11.5,1e-05
HHS Region 4,1 wk ahead,Bin,percent,11.5,11.6,1e-05
HHS Region 4,1 wk ahead,Bin,percent,11.6,11.7,1e-05
HHS Region 4,1 wk ahead,Bin,percent,11.7,11.8,1e-05
HHS Region 4,1 wk ahead,Bin,percent,11.8,11.9,1e-05
HHS Region 4,1 wk ahead,Bin,percent,11.9,12,1e-05
HHS Region 4,1 wk ahead,Bin,percent,12,12.1,1e-05
HHS Region 4,1 wk ahead,Bin,percent,12.1,12.2,1e-05
HHS Region 4,1 wk ahead,Bin,percent,12.2,12.3,1e-05
HHS Region 4,1 wk ahead,Bin,percent,12.3,12.4,1e-05
HHS Region 4,1 wk ahead,Bin,percent,12.4,12.5,1e-05
HHS Region 4,1 wk ahead,Bin,percent,12.5,12.6,1e-05
HHS Region 4,1 wk ahead,Bin,percent,12.6,12.7,1e-05
HHS Region 4,1 wk ahead,Bin,percent,12.7,12.8,1e-05
HHS Region 4,1 wk ahead,Bin,percent,12.8,12.9,1e-05
HHS Region 4,1 wk ahead,Bin,percent,12.9,13,1e-05
HHS Region 4,1 wk ahead,Bin,percent,13,100,1e-05
HHS Region 4,2 wk ahead,Point,percent,,,3.0869151764173948
HHS Region 4,2 wk ahead,Bin,percent,0,0.1,0.0001275674938781825
HHS Region 4,2 wk ahead,Bin,percent,0.1,0.2,0.00018164900829507668
HHS Region 4,2 wk ahead,Bin,percent,0.2,0.3,0.00025750470665357017
HHS Region 4,2 wk ahead,Bin,percent,0.3,0.4,0.00036246317660809684
HHS Region 4,2 wk ahead,Bin,percent,0.4,0.5,0.0005057151197572601
HHS Region 4,2 wk ahead,Bin,percent,0.5,0.6,0.0006985551096068402
HHS Region 4,2 wk ahead,Bin,percent,0.6,0.7,0.000954568309709592
HHS Region 4,2 wk ahead,Bin,percent,0.7,0.8,0.0012897235493140712
HHS Region 4,2 wk ahead,Bin,percent,0.8,0.9,0.0017223284731139544
HHS Region 4,2 wk ahead,Bin,percent,0.9,1,0.0022727997406105965
HHS Region 4,2 wk ahead,Bin,percent,1,1.1,0.002963202910412356
HHS Region 4,2 wk ahead,Bin,percent,1.1,1.2,0.0038165240733921695
HHS Region 4,2 wk ahead,Bin,percent,1.2,1.3,0.0048556495228528965
HHS Region 4,2 wk ahead,Bin,percent,1.3,1.4,0.0061020511790937405
HHS Region 4,2 wk ahead,Bin,percent,1.4,1.5,0.007574203647709298
HHS Region 4,2 wk ahead,Bin,percent,1.5,1.6,0.009285792131485409
HHS Region 4,2 wk ahead,Bin,percent,1.6,1.7,0.011243806219072491
HHS Region 4,2 wk ahead,Bin,percent,1.7,1.8,0.01344664905190814
HHS Region 4,2 wk ahead,Bin,percent,1.8,1.9,0.01588241995459369
HHS Region 4,2 wk ahead,Bin,percent,1.9,2,0.01852754644359254
HHS Region 4,2 wk ahead,Bin,percent,2,2.1,0.021345944111272254
HHS Region 4,2 wk ahead,Bin,percent,2.1,2.2,0.024288866832965446
HHS Region 4,2 wk ahead,Bin,percent,2.2,2.3,0.02729557350950629
HHS Region 4,2 wk ahead,Bin,percent,2.3,2.4,0.030294881979678036
HHS Region 4,2 wk ahead,Bin,percent,2.4,2.5,0.033207609346295804
HHS Region 4,2 wk ahead,Bin,percent,2.5,2.6,0.03594981688765449
HHS Region 4,2 wk ahead,Bin,percent,2.6,2.7,0.03843669519997772
HHS Region 4,2 wk ahead,Bin,percent,2.7,2.8,0.040586850659172787
HHS Region 4,2 wk ahead,Bin,percent,2.8,2.9,0.04232669712538276
HHS Region 4,2 wk ahead,Bin,percent,2.9,3,0.043594625141615904
HHS Region 4,2 wk ahead,Bin,percent,3,3.1,0.04434462022616669
HHS Region 4,2 wk ahead,Bin,percent,3.1,3.2,0.044549034223356834
HHS Region 4,2 wk ahead,Bin,percent,3.2,3.3,0.044200277028045
HHS Region 4,2 wk ahead,Bin,percent,3.3,3.4,0.04331128436189585
HHS Region 4,2 wk ahead,Bin,percent,3.4,3.5,0.041914721407006916
HHS Region 4,2 wk ahead,Bin,percent,3.5,3.6,0.04006099065242702
HHS Region 4,2 wk ahead,Bin,percent,3.6,3.7,0.03781521334637248
HHS Region 4,2 wk ahead,Bin,percent,3.7,3.8,0.03525343654161115
HHS Region 4,2 wk ahead,Bin,percent,3.8,3.9,0.0324583733876682
HHS Region 4,2 wk ahead,Bin,percent,3.9,4,0.029515008077235262
HHS Region 4,2 wk ahead,Bin,percent,4,4.1,0.02650638773530934
HHS Region 4,2 wk ahead,Bin,percent,4.1,4.2,0.023509884537516373
HHS Region 4,2 wk ahead,Bin,percent,4.2,4.3,0.020594148767963984
HHS Region 4,2 wk ahead,Bin,percent,4.3,4.4,0.017816895950831056
HHS Region 4,2 wk ahead,Bin,percent,4.4,4.5,0.015223588163370171
HHS Region 4,2 wk ahead,Bin,percent,4.5,4.6,0.012846990376939562
HHS Region 4,2 wk ahead,Bin,percent,4.6,4.7,0.010707514927915428
HHS Region 4,2 wk ahead,Bin,percent,4.7,4.8,0.008814216474154144
HHS Region 4,2 wk ahead,Bin,percent,4.8,4.9,0.007166268863744855
HHS Region 4,2 wk ahead,Bin,percent,4.9,5,0.005754744405467882
HHS Region 4,2 wk ahead,Bin,percent,5,5.1,0.004564522988092378
HHS Region 4,2 wk ahead,Bin,percent,5.1,5.2,0.0035761796013583577
HHS Region 4,2 wk ahead,Bin,percent,5.2,5.3,0.0027677294059682486
HHS Region 4,2 wk ahead,Bin,percent,5.3,5.4,0.00211614474178036
HHS Region 4,2 wk ahead,Bin,percent,5.4,5.5,0.0015985939480420886
HHS Region 4,2 wk ahead,Bin,percent,5.5,5.6,0.001193384070052327
HHS Region 4,2 wk ahead,Bin,percent,5.6,5.7,0.0008806160302698017
HHS Region 4,2 wk ahead,Bin,percent,5.7,5.8,0.000642580391157346
HHS Region 4,2 wk ahead,Bin,percent,5.8,5.9,0.0004639342133141337
HHS Region 4,2 wk ahead,Bin,percent,5.9,6,0.00033170531354253163
HHS Region 4,2 wk ahead,Bin,percent,6,6.1,0.0002351705956659353
HHS Region 4,2 wk ahead,Bin,percent,6.1,6.2,0.00016565147652375248
HHS Region 4,2 wk ahead,Bin,percent,6.2,6.3,0.00011626321182116809
HHS Region 4,2 wk ahead,Bin,percent,6.3,6.4,8.164745320399213e-05
HHS Region 4,2 wk ahead,Bin,percent,6.4,6.5,5.770970179805552e-05
HHS Region 4,2 wk ahead,Bin,percent,6.5,6.6,4.137623088824974e-05
HHS Region 4,2 wk ahead,Bin,percent,6.6,6.7,3.0379004620622334e-05
HHS Region 4,2 wk ahead,Bin,percent,6.7,6.8,2.307233861339616e-05
HHS Region 4,2 wk ahead,Bin,percent,6.8,6.9,1.828155204470607e-05
HHS Region 4,2 wk ahead,Bin,percent,6.9,7,1.5181533467434719e-05
HHS Region 4,2 wk ahead,Bin,percent,7,7.1,1.320179118943242e-05
HHS Region 4,2 wk ahead,Bin,percent,7.1,7.2,1.1953960717174084e-05
HHS Region 4,2 wk ahead,Bin,percent,7.2,7.3,1.1177678582453044e-05
HHS Region 4,2 wk ahead,Bin,percent,7.3,7.4,1.0701012643605736e-05
HHS Region 4,2 wk ahead,Bin,percent,7.4,7.5,1.0412109902939315e-05
HHS Region 4,2 wk ahead,Bin,percent,7.5,7.6,1.0239270069536534e-05
HHS Region 4,2 wk ahead,Bin,percent,7.6,7.7,1.0137199278155807e-05
HHS Region 4,2 wk ahead,Bin,percent,7.7,7.8,1.0077696848326882e-05
HHS Region 4,2 wk ahead,Bin,percent,7.8,7.9,1.0043455335191396e-05
HHS Region 4,2 wk ahead,Bin,percent,7.9,8,1.0024003298796487e-05
HHS Region 4,2 wk ahead,Bin,percent,8,8.1,1.0013094438611329e-05
HHS Region 4,2 wk ahead,Bin,percent,8.1,8.2,1.0007054901622639e-05
HHS Region 4,2 wk ahead,Bin,percent,8.2,8.3,1.0003753904031853e-05
HHS Region 4,2 wk ahead,Bin,percent,8.3,8.4,1.0001972711130057e-05
HHS Region 4,2 wk ahead,Bin,percent,8.4,8.5,1.000102383966217e-05
HHS Region 4,2 wk ahead,Bin,percent,8.5,8.6,1.000052479359953e-05
HHS Region 4,2 wk ahead,Bin,percent,8.6,8.7,1.000026566432296e-05
HHS Region 4,2 wk ahead,Bin,percent,8.7,8.8,1.0000132820792277e-05
HHS Region 4,2 wk ahead,Bin,percent,8.8,8.9,1.0000065582357327e-05
HHS Region 4,2 wk ahead,Bin,percent,8.9,9,1.000003198129941e-05
HHS Region 4,2 wk ahead,Bin,percent,9,9.1,1.0000015402574318e-05
HHS Region 4,2 wk ahead,Bin,percent,9.1,9.2,1.0000007326197904e-05
HHS Region 4,2 wk ahead,Bin,percent,9.2,9.3,1.000000344153432e-05
HHS Region 4,2 wk ahead,Bin,percent,9.3,9.4,1.0000001596664572e-05
HHS Region 4,2 wk ahead,Bin,percent,9.4,9.5,1.0000000731582652e-05
HHS Region 4,2 wk ahead,Bin,percent,9.5,9.6,1.0000000331055825e-05
HHS Region 4,2 wk ahead,Bin,percent,9.6,9.7,1.0000000147954166e-05
HHS Region 4,2 wk ahead,Bin,percent,9.7,9.8,1.0000000065304223e-05
HHS Region 4,2 wk ahead,Bin,percent,9.8,9.9,1.0000000028467118e-05
HHS Region 4,2 wk ahead,Bin,percent,9.9,10,1.000000001225558e-05
HHS Region 4,2 wk ahead,Bin,percent,10,10.1,1.0000000005210897e-05
HHS Region 4,2 wk ahead,Bin,percent,10.1,10.2,1.0000000002188161e-05
HHS Region 4,2 wk ahead,Bin,percent,10.2,10.3,1.0000000000907473e-05
HHS Region 4,2 wk ahead,Bin,percent,10.3,10.4,1.0000000000371687e-05
HHS Region 4,2 wk ahead,Bin,percent,10.4,10.5,1.0000000000150353e-05
HHS Region 4,2 wk ahead,Bin,percent,10.5,10.6,1.0000000000060067e-05
HHS Region 4,2 wk ahead,Bin,percent,10.6,10.7,1.0000000000023699e-05
HHS Region 4,2 wk ahead,Bin,percent,10.7,10.8,1.0000000000009237e-05
HHS Region 4,2 wk ahead,Bin,percent,10.8,10.9,1.0000000000003557e-05
HHS Region 4,2 wk ahead,Bin,percent,10.9,11,1.0000000000001353e-05
HHS Region 4,2 wk ahead,Bin,percent,11,11.1,1.0000000000000507e-05
HHS Region 4,2 wk ahead,Bin,percent,11.1,11.2,1.0000000000000187e-05
HHS Region 4,2 wk ahead,Bin,percent,11.2,11.3,1.000000000000007e-05
HHS Region 4,2 wk ahead,Bin,percent,11.3,11.4,1.0000000000000026e-05
HHS Region 4,2 wk ahead,Bin,percent,11.4,11.5,1.0000000000000013e-05
HHS Region 4,2 wk ahead,Bin,percent,11.5,11.6,1.0000000000000003e-05
HHS Region 4,2 wk ahead,Bin,percent,11.6,11.7,1.0000000000000003e-05
HHS Region 4,2 wk ahead,Bin,percent,11.7,11.8,1e-05
HHS Region 4,2 wk ahead,Bin,percent,11.8,11.9,1e-05
HHS Region 4,2 wk ahead,Bin,percent,11.9,12,1e-05
HHS Region 4,2 wk ahead,Bin,percent,12,12.1,1e-05
HHS Region 4,2 wk ahead,Bin,percent,12.1,12.2,1e-05
HHS Region 4,2 wk ahead,Bin,percent,12.2,12.3,1e-05
HHS Region 4,2 wk ahead,Bin,percent,12.3,12.4,1e-05
HHS Region 4,2 wk ahead,Bin,percent,12.4,12.5,1e-05
HHS Region 4,2 wk ahead,Bin,percent,12.5,12.6,1e-05
HHS Region 4,2 wk ahead,Bin,percent,12.6,12.7,1e-05
HHS Region 4,2 wk ahead,Bin,percent,12.7,12.8,1e-05
HHS Region 4,2 wk ahead,Bin,percent,12.8,12.9,1e-05
HHS Region 4,2 wk ahead,Bin,percent,12.9,13,1e-05
HHS Region 4,2 wk ahead,Bin,percent,13,100,1e-05
HHS Region 4,3 wk ahead,Point,percent,,,3.8056491454735566
HHS Region 4,3 wk ahead,Bin,percent,0,0.1,8.610642571503667e-05
HHS Region 4,3 wk ahead,Bin,percent,0.1,0.2,0.00011487848815610571
HHS Region 4,3 wk ahead,Bin,percent,0.2,0.3,0.00015329906634748967
HHS Region 4,3 wk ahead,Bin,percent,0.3,0.4,0.00020412977608715992
HHS Region 4,3 wk ahead,Bin,percent,0.4,0.5,0.0002707550912229384
HHS Region 4,3 wk ahead,Bin,percent,0.5,0.6,0.0003572684192644842
HHS Region 4,3 wk ahead,Bin,percent,0.6,0.7,0.00046855310014353916
HHS Region 4,3 wk ahead,Bin,percent,0.7,0.8,0.0006103518150566753
HHS Region 4,3 wk ahead,Bin,percent,0.8,0.9,0.0007893165017107843
HHS Region 4,3 wk ahead,Bin,percent,0.9,1,0.0010130296404608737
HHS Region 4,3 wk ahead,Bin,percent,1,1.1,0.001289986861990585
HHS Region 4,3 wk ahead,Bin,percent,1.1,1.2,0.0016295304103460426
HHS Region 4,3 wk ahead,Bin,percent,1.2,1.3,0.0020417232612724
HHS Region 4,3 wk ahead,Bin,percent,1.3,1.4,0.002537154820311207
HHS Region 4,3 wk ahead,Bin,percent,1.4,1.5,0.003126671251270509
HHS Region 4,3 wk ahead,Bin,percent,1.5,1.6,0.003821026700662013
HHS Region 4,3 wk ahead,Bin,percent,1.6,1.7,0.004630455994459126
HHS Region 4,3 wk ahead,Bin,percent,1.7,1.8,0.00556417469538639
HHS Region 4,3 wk ahead,Bin,percent,1.8,1.9,0.006629818510285594
HHS Region 4,3 wk ahead,Bin,percent,1.9,2,0.007832840593486797
HHS Region 4,3 wk ahead,Bin,percent,2,2.1,0.009175891852819515
HHS Region 4,3 wk ahead,Bin,percent,2.1,2.2,0.010658215383821121
HHS Region 4,3 wk ahead,Bin,percent,2.2,2.3,0.012275091029228215
HHS Region 4,3 wk ahead,Bin,percent,2.3,2.4,0.014017369169512921
HHS Region 4,3 wk ahead,Bin,percent,2.4,2.5,0.015871133630898013
HHS Region 4,3 wk ahead,Bin,percent,2.5,2.6,0.01781753160060271
HHS Region 4,3 wk ahead,Bin,percent,2.6,2.7,0.019832803395489
HHS Region 4,3 wk ahead,Bin,percent,2.7,2.8,0.021888536804806548
HHS Region 4,3 wk ahead,Bin,percent,2.8,2.9,0.02395215975758094
HHS Region 4,3 wk ahead,Bin,percent,2.9,3,0.025987671773410045
HHS Region 4,3 wk ahead,Bin,percent,3,3.1,0.02795659983575747
HHS Region 4,3 wk ahead,Bin,percent,3.1,3.2,0.029819148997762963
HHS Region 4,3 wk ahead,Bin,percent,3.2,3.3,0.03153550336049129
HHS Region 4,3 wk ahead,Bin,percent,3.3,3.4,0.033067220272171856
HHS Region 4,3 wk ahead,Bin,percent,3.4,3.5,0.034378650842413705
HHS Region 4,3 wk ahead,Bin,percent,3.5,3.6,0.03543831412785975
HHS Region 4,3 wk ahead,Bin,percent,3.6,3.7,0.03622015132138519
HHS Region 4,3 wk ahead,Bin,percent,3.7,3.8,0.03670459029394355
HHS Region 4,3 wk ahead,Bin,percent,3.8,3.9,0.036879359806309284
HHS Region 4,3 wk ahead,Bin,percent,3.9,4,0.036740006108842205
HHS Region 4,3 wk ahead,Bin,percent,4,4.1,0.03629008156815424
HHS Region 4,3 wk ahead,Bin,percent,4.1,4.2,0.03554099416800648
HHS Region 4,3 wk ahead,Bin,percent,4.2,4.3,0.034511526785630665
HHS Region 4,3 wk ahead,Bin,percent,4.3,4.4,0.033227054523573774
HHS Region 4,3 wk ahead,Bin,percent,4.4,4.5,0.03171850562310328
HHS Region 4,3 wk ahead,Bin,percent,4.5,4.6,0.03002112533625485
HHS Region 4,3 wk ahead,Bin,percent,4.6,4.7,0.02817311163633832
HHS Region 4,3 wk ahead,Bin,percent,4.7,4.8,0.02621419623566744
HHS Region 4,3 wk ahead,Bin,percent,4.8,4.9,0.0241842439155376
HHS Region 4,3 wk ahead,Bin,percent,4.9,5,0.02212193793979111
HHS Region 4,3 wk ahead,Bin,percent,5,5.1,0.020063609977892718
HHS Region 4,3 wk ahead,Bin,percent,5.1,5.2,0.018042260459445087
HHS Region 4,3 wk ahead,Bin,percent,5.2,5.3,0.01608680076324161
HHS Region 4,3 wk ahead,Bin,percent,5.3,5.4,0.014221533328899656
HHS Region 4,3 wk ahead,Bin,percent,5.4,5.5,0.012465870847309771
HHS Region 4,3 wk ahead,Bin,percent,5.5,5.6,0.010834282177263418
HHS Region 4,3 wk ahead,Bin,percent,5.6,5.7,0.009336441371675405
HHS Region 4,3 wk ahead,Bin,percent,5.7,5.8,0.007977547732765409
HHS Region 4,3 wk ahead,Bin,percent,5.8,5.9,0.006758779420724911
HHS Region 4,3 wk ahead,Bin,percent,5.9,6,0.005677840809042553
HHS Region 4,3 wk ahead,Bin,percent,6,6.1,0.004729564266255459
HHS Region 4,3 wk ahead,Bin,percent,6.1,6.2,0.003906529916292776
HHS Region 4,3 wk ahead,Bin,percent,6.2,6.3,0.003199671632398095
HHS Region 4,3 wk ahead,Bin,percent,6.3,6.4,0.002598843439913964
HHS Region 4,3 wk ahead,Bin,percent,6.4,6.5,0.0020933270315469654
HHS Region 4,3 wk ahead,Bin,percent,6.5,6.6,0.0016722676802010707
HHS Region 4,3 wk ahead,Bin,percent,6.6,6.7,0.0013250320062418467
HHS Region 4,3 wk ahead,Bin,percent,6.7,6.8,0.001041486469985417
HHS Region 4,3 wk ahead,Bin,percent,6.8,6.9,0.0008121998908852457
HHS Region 4,3 wk ahead,Bin,percent,6.9,7,0.0006285766350463193
HHS Region 4,3 wk ahead,Bin,percent,7,7.1,0.0004829293587848997
HHS Region 4,3 wk ahead,Bin,percent,7.1,7.2,0.00036850142727725847
HHS Region 4,3 wk ahead,Bin,percent,7.2,7.3,0.00027944948206804686
HHS Region 4,3 wk ahead,Bin,percent,7.3,7.4,0.00021079628224088888
HHS Region 4,3 wk ahead,Bin,percent,7.4,7.5,0.00015836307713696968
HHS Region 4,3 wk ahead,Bin,percent,7.5,7.6,0.00011868956417086443
HHS Region 4,3 wk ahead,Bin,percent,7.6,7.7,8.894810547030522e-05
HHS Region 4,3 wk ahead,Bin,percent,7.7,7.8,6.685745656803375e-05
HHS Region 4,3 wk ahead,Bin,percent,7.8,7.9,5.059990283768955e-05
HHS Region 4,3 wk ahead,Bin,percent,7.9,8,3.8744476956979385e-05
HHS Region 4,3 wk ahead,Bin,percent,8,8.1,3.017788660512362e-05
HHS Region 4,3 wk ahead,Bin,percent,8.1,8.2,2.404393445724497e-05
HHS Region 4,3 wk ahead,Bin,percent,8.2,8.3,1.9691561614356408e-05
HHS Region 4,3 wk ahead,Bin,percent,8.3,8.4,1.6631176363965797e-05
HHS Region 4,3 wk ahead,Bin,percent,8.4,8.5,1.4498619344694516e-05
HHS Region 4,3 wk ahead,Bin,percent,8.5,8.6,1.3025936183330146e-05
HHS Region 4,3 wk ahead,Bin,percent,8.6,8.7,1.2018050979053238e-05
HHS Region 4,3 wk ahead,Bin,percent,8.7,8.8,1.1334431704437633e-05
HHS Region 4,3 wk ahead,Bin,percent,8.8,8.9,1.0874887921397593e-05
HHS Region 4,3 wk ahead,Bin,percent,8.9,9,1.0568722408066597e-05
HHS Region 4,3 wk ahead,Bin,percent,9,9.1,1.03665558118443e-05
HHS Region 4,3 wk ahead,Bin,percent,9.1,9.2,1.0234245755200507e-05
HHS Region 4,3 wk ahead,Bin,percent,9.2,9.3,1.014842094758654e-05
HHS Region 4,3 wk ahead,Bin,percent,9.3,9.4,1.0093241772464037e-05
HHS Region 4,3 wk ahead,Bin,percent,9.4,9.5,1.0058078807608425e-05
HHS Region 4,3 wk ahead,Bin,percent,9.5,9.6,1.0035868788865108e-05
HHS Region 4,3 wk ahead,Bin,percent,9.6,9.7,1.0021963805247272e-05
HHS Region 4,3 wk ahead,Bin,percent,9.7,9.8,1.0013334916665784e-05
HHS Region 4,3 wk ahead,Bin,percent,9.8,9.9,1.0008027214683667e-05
HHS Region 4,3 wk ahead,Bin,percent,9.9,10,1.0004791056589412e-05
HHS Region 4,3 wk ahead,Bin,percent,10,10.1,1.000283523834141e-05
HHS Region 4,3 wk ahead,Bin,percent,10.1,10.2,1.00016635647002e-05
HHS Region 4,3 wk ahead,Bin,percent,10.2,10.3,1.0000967791201973e-05
HHS Region 4,3 wk ahead,Bin,percent,10.3,10.4,1.00005582329834e-05
HHS Region 4,3 wk ahead,Bin,percent,10.4,10.5,1.0000319257543246e-05
HHS Region 4,3 wk ahead,Bin,percent,10.5,10.6,1.0000181033393167e-05
HHS Region 4,3 wk ahead,Bin,percent,10.6,10.7,1.000010178131702e-05
HHS Region 4,3 wk ahead,Bin,percent,10.7,10.8,1.0000056737381816e-05
HHS Region 4,3 wk ahead,Bin,percent,10.8,10.9,1.0000031359011639e-05
HHS Region 4,3 wk ahead,Bin,percent,10.9,11,1.0000017184911181e-05
HHS Region 4,3 wk ahead,Bin,percent,11,11.1,1.0000009337359235e-05
HHS Region 4,3 wk ahead,Bin,percent,11.1,11.2,1.0000005030286186e-05
HHS Region 4,3 wk ahead,Bin,percent,11.2,11.3,1.0000002686910311e-05
HHS Region 4,3 wk ahead,Bin,percent,11.3,11.4,1.0000001423001956e-05
HHS Region 4,3 wk ahead,Bin,percent,11.4,11.5,1.000000074722204e-05
HHS Region 4,3 wk ahead,Bin,percent,11.5,11.6,1.0000000389032337e-05
HHS Region 4,3 wk ahead,Bin,percent,11.6,11.7,1.0000000200823061e-05
HHS Region 4,3 wk ahead,Bin,percent,11.7,11.8,1.0000000102785845e-05
HHS Region 4,3 wk ahead,Bin,percent,11.8,11.9,1.0000000052160878e-05
HHS Region 4,3 wk ahead,Bin,percent,11.9,12,1.0000000026245108e-05
HHS Region 4,3 wk ahead,Bin,percent,12,12.1,1.0000000013093136e-05
HHS Region 4,3 wk ahead,Bin,percent,12.1,12.2,1.0000000006476357e-05
HHS Region 4,3 wk ahead,Bin,percent,12.2,12.3,1.0000000003176217e-05
HHS Region 4,3 wk ahead,Bin,percent,12.3,12.4,1.0000000001544474e-05
HHS Region 4,3 wk ahead,Bin,percent,12.4,12.5,1.0000000000744636e-05
HHS Region 4,3 wk ahead,Bin,percent,12.5,12.6,1.0000000000355956e-05
HHS Region 4,3 wk ahead,Bin,percent,12.6,12.7,1.0000000000168711e-05
HHS Region 4,3 wk ahead,Bin,percent,12.7,12.8,1.0000000000079283e-05
HHS Region 4,3 wk ahead,Bin,percent,12.8,12.9,1.0000000000036943e-05
HHS Region 4,3 wk ahead,Bin,percent,12.9,13,1.0000000000017067e-05
HHS Region 4,3 wk ahead,Bin,percent,13,100,1.0000000000007816e-05
HHS Region 4,4 wk ahead,Point,percent,,,3.9378133717801047
HHS Region 4,4 wk ahead,Bin,percent,0,0.1,0.0002068424297099895
HHS Region 4,4 wk ahead,Bin,percent,0.1,0.2,0.00026424397611238764
HHS Region 4,4 wk ahead,Bin,percent,0.2,0.3,0.000336230196126925
HHS Region 4,4 wk ahead,Bin,percent,0.3,0.4,0.00042585236260225963
HHS Region 4,4 wk ahead,Bin,percent,0.4,0.5,0.0005366180247982757
HHS Region 4,4 wk ahead,Bin,percent,0.5,0.6,0.0006725120733099584
HHS Region 4,4 wk ahead,Bin,percent,0.6,0.7,0.0008380058495429234
HHS Region 4,4 wk ahead,Bin,percent,0.7,0.8,0.0010380507243096452
HHS Region 4,4 wk ahead,Bin,percent,0.8,0.9,0.0012780524354437447
HHS Region 4,4 wk ahead,Bin,percent,0.9,1,0.0015638225225288991
HHS Region 4,4 wk ahead,Bin,percent,1,1.1,0.0019015034709187915
HHS Region 4,4 wk ahead,Bin,percent,1.1,1.2,0.0022974647144185976
HHS Region 4,4 wk ahead,Bin,percent,1.2,1.3,0.002758167473378625
HHS Region 4,4 wk ahead,Bin,percent,1.3,1.4,0.003289997534874793
HHS Region 4,4 wk ahead,Bin,percent,1.4,1.5,0.003899066507427553
HHS Region 4,4 wk ahead,Bin,percent,1.5,1.6,0.00459098377494281
HHS Region 4,4 wk ahead,Bin,percent,1.6,1.7,0.005370603278645521
HHS Region 4,4 wk ahead,Bin,percent,1.7,1.8,0.006241751291065125
HHS Region 4,4 wk ahead,Bin,percent,1.8,1.9,0.007206943407119496
HHS Region 4,4 wk ahead,Bin,percent,1.9,2,0.008267100937231039
HHS Region 4,4 wk ahead,Bin,percent,2,2.1,0.0094212786041139
HHS Region 4,4 wk ahead,Bin,percent,2.1,2.2,0.0106664167694044
HHS Region 4,4 wk ahead,Bin,percent,2.2,2.3,0.01199713220313327
HHS Region 4,4 wk ahead,Bin,percent,2.3,2.4,0.013405561527833095
HHS Region 4,4 wk ahead,Bin,percent,2.4,2.5,0.01488127081700394
HHS Region 4,4 wk ahead,Bin,percent,2.5,2.6,0.01641124334116798
HHS Region 4,4 wk ahead,Bin,percent,2.6,2.7,0.01797995511970639
HHS Region 4,4 wk ahead,Bin,percent,2.7,2.8,0.0195695447957821
HHS Region 4,4 wk ahead,Bin,percent,2.8,2.9,0.021160080508035167
HHS Region 4,4 wk ahead,Bin,percent,2.9,3,0.022729922048996192
HHS Region 4,4 wk ahead,Bin,percent,3,3.1,0.02425617189244697
HHS Region 4,4 wk ahead,Bin,percent,3.1,3.2,0.02571520389903936
HHS Region 4,4 wk ahead,Bin,percent,3.2,3.3,0.027083253957320863
HHS Region 4,4 wk ahead,Bin,percent,3.3,3.4,0.028337052780053124
HHS Region 4,4 wk ahead,Bin,percent,3.4,3.5,0.02945447783447213
HHS Region 4,4 wk ahead,Bin,percent,3.5,3.6,0.030415199186327426
HHS Region 4,4 wk ahead,Bin,percent,3.6,3.7,0.031201293072455605
HHS Region 4,4 wk ahead,Bin,percent,3.7,3.8,0.03179779740433897
HHS Region 4,4 wk ahead,Bin,percent,3.8,3.9,0.032193185180070784
HHS Region 4,4 wk ahead,Bin,percent,3.9,4,0.03237973488821945
HHS Region 4,4 wk ahead,Bin,percent,4,4.1,0.03235378127824688
HHS Region 4,4 wk ahead,Bin,percent,4.1,4.2,0.03211583512053553
HHS Region 4,4 wk ahead,Bin,percent,4.2,4.3,0.031670566489644635
HHS Region 4,4 wk ahead,Bin,percent,4.3,4.4,0.03102665233508237
HHS Region 4,4 wk ahead,Bin,percent,4.4,4.5,0.030196495289717483
HHS Region 4,4 wk ahead,Bin,percent,4.5,4.6,0.029195826445241206
HHS Region 4,4 wk ahead,Bin,percent,4.6,4.7,0.02804320986410732
HHS Region 4,4 wk ahead,Bin,percent,4.7,4.8,0.026759470617767792
HHS Region 4,4 wk ahead,Bin,percent,4.8,4.9,0.025367070932764
HHS Region 4,4 wk ahead,Bin,percent,4.9,5,0.02388946046475272
HHS Region 4,4 wk ahead,Bin,percent,5,5.1,0.02235042677196377
HHS Region 4,4 wk ahead,Bin,percent,5.1,5.2,0.02077347077982226
HHS Region 4,4 wk ahead,Bin,percent,5.2,5.3,0.019181229555529773
HHS Region 4,4 wk ahead,Bin,percent,5.3,5.4,0.01759496525174984
HHS Region 4,4 wk ahead,Bin,percent,5.4,5.5,0.016034134889008803
HHS Region 4,4 wk ahead,Bin,percent,5.5,5.6,0.014516051013314988
HHS Region 4,4 wk ahead,Bin,percent,5.6,5.7,0.01305563848285963
HHS Region 4,4 wk ahead,Bin,percent,5.7,5.8,0.011665287986462429
HHS Region 4,4 wk ahead,Bin,percent,5.8,5.9,0.010354802626307079
HHS Region 4,4 wk ahead,Bin,percent,5.9,6,0.009131430212397977
HHS Region 4,4 wk ahead,Bin,percent,6,6.1,0.007999970964517693
HHS Region 4,4 wk ahead,Bin,percent,6.1,6.2,0.006962948187573136
HHS Region 4,4 wk ahead,Bin,percent,6.2,6.3,0.006020828206441399
HHS Region 4,4 wk ahead,Bin,percent,6.3,6.4,0.005172275389785475
HHS Region 4,4 wk ahead,Bin,percent,6.4,6.5,0.0044144283846592035
HHS Region 4,4 wk ahead,Bin,percent,6.5,6.6,0.003743184614401836
HHS Region 4,4 wk ahead,Bin,percent,6.6,6.7,0.003153481526174861
HHS Region 4,4 wk ahead,Bin,percent,6.7,6.8,0.002639564864098805
HHS Region 4,4 wk ahead,Bin,percent,6.8,6.9,0.0021952362411102747
HHS Region 4,4 wk ahead,Bin,percent,6.9,7,0.001814074348338295
HHS Region 4,4 wk ahead,Bin,percent,7,7.1,0.0014896261529247625
HHS Region 4,4 wk ahead,Bin,percent,7.1,7.2,0.0012155662941061105
HHS Region 4,4 wk ahead,Bin,percent,7.2,7.3,0.0009858245187025552
HHS Region 4,4 wk ahead,Bin,percent,7.3,7.4,0.0007946823526186312
HHS Region 4,4 wk ahead,Bin,percent,7.4,7.5,0.0006368412609636644
HHS Region 4,4 wk ahead,Bin,percent,7.5,7.6,0.0005074653042762933
HHS Region 4,4 wk ahead,Bin,percent,7.6,7.7,0.0004022017684419092
HHS Region 4,4 wk ahead,Bin,percent,7.7,7.8,0.0003171834611942388
HHS Region 4,4 wk ahead,Bin,percent,7.8,7.9,0.0002490163676236067
HHS Region 4,4 wk ahead,Bin,percent,7.9,8,0.00019475618467610712
HHS Region 4,4 wk ahead,Bin,percent,8,8.1,0.0001518769550212147
HHS Region 4,4 wk ahead,Bin,percent,8.1,8.2,0.00011823463662662068
HHS Region 4,4 wk ahead,Bin,percent,8.2,8.3,9.202801430282116e-05
HHS Region 4,4 wk ahead,Bin,percent,8.3,8.4,7.175891593229579e-05
HHS Region 4,4 wk ahead,Bin,percent,8.4,8.5,5.619326506122101e-05
HHS Region 4,4 wk ahead,Bin,percent,8.5,8.6,4.432410227028625e-05
HHS Region 4,4 wk ahead,Bin,percent,8.6,8.7,3.533735316120658e-05
HHS Region 4,4 wk ahead,Bin,percent,8.7,8.8,2.8580818151689806e-05
HHS Region 4,4 wk ahead,Bin,percent,8.8,8.9,2.3536611090253432e-05
HHS Region 4,4 wk ahead,Bin,percent,8.9,9,1.979707879802091e-05
HHS Region 4,4 wk ahead,Bin,percent,9,9.1,1.7044088133646602e-05
HHS Region 4,4 wk ahead,Bin,percent,9.1,9.2,1.5031465413998896e-05
HHS Region 4,4 wk ahead,Bin,percent,9.2,9.3,1.3570308410420975e-05
HHS Region 4,4 wk ahead,Bin,percent,9.3,9.4,1.2516856790449354e-05
HHS Region 4,4 wk ahead,Bin,percent,9.4,9.5,1.1762596109995172e-05
HHS Region 4,4 wk ahead,Bin,percent,9.5,9.6,1.1226277162879167e-05
HHS Region 4,4 wk ahead,Bin,percent,9.6,9.7,1.0847551319111284e-05
HHS Region 4,4 wk ahead,Bin,percent,9.7,9.8,1.058194896279757e-05
HHS Region 4,4 wk ahead,Bin,percent,9.8,9.9,1.0396958698897107e-05
HHS Region 4,4 wk ahead,Bin,percent,9.9,10,1.0268996902445013e-05
HHS Region 4,4 wk ahead,Bin,percent,10,10.1,1.0181088455746606e-05
HHS Region 4,4 wk ahead,Bin,percent,10.1,10.2,1.0121108822618526e-05
HHS Region 4,4 wk ahead,Bin,percent,10.2,10.3,1.0080464131777187e-05
HHS Region 4,4 wk ahead,Bin,percent,10.3,10.4,1.005310927924774e-05
HHS Region 4,4 wk ahead,Bin,percent,10.4,10.5,1.003482410922364e-05
HHS Region 4,4 wk ahead,Bin,percent,10.5,10.6,1.0022684601561397e-05
HHS Region 4,4 wk ahead,Bin,percent,10.6,10.7,1.0014679924620276e-05
HHS Region 4,4 wk ahead,Bin,percent,10.7,10.8,1.0009437523066015e-05
HHS Region 4,4 wk ahead,Bin,percent,10.8,10.9,1.0006027451954613e-05
HHS Region 4,4 wk ahead,Bin,percent,10.9,11,1.0003824291771615e-05
HHS Region 4,4 wk ahead,Bin,percent,11,11.1,1.000241051485094e-05
HHS Region 4,4 wk ahead,Bin,percent,11.1,11.2,1.000150942011942e-05
HHS Region 4,4 wk ahead,Bin,percent,11.2,11.3,1.0000938970586662e-05
HHS Region 4,4 wk ahead,Bin,percent,11.3,11.4,1.0000580277020496e-05
HHS Region 4,4 wk ahead,Bin,percent,11.4,11.5,1.0000356254441375e-05
HHS Region 4,4 wk ahead,Bin,percent,11.5,11.6,1.0000217283492293e-05
HHS Region 4,4 wk ahead,Bin,percent,11.6,11.7,1.0000131654197146e-05
HHS Region 4,4 wk ahead,Bin,percent,11.7,11.8,1.0000079247252788e-05
HHS Region 4,4 wk ahead,Bin,percent,11.8,11.9,1.0000047388749992e-05
HHS Region 4,4 wk ahead,Bin,percent,11.9,12,1.0000028151907132e-05
HHS Region 4,4 wk ahead,Bin,percent,12,12.1,1.000001661429509e-05
HHS Region 4,4 wk ahead,Bin,percent,12.1,12.2,1.0000009740865552e-05
HHS Region 4,4 wk ahead,Bin,percent,12.2,12.3,1.000000567354768e-05
HHS Region 4,4 wk ahead,Bin,percent,12.3,12.4,1.0000003282867841e-05
HHS Region 4,4 wk ahead,Bin,percent,12.4,12.5,1.0000001887094375e-05
HHS Region 4,4 wk ahead,Bin,percent,12.5,12.6,1.0000001077644144e-05
HHS Region 4,4 wk ahead,Bin,percent,12.6,12.7,1.0000000611362304e-05
HHS Region 4,4 wk ahead,Bin,percent,12.7,12.8,1.0000000344558896e-05
HHS Region 4,4 wk ahead,Bin,percent,12.8,12.9,1.0000000192916693e-05
HHS Region 4,4 wk ahead,Bin,percent,12.9,13,1.000000010730444e-05
HHS Region 4,4 wk ahead,Bin,percent,13,100,1.00000000592935e-05
HHS Region 5,Season onset,Point,week,,,4.500000000000006
HHS Region 5,Season onset,Bin,week,40,41,0.029411764705882363
HHS Region 5,Season onset,Bin,week,41,42,0.029411764705882363
HHS Region 5,Season onset,Bin,week,42,43,0.029411764705882363
HHS Region 5,Season onset,Bin,week,43,44,0.029411764705882363
HHS Region 5,Season onset,Bin,week,44,45,0.029411764705882363
HHS Region 5,Season onset,Bin,week,45,46,0.029411764705882363
HHS Region 5,Season onset,Bin,week,46,47,0.029411764705882363
HHS Region 5,Season onset,Bin,week,47,48,0.029411764705882363
HHS Region 5,Season onset,Bin,week,48,49,0.029411764705882363
HHS Region 5,Season onset,Bin,week,49,50,0.029411764705882363
HHS Region 5,Season onset,Bin,week,50,51,0.029411764705882363
HHS Region 5,Season onset,Bin,week,51,52,0.029411764705882363
HHS Region 5,Season onset,Bin,week,52,53,0.029411764705882363
HHS Region 5,Season onset,Bin,week,1,2,0.029411764705882363
HHS Region 5,Season onset,Bin,week,2,3,0.029411764705882363
HHS Region 5,Season onset,Bin,week,3,4,0.029411764705882363
HHS Region 5,Season onset,Bin,week,4,5,0.029411764705882363
HHS Region 5,Season onset,Bin,week,5,6,0.029411764705882363
HHS Region 5,Season onset,Bin,week,6,7,0.029411764705882363
HHS Region 5,Season onset,Bin,week,7,8,0.029411764705882363
HHS Region 5,Season onset,Bin,week,8,9,0.029411764705882363
HHS Region 5,Season onset,Bin,week,9,10,0.029411764705882363
HHS Region 5,Season onset,Bin,week,10,11,0.029411764705882363
HHS Region 5,Season onset,Bin,week,11,12,0.029411764705882363
HHS Region 5,Season onset,Bin,week,12,13,0.029411764705882363
HHS Region 5,Season onset,Bin,week,13,14,0.029411764705882363
HHS Region 5,Season onset,Bin,week,14,15,0.029411764705882363
HHS Region 5,Season onset,Bin,week,15,16,0.029411764705882363
HHS Region 5,Season onset,Bin,week,16,17,0.029411764705882363
HHS Region 5,Season onset,Bin,week,17,18,0.029411764705882363
HHS Region 5,Season onset,Bin,week,18,19,0.029411764705882363
HHS Region 5,Season onset,Bin,week,19,20,0.029411764705882363
HHS Region 5,Season onset,Bin,week,20,21,0.029411764705882363
HHS Region 5,Season onset,Bin,week,none,none,0.029411764705882363
HHS Region 5,Season peak week,Point,week,,,4.4999999999999885
HHS Region 5,Season peak week,Bin,week,40,41,0.030303030303030307
HHS Region 5,Season peak week,Bin,week,41,42,0.030303030303030307
HHS Region 5,Season peak week,Bin,week,42,43,0.030303030303030307
HHS Region 5,Season peak week,Bin,week,43,44,0.030303030303030307
HHS Region 5,Season peak week,Bin,week,44,45,0.030303030303030307
HHS Region 5,Season peak week,Bin,week,45,46,0.030303030303030307
HHS Region 5,Season peak week,Bin,week,46,47,0.030303030303030307
HHS Region 5,Season peak week,Bin,week,47,48,0.030303030303030307
HHS Region 5,Season peak week,Bin,week,48,49,0.030303030303030307
HHS Region 5,Season peak week,Bin,week,49,50,0.030303030303030307
HHS Region 5,Season peak week,Bin,week,50,51,0.030303030303030307
HHS Region 5,Season peak week,Bin,week,51,52,0.030303030303030307
HHS Region 5,Season peak week,Bin,week,52,53,0.030303030303030307
HHS Region 5,Season peak week,Bin,week,1,2,0.030303030303030307
HHS Region 5,Season peak week,Bin,week,2,3,0.030303030303030307
HHS Region 5,Season peak week,Bin,week,3,4,0.030303030303030307
HHS Region 5,Season peak week,Bin,week,4,5,0.030303030303030307
HHS Region 5,Season peak week,Bin,week,5,6,0.030303030303030307
HHS Region 5,Season peak week,Bin,week,6,7,0.030303030303030307
HHS Region 5,Season peak week,Bin,week,7,8,0.030303030303030307
HHS Region 5,Season peak week,Bin,week,8,9,0.030303030303030307
HHS Region 5,Season peak week,Bin,week,9,10,0.030303030303030307
HHS Region 5,Season peak week,Bin,week,10,11,0.030303030303030307
HHS Region 5,Season peak week,Bin,week,11,12,0.030303030303030307
HHS Region 5,Season peak week,Bin,week,12,13,0.030303030303030307
HHS Region 5,Season peak week,Bin,week,13,14,0.030303030303030307
HHS Region 5,Season peak week,Bin,week,14,15,0.030303030303030307
HHS Region 5,Season peak week,Bin,week,15,16,0.030303030303030307
HHS Region 5,Season peak week,Bin,week,16,17,0.030303030303030307
HHS Region 5,Season peak week,Bin,week,17,18,0.030303030303030307
HHS Region 5,Season peak week,Bin,week,18,19,0.030303030303030307
HHS Region 5,Season peak week,Bin,week,19,20,0.030303030303030307
HHS Region 5,Season peak week,Bin,week,20,21,0.030303030303030307
HHS Region 5,Season peak percentage,Point,percent,,,6.5500000000000025
HHS Region 5,Season peak percentage,Bin,percent,0,0.1,0.0076335877862595426
HHS Region 5,Season peak percentage,Bin,percent,0.1,0.2,0.0076335877862595426
HHS Region 5,Season peak percentage,Bin,percent,0.2,0.3,0.0076335877862595426
HHS Region 5,Season peak percentage,Bin,percent,0.3,0.4,0.0076335877862595426
HHS Region 5,Season peak percentage,Bin,percent,0.4,0.5,0.0076335877862595426
HHS Region 5,Season peak percentage,Bin,percent,0.5,0.6,0.0076335877862595426
HHS Region 5,Season peak percentage,Bin,percent,0.6,0.7,0.0076335877862595426
HHS Region 5,Season peak percentage,Bin,percent,0.7,0.8,0.0076335877862595426
HHS Region 5,Season peak percentage,Bin,percent,0.8,0.9,0.0076335877862595426
HHS Region 5,Season peak percentage,Bin,percent,0.9,1,0.0076335877862595426
HHS Region 5,Season peak percentage,Bin,percent,1,1.1,0.0076335877862595426
HHS Region 5,Season peak percentage,Bin,percent,1.1,1.2,0.0076335877862595426
HHS Region 5,Season peak percentage,Bin,percent,1.2,1.3,0.0076335877862595426
HHS Region 5,Season peak percentage,Bin,percent,1.3,1.4,0.0076335877862595426
HHS Region 5,Season peak percentage,Bin,percent,1.4,1.5,0.0076335877862595426
HHS Region 5,Season peak percentage,Bin,percent,1.5,1.6,0.0076335877862595426
HHS Region 5,Season peak percentage,Bin,percent,1.6,1.7,0.0076335877862595426
HHS Region 5,Season peak percentage,Bin,percent,1.7,1.8,0.0076335877862595426
HHS Region 5,Season peak percentage,Bin,percent,1.8,1.9,0.0076335877862595426
HHS Region 5,Season peak percentage,Bin,percent,1.9,2,0.0076335877862595426
HHS Region 5,Season peak percentage,Bin,percent,2,2.1,0.0076335877862595426
HHS Region 5,Season peak percentage,Bin,percent,2.1,2.2,0.0076335877862595426
HHS Region 5,Season peak percentage,Bin,percent,2.2,2.3,0.0076335877862595426
HHS Region 5,Season peak percentage,Bin,percent,2.3,2.4,0.0076335877862595426
HHS Region 5,Season peak percentage,Bin,percent,2.4,2.5,0.0076335877862595426
HHS Region 5,Season peak percentage,Bin,percent,2.5,2.6,0.0076335877862595426
HHS Region 5,Season peak percentage,Bin,percent,2.6,2.7,0.0076335877862595426
HHS Region 5,Season peak percentage,Bin,percent,2.7,2.8,0.0076335877862595426
HHS Region 5,Season peak percentage,Bin,percent,2.8,2.9,0.0076335877862595426
HHS Region 5,Season peak percentage,Bin,percent,2.9,3,0.0076335877862595426
HHS Region 5,Season peak percentage,Bin,percent,3,3.1,0.0076335877862595426
HHS Region 5,Season peak percentage,Bin,percent,3.1,3.2,0.0076335877862595426
HHS Region 5,Season peak percentage,Bin,percent,3.2,3.3,0.0076335877862595426
HHS Region 5,Season peak percentage,Bin,percent,3.3,3.4,0.0076335877862595426
HHS Region 5,Season peak percentage,Bin,percent,3.4,3.5,0.0076335877862595426
HHS Region 5,Season peak percentage,Bin,percent,3.5,3.6,0.0076335877862595426
HHS Region 5,Season peak percentage,Bin,percent,3.6,3.7,0.0076335877862595426
HHS Region 5,Season peak percentage,Bin,percent,3.7,3.8,0.0076335877862595426
HHS Region 5,Season peak percentage,Bin,percent,3.8,3.9,0.0076335877862595426
HHS Region 5,Season peak percentage,Bin,percent,3.9,4,0.0076335877862595426
HHS Region 5,Season peak percentage,Bin,percent,4,4.1,0.0076335877862595426
HHS Region 5,Season peak percentage,Bin,percent,4.1,4.2,0.0076335877862595426
HHS Region 5,Season peak percentage,Bin,percent,4.2,4.3,0.0076335877862595426
HHS Region 5,Season peak percentage,Bin,percent,4.3,4.4,0.0076335877862595426
HHS Region 5,Season peak percentage,Bin,percent,4.4,4.5,0.0076335877862595426
HHS Region 5,Season peak percentage,Bin,percent,4.5,4.6,0.0076335877862595426
HHS Region 5,Season peak percentage,Bin,percent,4.6,4.7,0.0076335877862595426
HHS Region 5,Season peak percentage,Bin,percent,4.7,4.8,0.0076335877862595426
HHS Region 5,Season peak percentage,Bin,percent,4.8,4.9,0.0076335877862595426
HHS Region 5,Season peak percentage,Bin,percent,4.9,5,0.0076335877862595426
HHS Region 5,Season peak percentage,Bin,percent,5,5.1,0.0076335877862595426
HHS Region 5,Season peak percentage,Bin,percent,5.1,5.2,0.0076335877862595426
HHS Region 5,Season peak percentage,Bin,percent,5.2,5.3,0.0076335877862595426
HHS Region 5,Season peak percentage,Bin,percent,5.3,5.4,0.0076335877862595426
HHS Region 5,Season peak percentage,Bin,percent,5.4,5.5,0.0076335877862595426
HHS Region 5,Season peak percentage,Bin,percent,5.5,5.6,0.0076335877862595426
HHS Region 5,Season peak percentage,Bin,percent,5.6,5.7,0.0076335877862595426
HHS Region 5,Season peak percentage,Bin,percent,5.7,5.8,0.0076335877862595426
HHS Region 5,Season peak percentage,Bin,percent,5.8,5.9,0.0076335877862595426
HHS Region 5,Season peak percentage,Bin,percent,5.9,6,0.0076335877862595426
HHS Region 5,Season peak percentage,Bin,percent,6,6.1,0.0076335877862595426
HHS Region 5,Season peak percentage,Bin,percent,6.1,6.2,0.0076335877862595426
HHS Region 5,Season peak percentage,Bin,percent,6.2,6.3,0.0076335877862595426
HHS Region 5,Season peak percentage,Bin,percent,6.3,6.4,0.0076335877862595426
HHS Region 5,Season peak percentage,Bin,percent,6.4,6.5,0.0076335877862595426
HHS Region 5,Season peak percentage,Bin,percent,6.5,6.6,0.0076335877862595426
HHS Region 5,Season peak percentage,Bin,percent,6.6,6.7,0.0076335877862595426
HHS Region 5,Season peak percentage,Bin,percent,6.7,6.8,0.0076335877862595426
HHS Region 5,Season peak percentage,Bin,percent,6.8,6.9,0.0076335877862595426
HHS Region 5,Season peak percentage,Bin,percent,6.9,7,0.0076335877862595426
HHS Region 5,Season peak percentage,Bin,percent,7,7.1,0.0076335877862595426
HHS Region 5,Season peak percentage,Bin,percent,7.1,7.2,0.0076335877862595426
HHS Region 5,Season peak percentage,Bin,percent,7.2,7.3,0.0076335877862595426
HHS Region 5,Season peak percentage,Bin,percent,7.3,7.4,0.0076335877862595426
HHS Region 5,Season peak percentage,Bin,percent,7.4,7.5,0.0076335877862595426
HHS Region 5,Season peak percentage,Bin,percent,7.5,7.6,0.0076335877862595426
HHS Region 5,Season peak percentage,Bin,percent,7.6,7.7,0.0076335877862595426
HHS Region 5,Season peak percentage,Bin,percent,7.7,7.8,0.0076335877862595426
HHS Region 5,Season peak percentage,Bin,percent,7.8,7.9,0.0076335877862595426
HHS Region 5,Season peak percentage,Bin,percent,7.9,8,0.0076335877862595426
HHS Region 5,Season peak percentage,Bin,percent,8,8.1,0.0076335877862595426
HHS Region 5,Season peak percentage,Bin,percent,8.1,8.2,0.0076335877862595426
HHS Region 5,Season peak percentage,Bin,percent,8.2,8.3,0.0076335877862595426
HHS Region 5,Season peak percentage,Bin,percent,8.3,8.4,0.0076335877862595426
HHS Region 5,Season peak percentage,Bin,percent,8.4,8.5,0.0076335877862595426
HHS Region 5,Season peak percentage,Bin,percent,8.5,8.6,0.0076335877862595426
HHS Region 5,Season peak percentage,Bin,percent,8.6,8.7,0.0076335877862595426
HHS Region 5,Season peak percentage,Bin,percent,8.7,8.8,0.0076335877862595426
HHS Region 5,Season peak percentage,Bin,percent,8.8,8.9,0.0076335877862595426
HHS Region 5,Season peak percentage,Bin,percent,8.9,9,0.0076335877862595426
HHS Region 5,Season peak percentage,Bin,percent,9,9.1,0.0076335877862595426
HHS Region 5,Season peak percentage,Bin,percent,9.1,9.2,0.0076335877862595426
HHS Region 5,Season peak percentage,Bin,percent,9.2,9.3,0.0076335877862595426
HHS Region 5,Season peak percentage,Bin,percent,9.3,9.4,0.0076335877862595426
HHS Region 5,Season peak percentage,Bin,percent,9.4,9.5,0.0076335877862595426
HHS Region 5,Season peak percentage,Bin,percent,9.5,9.6,0.0076335877862595426
HHS Region 5,Season peak percentage,Bin,percent,9.6,9.7,0.0076335877862595426
HHS Region 5,Season peak percentage,Bin,percent,9.7,9.8,0.0076335877862595426
HHS Region 5,Season peak percentage,Bin,percent,9.8,9.9,0.0076335877862595426
HHS Region 5,Season peak percentage,Bin,percent,9.9,10,0.0076335877862595426
HHS Region 5,Season peak percentage,Bin,percent,10,10.1,0.0076335877862595426
HHS Region 5,Season peak percentage,Bin,percent,10.1,10.2,0.0076335877862595426
HHS Region 5,Season peak percentage,Bin,percent,10.2,10.3,0.0076335877862595426
HHS Region 5,Season peak percentage,Bin,percent,10.3,10.4,0.0076335877862595426
HHS Region 5,Season peak percentage,Bin,percent,10.4,10.5,0.0076335877862595426
HHS Region 5,Season peak percentage,Bin,percent,10.5,10.6,0.0076335877862595426
HHS Region 5,Season peak percentage,Bin,percent,10.6,10.7,0.0076335877862595426
HHS Region 5,Season peak percentage,Bin,percent,10.7,10.8,0.0076335877862595426
HHS Region 5,Season peak percentage,Bin,percent,10.8,10.9,0.0076335877862595426
HHS Region 5,Season peak percentage,Bin,percent,10.9,11,0.0076335877862595426
HHS Region 5,Season peak percentage,Bin,percent,11,11.1,0.0076335877862595426
HHS Region 5,Season peak percentage,Bin,percent,11.1,11.2,0.0076335877862595426
HHS Region 5,Season peak percentage,Bin,percent,11.2,11.3,0.0076335877862595426
HHS Region 5,Season peak percentage,Bin,percent,11.3,11.4,0.0076335877862595426
HHS Region 5,Season peak percentage,Bin,percent,11.4,11.5,0.0076335877862595426
HHS Region 5,Season peak percentage,Bin,percent,11.5,11.6,0.0076335877862595426
HHS Region 5,Season peak percentage,Bin,percent,11.6,11.7,0.0076335877862595426
HHS Region 5,Season peak percentage,Bin,percent,11.7,11.8,0.0076335877862595426
HHS Region 5,Season peak percentage,Bin,percent,11.8,11.9,0.0076335877862595426
HHS Region 5,Season peak percentage,Bin,percent,11.9,12,0.0076335877862595426
HHS Region 5,Season peak percentage,Bin,percent,12,12.1,0.0076335877862595426
HHS Region 5,Season peak percentage,Bin,percent,12.1,12.2,0.0076335877862595426
HHS Region 5,Season peak percentage,Bin,percent,12.2,12.3,0.0076335877862595426
HHS Region 5,Season peak percentage,Bin,percent,12.3,12.4,0.0076335877862595426
HHS Region 5,Season peak percentage,Bin,percent,12.4,12.5,0.0076335877862595426
HHS Region 5,Season peak percentage,Bin,percent,12.5,12.6,0.0076335877862595426
HHS Region 5,Season peak percentage,Bin,percent,12.6,12.7,0.0076335877862595426
HHS Region 5,Season peak percentage,Bin,percent,12.7,12.8,0.0076335877862595426
HHS Region 5,Season peak percentage,Bin,percent,12.8,12.9,0.0076335877862595426
HHS Region 5,Season peak percentage,Bin,percent,12.9,13,0.0076335877862595426
HHS Region 5,Season peak percentage,Bin,percent,13,100,0.0076335877862595426
HHS Region 5,1 wk ahead,Point,percent,,,1.7324687281452589
HHS Region 5,1 wk ahead,Bin,percent,0,0.1,0.00025339532245090973
HHS Region 5,1 wk ahead,Bin,percent,0.1,0.2,0.0004749446277987412
HHS Region 5,1 wk ahead,Bin,percent,0.2,0.3,0.0008646401711585143
HHS Region 5,1 wk ahead,Bin,percent,0.3,0.4,0.001521675006838947
HHS Region 5,1 wk ahead,Bin,percent,0.4,0.5,0.0025829220282120305
HHS Region 5,1 wk ahead,Bin,percent,0.5,0.6,0.0042239354600268186
HHS Region 5,1 wk ahead,Bin,percent,0.6,0.7,0.006651133282923168
HHS Region 5,1 wk ahead,Bin,percent,0.7,0.8,0.010081393739022677
HHS Region 5,1 wk ahead,Bin,percent,0.8,0.9,0.01470704472010471
HHS Region 5,1 wk ahead,Bin,percent,0.9,1,0.020647805654616352
HHS Region 5,1 wk ahead,Bin,percent,1,1.1,0.027896247863225417
HHS Region 5,1 wk ahead,Bin,percent,1.1,1.2,0.0362684896938121
HHS Region 5,1 wk ahead,Bin,percent,1.2,1.3,0.045375154994683135
HHS Region 5,1 wk ahead,Bin,percent,1.3,1.4,0.054627038793152456
HHS Region 5,1 wk ahead,Bin,percent,1.4,1.5,0.06328424373172739
HHS Region 5,1 wk ahead,Bin,percent,1.5,1.6,0.07054730102265193
HHS Region 5,1 wk ahead,Bin,percent,1.6,1.7,0.07567652255948856
HHS Region 5,1 wk ahead,Bin,percent,1.7,1.8,0.07811552835635666
HHS Region 5,1 wk ahead,Bin,percent,1.8,1.9,0.07759054673393234
HHS Region 5,1 wk ahead,Bin,percent,1.9,2,0.07416099093971601
HHS Region 5,1 wk ahead,Bin,percent,2,2.1,0.06820839353524727
HHS Region 5,1 wk ahead,Bin,percent,2.1,2.2,0.060366547875332174
HHS Region 5,1 wk ahead,Bin,percent,2.2,2.3,0.05141054237207211
HHS Region 5,1 wk ahead,Bin,percent,2.3,2.4,0.04213152372946324
HHS Region 5,1 wk ahead,Bin,percent,2.4,2.5,0.03322494264735467
HHS Region 5,1 wk ahead,Bin,percent,2.5,2.6,0.025213218384593408
HHS Region 5,1 wk ahead,Bin,percent,2.6,2.7,0.01841227686120162
HHS Region 5,1 wk ahead,Bin,percent,2.7,2.8,0.012939453845231114
HHS Region 5,1 wk ahead,Bin,percent,2.8,2.9,0.008751417478569693
HHS Region 5,1 wk ahead,Bin,percent,2.9,3,0.005696913283693074
HHS Region 5,1 wk ahead,Bin,percent,3,3.1,0.0035701181567734906
HHS Region 5,1 wk ahead,Bin,percent,3.1,3.2,0.0021545949553407697
HHS Region 5,1 wk ahead,Bin,percent,3.2,3.3,0.0012531376224873324
HHS Region 5,1 wk ahead,Bin,percent,3.3,3.4,0.0007034037761008306
HHS Region 5,1 wk ahead,Bin,percent,3.4,3.5,0.0003821741940991835
HHS Region 5,1 wk ahead,Bin,percent,3.5,3.6,0.0002022203540888816
HHS Region 5,1 wk ahead,Bin,percent,3.6,3.7,0.00010553126999176209
HHS Region 5,1 wk ahead,Bin,percent,3.7,3.8,5.5686174234864e-05
HHS Region 5,1 wk ahead,Bin,percent,3.8,3.9,3.102408453837973e-05
HHS Region 5,1 wk ahead,Bin,percent,3.9,4,1.930984517745202e-05
HHS Region 5,1 wk ahead,Bin,percent,4,4.1,1.3966987987042518e-05
HHS Region 5,1 wk ahead,Bin,percent,4.1,4.2,1.1626568561643421e-05
HHS Region 5,1 wk ahead,Bin,percent,4.2,4.3,1.0641766324723398e-05
HHS Region 5,1 wk ahead,Bin,percent,4.3,4.4,1.024365455655753e-05
HHS Region 5,1 wk ahead,Bin,percent,4.4,4.5,1.008901541324e-05
HHS Region 5,1 wk ahead,Bin,percent,4.5,4.6,1.003129312603124e-05
HHS Region 5,1 wk ahead,Bin,percent,4.6,4.7,1.0010585850301538e-05
HHS Region 5,1 wk ahead,Bin,percent,4.7,4.8,1.0003445843976081e-05
HHS Region 5,1 wk ahead,Bin,percent,4.8,4.9,1.0001079340646403e-05
HHS Region 5,1 wk ahead,Bin,percent,4.9,5,1.0000325322811881e-05
HHS Region 5,1 wk ahead,Bin,percent,5,5.1,1.0000094354705753e-05
HHS Region 5,1 wk ahead,Bin,percent,5.1,5.2,1.0000026333323469e-05
HHS Region 5,1 wk ahead,Bin,percent,5.2,5.3,1.0000007071977092e-05
HHS Region 5,1 wk ahead,Bin,percent,5.3,5.4,1.0000001827549204e-05
HHS Region 5,1 wk ahead,Bin,percent,5.4,5.5,1.0000000454454463e-05
HHS Region 5,1 wk ahead,Bin,percent,5.5,5.6,1.0000000108743857e-05
HHS Region 5,1 wk ahead,Bin,percent,5.6,5.7,1.0000000025038722e-05
HHS Region 5,1 wk ahead,Bin,percent,5.7,5.8,1.0000000005547696e-05
HHS Region 5,1 wk ahead,Bin,percent,5.8,5.9,1.0000000001182787e-05
HHS Region 5,1 wk ahead,Bin,percent,5.9,6,1.0000000000242655e-05
HHS Region 5,1 wk ahead,Bin,percent,6,6.1,1.0000000000047907e-05
HHS Region 5,1 wk ahead,Bin,percent,6.1,6.2,1.00000000000091e-05
HHS Region 5,1 wk ahead,Bin,percent,6.2,6.3,1.0000000000001663e-05
HHS Region 5,1 wk ahead,Bin,percent,6.3,6.4,1.0000000000000294e-05
HHS Region 5,1 wk ahead,Bin,percent,6.4,6.5,1.000000000000005e-05
HHS Region 5,1 wk ahead,Bin,percent,6.5,6.6,1.0000000000000013e-05
HHS Region 5,1 wk ahead,Bin,percent,6.6,6.7,1.0000000000000003e-05
HHS Region 5,1 wk ahead,Bin,percent,6.7,6.8,1e-05
HHS Region 5,1 wk ahead,Bin,percent,6.8,6.9,1e-05
HHS Region 5,1 wk ahead,Bin,percent,6.9,7,1e-05
HHS Region 5,1 wk ahead,Bin,percent,7,7.1,1e-05
HHS Region 5,1 wk ahead,Bin,percent,7.1,7.2,1e-05
HHS Region 5,1 wk ahead,Bin,percent,7.2,7.3,1e-05
HHS Region 5,1 wk ahead,Bin,percent,7.3,7.4,1e-05
HHS Region 5,1 wk ahead,Bin,percent,7.4,7.5,1e-05
HHS Region 5,1 wk ahead,Bin,percent,7.5,7.6,1e-05
HHS Region 5,1 wk ahead,Bin,percent,7.6,7.7,1e-05
HHS Region 5,1 wk ahead,Bin,percent,7.7,7.8,1e-05
HHS Region 5,1 wk ahead,Bin,percent,7.8,7.9,1e-05
HHS Region 5,1 wk ahead,Bin,percent,7.9,8,1e-05
HHS Region 5,1 wk ahead,Bin,percent,8,8.1,1e-05
HHS Region 5,1 wk ahead,Bin,percent,8.1,8.2,1e-05
HHS Region 5,1 wk ahead,Bin,percent,8.2,8.3,1e-05
HHS Region 5,1 wk ahead,Bin,percent,8.3,8.4,1e-05
HHS Region 5,1 wk ahead,Bin,percent,8.4,8.5,1e-05
HHS Region 5,1 wk ahead,Bin,percent,8.5,8.6,1e-05
HHS Region 5,1 wk ahead,Bin,percent,8.6,8.7,1e-05
HHS Region 5,1 wk ahead,Bin,percent,8.7,8.8,1e-05
HHS Region 5,1 wk ahead,Bin,percent,8.8,8.9,1e-05
HHS Region 5,1 wk ahead,Bin,percent,8.9,9,1e-05
HHS Region 5,1 wk ahead,Bin,percent,9,9.1,1e-05
HHS Region 5,1 wk ahead,Bin,percent,9.1,9.2,1e-05
HHS Region 5,1 wk ahead,Bin,percent,9.2,9.3,1e-05
HHS Region 5,1 wk ahead,Bin,percent,9.3,9.4,1e-05
HHS Region 5,1 wk ahead,Bin,percent,9.4,9.5,1e-05
HHS Region 5,1 wk ahead,Bin,percent,9.5,9.6,1e-05
HHS Region 5,1 wk ahead,Bin,percent,9.6,9.7,1e-05
HHS Region 5,1 wk ahead,Bin,percent,9.7,9.8,1e-05
HHS Region 5,1 wk ahead,Bin,percent,9.8,9.9,1e-05
HHS Region 5,1 wk ahead,Bin,percent,9.9,10,1e-05
HHS Region 5,1 wk ahead,Bin,percent,10,10.1,1e-05
HHS Region 5,1 wk ahead,Bin,percent,10.1,10.2,1e-05
HHS Region 5,1 wk ahead,Bin,percent,10.2,10.3,1e-05
HHS Region 5,1 wk ahead,Bin,percent,10.3,10.4,1e-05
HHS Region 5,1 wk ahead,Bin,percent,10.4,10.5,1e-05
HHS Region 5,1 wk ahead,Bin,percent,10.5,10.6,1e-05
HHS Region 5,1 wk ahead,Bin,percent,10.6,10.7,1e-05
HHS Region 5,1 wk ahead,Bin,percent,10.7,10.8,1e-05
HHS Region 5,1 wk ahead,Bin,percent,10.8,10.9,1e-05
HHS Region 5,1 wk ahead,Bin,percent,10.9,11,1e-05
HHS Region 5,1 wk ahead,Bin,percent,11,11.1,1e-05
HHS Region 5,1 wk ahead,Bin,percent,11.1,11.2,1e-05
HHS Region 5,1 wk ahead,Bin,percent,11.2,11.3,1e-05
HHS Region 5,1 wk ahead,Bin,percent,11.3,11.4,1e-05
HHS Region 5,1 wk ahead,Bin,percent,11.4,11.5,1e-05
HHS Region 5,1 wk ahead,Bin,percent,11.5,11.6,1e-05
HHS Region 5,1 wk ahead,Bin,percent,11.6,11.7,1e-05
HHS Region 5,1 wk ahead,Bin,percent,11.7,11.8,1e-05
HHS Region 5,1 wk ahead,Bin,percent,11.8,11.9,1e-05
HHS Region 5,1 wk ahead,Bin,percent,11.9,12,1e-05
HHS Region 5,1 wk ahead,Bin,percent,12,12.1,1e-05
HHS Region 5,1 wk ahead,Bin,percent,12.1,12.2,1e-05
HHS Region 5,1 wk ahead,Bin,percent,12.2,12.3,1e-05
HHS Region 5,1 wk ahead,Bin,percent,12.3,12.4,1e-05
HHS Region 5,1 wk ahead,Bin,percent,12.4,12.5,1e-05
HHS Region 5,1 wk ahead,Bin,percent,12.5,12.6,1e-05
HHS Region 5,1 wk ahead,Bin,percent,12.6,12.7,1e-05
HHS Region 5,1 wk ahead,Bin,percent,12.7,12.8,1e-05
HHS Region 5,1 wk ahead,Bin,percent,12.8,12.9,1e-05
HHS Region 5,1 wk ahead,Bin,percent,12.9,13,1e-05
HHS Region 5,1 wk ahead,Bin,percent,13,100,1e-05
HHS Region 5,2 wk ahead,Point,percent,,,2.185872317199168
HHS Region 5,2 wk ahead,Bin,percent,0,0.1,0.0007368141885091068
HHS Region 5,2 wk ahead,Bin,percent,0.1,0.2,0.0010775898614100495
HHS Region 5,2 wk ahead,Bin,percent,0.2,0.3,0.0015501660741993593
HHS Region 5,2 wk ahead,Bin,percent,0.3,0.4,0.002192291358290429
HHS Region 5,2 wk ahead,Bin,percent,0.4,0.5,0.003046966358054413
HHS Region 5,2 wk ahead,Bin,percent,0.5,0.6,0.0041609671578135676
HHS Region 5,2 wk ahead,Bin,percent,0.6,0.7,0.005582379445187705
HHS Region 5,2 wk ahead,Bin,percent,0.7,0.8,0.007357069260402872
HHS Region 5,2 wk ahead,Bin,percent,0.8,0.9,0.009524142554560213
HHS Region 5,2 wk ahead,Bin,percent,0.9,1,0.01211060941201615
HHS Region 5,2 wk ahead,Bin,percent,1,1.1,0.015125652507567278
HHS Region 5,2 wk ahead,Bin,percent,1.1,1.2,0.018555076280186496
HHS Region 5,2 wk ahead,Bin,percent,1.2,1.3,0.02235664947066312
HHS Region 5,2 wk ahead,Bin,percent,1.3,1.4,0.02645711340381746
HHS Region 5,2 wk ahead,Bin,percent,1.4,1.5,0.030751581519000662
HHS Region 5,2 wk ahead,Bin,percent,1.5,1.6,0.035105885390304715
HHS Region 5,2 wk ahead,Bin,percent,1.6,1.7,0.03936213216203383
HHS Region 5,2 wk ahead,Bin,percent,1.7,1.8,0.04334735495379873
HHS Region 5,2 wk ahead,Bin,percent,1.8,1.9,0.04688471089691842
HHS Region 5,2 wk ahead,Bin,percent,1.9,2,0.049806276683338216
HHS Region 5,2 wk ahead,Bin,percent,2,2.1,0.05196617950138038
HHS Region 5,2 wk ahead,Bin,percent,2.1,2.2,0.0532526439601205
HHS Region 5,2 wk ahead,Bin,percent,2.2,2.3,0.05359757288118557
HHS Region 5,2 wk ahead,Bin,percent,2.3,2.4,0.05298251938664017
HHS Region 5,2 wk ahead,Bin,percent,2.4,2.5,0.05144032136691613
HHS Region 5,2 wk ahead,Bin,percent,2.5,2.6,0.04905219678065264
HHS Region 5,2 wk ahead,Bin,percent,2.6,2.7,0.04594065737172544
HHS Region 5,2 wk ahead,Bin,percent,2.7,2.8,0.042259101257470726
HHS Region 5,2 wk ahead,Bin,percent,2.8,2.9,0.038179314172815976
HHS Region 5,2 wk ahead,Bin,percent,2.9,3,0.03387829285490958
HHS Region 5,2 wk ahead,Bin,percent,3,3.1,0.029525784054814982
HHS Region 5,2 wk ahead,Bin,percent,3.1,3.2,0.02527372644761402
HHS Region 5,2 wk ahead,Bin,percent,3.2,3.3,0.0212484375694716
HHS Region 5,2 wk ahead,Bin,percent,3.3,3.4,0.01754596969468239
HHS Region 5,2 wk ahead,Bin,percent,3.4,3.5,0.01423063784329779
HHS Region 5,2 wk ahead,Bin,percent,3.5,3.6,0.011336361912942764
HHS Region 5,2 wk ahead,Bin,percent,3.6,3.7,0.008870206846403154
HHS Region 5,2 wk ahead,Bin,percent,3.7,3.8,0.006817369980925582
HHS Region 5,2 wk ahead,Bin,percent,3.8,3.9,0.005146850394956837
HHS Region 5,2 wk ahead,Bin,percent,3.9,4,0.003817119842895753
HHS Region 5,2 wk ahead,Bin,percent,4,4.1,0.002781266210580333
HHS Region 5,2 wk ahead,Bin,percent,4.1,4.2,0.0019912624705801752
HHS Region 5,2 wk ahead,Bin,percent,4.2,4.3,0.0014011944863663742
HHS Region 5,2 wk ahead,Bin,percent,4.3,4.4,0.0009694354266127396
HHS Region 5,2 wk ahead,Bin,percent,4.4,4.5,0.0006598688511249742
HHS Region 5,2 wk ahead,Bin,percent,4.5,4.6,0.0004423323764504449
HHS Region 5,2 wk ahead,Bin,percent,4.6,4.7,0.00029248270744585726
HHS Region 5,2 wk ahead,Bin,percent,4.7,4.8,0.0001912792275869344
HHS Region 5,2 wk ahead,Bin,percent,4.8,4.9,0.00012425791246768972
HHS Region 5,2 wk ahead,Bin,percent,4.9,5,8.073047850826076e-05
HHS Region 5,2 wk ahead,Bin,percent,5,5.1,5.300401209900652e-05
HHS Region 5,2 wk ahead,Bin,percent,5.1,5.2,3.567990558202763e-05
HHS Region 5,2 wk ahead,Bin,percent,5.2,5.3,2.506121256456781e-05
HHS Region 5,2 wk ahead,Bin,percent,5.3,5.4,1.8675779812981885e-05
HHS Region 5,2 wk ahead,Bin,percent,5.4,5.5,1.490839124441336e-05
HHS Region 5,2 wk ahead,Bin,percent,5.5,5.6,1.2727419192490222e-05
HHS Region 5,2 wk ahead,Bin,percent,5.6,5.7,1.1488492599707844e-05
HHS Region 5,2 wk ahead,Bin,percent,5.7,5.8,1.0797854199809815e-05
HHS Region 5,2 wk ahead,Bin,percent,5.8,5.9,1.0420032078261327e-05
HHS Region 5,2 wk ahead,Bin,percent,5.9,6,1.0217181811348798e-05
HHS Region 5,2 wk ahead,Bin,percent,6,6.1,1.0110292634540677e-05
HHS Region 5,2 wk ahead,Bin,percent,6.1,6.2,1.0055011265870057e-05
HHS Region 5,2 wk ahead,Bin,percent,6.2,6.3,1.0026948762974983e-05
HHS Region 5,2 wk ahead,Bin,percent,6.3,6.4,1.00129660621407e-05
HHS Region 5,2 wk ahead,Bin,percent,6.4,6.5,1.0006127162954797e-05
HHS Region 5,2 wk ahead,Bin,percent,6.5,6.6,1.000284375927793e-05
HHS Region 5,2 wk ahead,Bin,percent,6.6,6.7,1.0001296308292247e-05
HHS Region 5,2 wk ahead,Bin,percent,6.7,6.8,1.000058037117636e-05
HHS Region 5,2 wk ahead,Bin,percent,6.8,6.9,1.0000255202802812e-05
HHS Region 5,2 wk ahead,Bin,percent,6.9,7,1.0000110216626035e-05
HHS Region 5,2 wk ahead,Bin,percent,7,7.1,1.000004675099439e-05
HHS Region 5,2 wk ahead,Bin,percent,7.1,7.2,1.0000019476757691e-05
HHS Region 5,2 wk ahead,Bin,percent,7.2,7.3,1.0000007969380043e-05
HHS Region 5,2 wk ahead,Bin,percent,7.3,7.4,1.0000003202686894e-05
HHS Region 5,2 wk ahead,Bin,percent,7.4,7.5,1.000000126411474e-05
HHS Region 5,2 wk ahead,Bin,percent,7.5,7.6,1.0000000490050206e-05
HHS Region 5,2 wk ahead,Bin,percent,7.6,7.7,1.0000000186585001e-05
HHS Region 5,2 wk ahead,Bin,percent,7.7,7.8,1.0000000069774213e-05
HHS Region 5,2 wk ahead,Bin,percent,7.8,7.9,1.0000000025626847e-05
HHS Region 5,2 wk ahead,Bin,percent,7.9,8,1.0000000009244376e-05
HHS Region 5,2 wk ahead,Bin,percent,8,8.1,1.0000000003275232e-05
HHS Region 5,2 wk ahead,Bin,percent,8.1,8.2,1.0000000001139696e-05
HHS Region 5,2 wk ahead,Bin,percent,8.2,8.3,1.0000000000389507e-05
HHS Region 5,2 wk ahead,Bin,percent,8.3,8.4,1.0000000000130749e-05
HHS Region 5,2 wk ahead,Bin,percent,8.4,8.5,1.0000000000043103e-05
HHS Region 5,2 wk ahead,Bin,percent,8.5,8.6,1.0000000000013957e-05
HHS Region 5,2 wk ahead,Bin,percent,8.6,8.7,1.0000000000004441e-05
HHS Region 5,2 wk ahead,Bin,percent,8.7,8.8,1.0000000000001387e-05
HHS Region 5,2 wk ahead,Bin,percent,8.8,8.9,1.0000000000000426e-05
HHS Region 5,2 wk ahead,Bin,percent,8.9,9,1.000000000000013e-05
HHS Region 5,2 wk ahead,Bin,percent,9,9.1,1.0000000000000038e-05
HHS Region 5,2 wk ahead,Bin,percent,9.1,9.2,1.0000000000000013e-05
HHS Region 5,2 wk ahead,Bin,percent,9.2,9.3,1.0000000000000003e-05
HHS Region 5,2 wk ahead,Bin,percent,9.3,9.4,1.0000000000000003e-05
HHS Region 5,2 wk ahead,Bin,percent,9.4,9.5,1e-05
HHS Region 5,2 wk ahead,Bin,percent,9.5,9.6,1e-05
HHS Region 5,2 wk ahead,Bin,percent,9.6,9.7,1e-05
HHS Region 5,2 wk ahead,Bin,percent,9.7,9.8,1e-05
HHS Region 5,2 wk ahead,Bin,percent,9.8,9.9,1e-05
HHS Region 5,2 wk ahead,Bin,percent,9.9,10,1e-05
HHS Region 5,2 wk ahead,Bin,percent,10,10.1,1e-05
HHS Region 5,2 wk ahead,Bin,percent,10.1,10.2,1e-05
HHS Region 5,2 wk ahead,Bin,percent,10.2,10.3,1e-05
HHS Region 5,2 wk ahead,Bin,percent,10.3,10.4,1e-05
HHS Region 5,2 wk ahead,Bin,percent,10.4,10.5,1e-05
HHS Region 5,2 wk ahead,Bin,percent,10.5,10.6,1e-05
HHS Region 5,2 wk ahead,Bin,percent,10.6,10.7,1e-05
HHS Region 5,2 wk ahead,Bin,percent,10.7,10.8,1e-05
HHS Region 5,2 wk ahead,Bin,percent,10.8,10.9,1e-05
HHS Region 5,2 wk ahead,Bin,percent,10.9,11,1e-05
HHS Region 5,2 wk ahead,Bin,percent,11,11.1,1e-05
HHS Region 5,2 wk ahead,Bin,percent,11.1,11.2,1e-05
HHS Region 5,2 wk ahead,Bin,percent,11.2,11.3,1e-05
HHS Region 5,2 wk ahead,Bin,percent,11.3,11.4,1e-05
HHS Region 5,2 wk ahead,Bin,percent,11.4,11.5,1e-05
HHS Region 5,2 wk ahead,Bin,percent,11.5,11.6,1e-05
HHS Region 5,2 wk ahead,Bin,percent,11.6,11.7,1e-05
HHS Region 5,2 wk ahead,Bin,percent,11.7,11.8,1e-05
HHS Region 5,2 wk ahead,Bin,percent,11.8,11.9,1e-05
HHS Region 5,2 wk ahead,Bin,percent,11.9,12,1e-05
HHS Region 5,2 wk ahead,Bin,percent,12,12.1,1e-05
HHS Region 5,2 wk ahead,Bin,percent,12.1,12.2,1e-05
HHS Region 5,2 wk ahead,Bin,percent,12.2,12.3,1e-05
HHS Region 5,2 wk ahead,Bin,percent,12.3,12.4,1e-05
HHS Region 5,2 wk ahead,Bin,percent,12.4,12.5,1e-05
HHS Region 5,2 wk ahead,Bin,percent,12.5,12.6,1e-05
HHS Region 5,2 wk ahead,Bin,percent,12.6,12.7,1e-05
HHS Region 5,2 wk ahead,Bin,percent,12.7,12.8,1e-05
HHS Region 5,2 wk ahead,Bin,percent,12.8,12.9,1e-05
HHS Region 5,2 wk ahead,Bin,percent,12.9,13,1e-05
HHS Region 5,2 wk ahead,Bin,percent,13,100,1e-05
HHS Region 5,3 wk ahead,Point,percent,,,2.37661604358598
HHS Region 5,3 wk ahead,Bin,percent,0,0.1,0.0023964277395479468
HHS Region 5,3 wk ahead,Bin,percent,0.1,0.2,0.003021533135966862
HHS Region 5,3 wk ahead,Bin,percent,0.2,0.3,0.0037725670101026467
HHS Region 5,3 wk ahead,Bin,percent,0.3,0.4,0.004664125395632868
HHS Region 5,3 wk ahead,Bin,percent,0.4,0.5,0.005709662720690223
HHS Region 5,3 wk ahead,Bin,percent,0.5,0.6,0.006920627328959349
HHS Region 5,3 wk ahead,Bin,percent,0.6,0.7,0.008305508819579102
HHS Region 5,3 wk ahead,Bin,percent,0.7,0.8,0.00986884015280963
HHS Region 5,3 wk ahead,Bin,percent,0.8,0.9,0.011610210249423478
HHS Region 5,3 wk ahead,Bin,percent,0.9,1,0.013523353444064015
HHS Region 5,3 wk ahead,Bin,percent,1,1.1,0.015595389161151932
HHS Region 5,3 wk ahead,Bin,percent,1.1,1.2,0.017806287188544583
HHS Region 5,3 wk ahead,Bin,percent,1.2,1.3,0.02012862983010329
HHS Region 5,3 wk ahead,Bin,percent,1.3,1.4,0.022527731382844345
HHS Region 5,3 wk ahead,Bin,percent,1.4,1.5,0.02496215777721321
HHS Region 5,3 wk ahead,Bin,percent,1.5,1.6,0.02738466552022876
HHS Region 5,3 wk ahead,Bin,percent,1.6,1.7,0.029743550706191432
HHS Region 5,3 wk ahead,Bin,percent,1.7,1.8,0.03198436789546295
HHS Region 5,3 wk ahead,Bin,percent,1.8,1.9,0.03405194771152518
HHS Region 5,3 wk ahead,Bin,percent,1.9,2,0.035892613950654406
HHS Region 5,3 wk ahead,Bin,percent,2,2.1,0.03745647869697099
HHS Region 5,3 wk ahead,Bin,percent,2.1,2.2,0.03869967990321392
HHS Region 5,3 wk ahead,Bin,percent,2.2,2.3,0.03958642199452223
HHS Region 5,3 wk ahead,Bin,percent,2.3,2.4,0.0400906872312243
HHS Region 5,3 wk ahead,Bin,percent,2.4,2.5,0.040197503712712086
HHS Region 5,3 wk ahead,Bin,percent,2.5,2.6,0.03990368379765485
HHS Region 5,3 wk ahead,Bin,percent,2.6,2.7,0.03921798212213815
HHS Region 5,3 wk ahead,Bin,percent,2.7,2.8,0.03816066228540708
HHS Region 5,3 wk ahead,Bin,percent,2.8,2.9,0.03676250212985873
HHS Region 5,3 wk ahead,Bin,percent,2.9,3,0.035063305750257116
HHS Region 5,3 wk ahead,Bin,percent,3,3.1,0.03311002259488933
HHS Region 5,3 wk ahead,Bin,percent,3.1,3.2,0.0309545975760823
HHS Region 5,3 wk ahead,Bin,percent,3.2,3.3,0.028651689209554288
HHS Region 5,3 wk ahead,Bin,percent,3.3,3.4,0.02625639474496097
HHS Region 5,3 wk ahead,Bin,percent,3.4,3.5,0.02382211243085553
HHS Region 5,3 wk ahead,Bin,percent,3.5,3.6,0.02139865287938139
HHS Region 5,3 wk ahead,Bin,percent,3.6,3.7,0.01903068616161969
HHS Region 5,3 wk ahead,Bin,percent,3.7,3.8,0.016756581490279306
HHS Region 5,3 wk ahead,Bin,percent,3.8,3.9,0.01460766504155062
HHS Region 5,3 wk ahead,Bin,percent,3.9,4,0.012607891417350749
HHS Region 5,3 wk ahead,Bin,percent,4,4.1,0.010773897839641678
HHS Region 5,3 wk ahead,Bin,percent,4.1,4.2,0.009115389186832152
HHS Region 5,3 wk ahead,Bin,percent,4.2,4.3,0.007635787502244537
HHS Region 5,3 wk ahead,Bin,percent,4.3,4.4,0.006333071965968219
HHS Region 5,3 wk ahead,Bin,percent,4.4,4.5,0.0052007341921845715
HHS Region 5,3 wk ahead,Bin,percent,4.5,4.6,0.004228778217968989
HHS Region 5,3 wk ahead,Bin,percent,4.6,4.7,0.0034047034342899697
HHS Region 5,3 wk ahead,Bin,percent,4.7,4.8,0.0027144205302650853
HHS Region 5,3 wk ahead,Bin,percent,4.8,4.9,0.0021430638142666747
HHS Region 5,3 wk ahead,Bin,percent,4.9,5,0.0016756767054763525
HHS Region 5,3 wk ahead,Bin,percent,5,5.1,0.0012977596580897026
HHS Region 5,3 wk ahead,Bin,percent,5.1,5.2,0.0009956804867391207
HHS Region 5,3 wk ahead,Bin,percent,5.2,5.3,0.0007569555216850081
HHS Region 5,3 wk ahead,Bin,percent,5.3,5.4,0.0005704160500052428
HHS Region 5,3 wk ahead,Bin,percent,5.4,5.5,0.0004262781608811153
HHS Region 5,3 wk ahead,Bin,percent,5.5,5.6,0.000316135665845401
HHS Region 5,3 wk ahead,Bin,percent,5.6,5.7,0.00023289558751821528
HHS Region 5,3 wk ahead,Bin,percent,5.7,5.8,0.00017067423941814208
HHS Region 5,3 wk ahead,Bin,percent,5.8,5.9,0.0001246695937949156
HHS Region 5,3 wk ahead,Bin,percent,5.9,6,9.102285364542713e-05
HHS Region 5,3 wk ahead,Bin,percent,6,6.1,6.667924229091501e-05
HHS Region 5,3 wk ahead,Bin,percent,6.1,6.2,4.9255252594632285e-05
HHS Region 5,3 wk ahead,Bin,percent,6.2,6.3,3.6917130272924574e-05
HHS Region 5,3 wk ahead,Bin,percent,6.3,6.4,2.8273299663915242e-05
HHS Region 5,3 wk ahead,Bin,percent,6.4,6.5,2.228181173401605e-05
HHS Region 5,3 wk ahead,Bin,percent,6.5,6.6,1.8172692055918812e-05
HHS Region 5,3 wk ahead,Bin,percent,6.6,6.7,1.5384248232860842e-05
HHS Region 5,3 wk ahead,Bin,percent,6.7,6.8,1.351190090470764e-05
HHS Region 5,3 wk ahead,Bin,percent,6.8,6.9,1.2267862246893967e-05
HHS Region 5,3 wk ahead,Bin,percent,6.9,7,1.1449934319297916e-05
HHS Region 5,3 wk ahead,Bin,percent,7,7.1,1.0917777121687224e-05
HHS Region 5,3 wk ahead,Bin,percent,7.1,7.2,1.0575152967684673e-05
HHS Region 5,3 wk ahead,Bin,percent,7.2,7.3,1.0356850855558233e-05
HHS Region 5,3 wk ahead,Bin,percent,7.3,7.4,1.0219203436983329e-05
HHS Region 5,3 wk ahead,Bin,percent,7.4,7.5,1.0133310763612044e-05
HHS Region 5,3 wk ahead,Bin,percent,7.5,7.6,1.008026760642822e-05
HHS Region 5,3 wk ahead,Bin,percent,7.6,7.7,1.0047848976077756e-05
HHS Region 5,3 wk ahead,Bin,percent,7.7,7.8,1.002823983953407e-05
HHS Region 5,3 wk ahead,Bin,percent,7.8,7.9,1.0016500953491417e-05
HHS Region 5,3 wk ahead,Bin,percent,7.9,8,1.0009545816805676e-05
HHS Region 5,3 wk ahead,Bin,percent,8,8.1,1.000546731870159e-05
HHS Region 5,3 wk ahead,Bin,percent,8.1,8.2,1.0003100222938832e-05
HHS Region 5,3 wk ahead,Bin,percent,8.2,8.3,1.0001740478648063e-05
HHS Region 5,3 wk ahead,Bin,percent,8.3,8.4,1.0000967390267834e-05
HHS Region 5,3 wk ahead,Bin,percent,8.4,8.5,1.0000532343515004e-05
HHS Region 5,3 wk ahead,Bin,percent,8.5,8.6,1.0000290027688617e-05
HHS Region 5,3 wk ahead,Bin,percent,8.6,8.7,1.0000156438698737e-05
HHS Region 5,3 wk ahead,Bin,percent,8.7,8.8,1.0000083542250028e-05
HHS Region 5,3 wk ahead,Bin,percent,8.8,8.9,1.0000044169794693e-05
HHS Region 5,3 wk ahead,Bin,percent,8.9,9,1.0000023120745487e-05
HHS Region 5,3 wk ahead,Bin,percent,9,9.1,1.0000011982171334e-05
HHS Region 5,3 wk ahead,Bin,percent,9.1,9.2,1.000000614789522e-05
HHS Region 5,3 wk ahead,Bin,percent,9.2,9.3,1.0000003123019015e-05
HHS Region 5,3 wk ahead,Bin,percent,9.3,9.4,1.0000001570652248e-05
HHS Region 5,3 wk ahead,Bin,percent,9.4,9.5,1.0000000782064716e-05
HHS Region 5,3 wk ahead,Bin,percent,9.5,9.6,1.000000038553391e-05
HHS Region 5,3 wk ahead,Bin,percent,9.6,9.7,1.0000000188165377e-05
HHS Region 5,3 wk ahead,Bin,percent,9.7,9.8,1.0000000090923069e-05
HHS Region 5,3 wk ahead,Bin,percent,9.8,9.9,1.000000004349764e-05
HHS Region 5,3 wk ahead,Bin,percent,9.9,10,1.0000000020602246e-05
HHS Region 5,3 wk ahead,Bin,percent,10,10.1,1.0000000009660967e-05
HHS Region 5,3 wk ahead,Bin,percent,10.1,10.2,1.0000000004485223e-05
HHS Region 5,3 wk ahead,Bin,percent,10.2,10.3,1.00000000020616e-05
HHS Region 5,3 wk ahead,Bin,percent,10.3,10.4,1.0000000000938173e-05
HHS Region 5,3 wk ahead,Bin,percent,10.4,10.5,1.0000000000422687e-05
HHS Region 5,3 wk ahead,Bin,percent,10.5,10.6,1.0000000000188544e-05
HHS Region 5,3 wk ahead,Bin,percent,10.6,10.7,1.0000000000083266e-05
HHS Region 5,3 wk ahead,Bin,percent,10.7,10.8,1.0000000000036406e-05
HHS Region 5,3 wk ahead,Bin,percent,10.8,10.9,1.0000000000015759e-05
HHS Region 5,3 wk ahead,Bin,percent,10.9,11,1.0000000000006757e-05
HHS Region 5,3 wk ahead,Bin,percent,11,11.1,1.0000000000002867e-05
HHS Region 5,3 wk ahead,Bin,percent,11.1,11.2,1.0000000000001204e-05
HHS Region 5,3 wk ahead,Bin,percent,11.2,11.3,1.0000000000000502e-05
HHS Region 5,3 wk ahead,Bin,percent,11.3,11.4,1.0000000000000207e-05
HHS Region 5,3 wk ahead,Bin,percent,11.4,11.5,1.0000000000000087e-05
HHS Region 5,3 wk ahead,Bin,percent,11.5,11.6,1.0000000000000036e-05
HHS Region 5,3 wk ahead,Bin,percent,11.6,11.7,1.0000000000000014e-05
HHS Region 5,3 wk ahead,Bin,percent,11.7,11.8,1.0000000000000006e-05
HHS Region 5,3 wk ahead,Bin,percent,11.8,11.9,1.0000000000000003e-05
HHS Region 5,3 wk ahead,Bin,percent,11.9,12,1e-05
HHS Region 5,3 wk ahead,Bin,percent,12,12.1,1e-05
HHS Region 5,3 wk ahead,Bin,percent,12.1,12.2,1e-05
HHS Region 5,3 wk ahead,Bin,percent,12.2,12.3,1e-05
HHS Region 5,3 wk ahead,Bin,percent,12.3,12.4,1e-05
HHS Region 5,3 wk ahead,Bin,percent,12.4,12.5,1e-05
HHS Region 5,3 wk ahead,Bin,percent,12.5,12.6,1e-05
HHS Region 5,3 wk ahead,Bin,percent,12.6,12.7,1e-05
HHS Region 5,3 wk ahead,Bin,percent,12.7,12.8,1e-05
HHS Region 5,3 wk ahead,Bin,percent,12.8,12.9,1e-05
HHS Region 5,3 wk ahead,Bin,percent,12.9,13,1e-05
HHS Region 5,3 wk ahead,Bin,percent,13,100,1e-05
HHS Region 5,4 wk ahead,Point,percent,,,2.7778513609767352
HHS Region 5,4 wk ahead,Bin,percent,0,0.1,0.000913618444993883
HHS Region 5,4 wk ahead,Bin,percent,0.1,0.2,0.0011904511728422185
HHS Region 5,4 wk ahead,Bin,percent,0.2,0.3,0.0015370604532634734
HHS Region 5,4 wk ahead,Bin,percent,0.3,0.4,0.0019661839622859287
HHS Region 5,4 wk ahead,Bin,percent,0.4,0.5,0.002491466516076325
HHS Region 5,4 wk ahead,Bin,percent,0.5,0.6,0.0031271119943131354
HHS Region 5,4 wk ahead,Bin,percent,0.6,0.7,0.0038874093632283867
HHS Region 5,4 wk ahead,Bin,percent,0.7,0.8,0.004786130280378126
HHS Region 5,4 wk ahead,Bin,percent,0.8,0.9,0.005835804896951674
HHS Region 5,4 wk ahead,Bin,percent,0.9,1,0.007046893355874709
HHS Region 5,4 wk ahead,Bin,percent,1,1.1,0.008426882491082206
HHS Region 5,4 wk ahead,Bin,percent,1.1,1.2,0.009979349469344593
HHS Region 5,4 wk ahead,Bin,percent,1.2,1.3,0.011703045454885114
HHS Region 5,4 wk ahead,Bin,percent,1.3,1.4,0.013591061542935202
HHS Region 5,4 wk ahead,Bin,percent,1.4,1.5,0.015630144892861592
HHS Region 5,4 wk ahead,Bin,percent,1.5,1.6,0.017800233998686084
HHS Region 5,4 wk ahead,Bin,percent,1.6,1.7,0.02007427744070862
HHS Region 5,4 wk ahead,Bin,percent,1.7,1.8,0.022418389768664625
HHS Region 5,4 wk ahead,Bin,percent,1.8,1.9,0.02479238143011289
HHS Region 5,4 wk ahead,Bin,percent,1.9,2,0.02715067756593656
HHS Region 5,4 wk ahead,Bin,percent,2,2.1,0.02944361438164117
HHS Region 5,4 wk ahead,Bin,percent,2.1,2.2,0.0316190735826143
HHS Region 5,4 wk ahead,Bin,percent,2.2,2.3,0.0336243873839345
HHS Region 5,4 wk ahead,Bin,percent,2.3,2.4,0.035408421443205766
HHS Region 5,4 wk ahead,Bin,percent,2.4,2.5,0.03692372324972844
HHS Region 5,4 wk ahead,Bin,percent,2.5,2.6,0.03812861124238324
HHS Region 5,4 wk ahead,Bin,percent,2.6,2.7,0.038989076837051606
HHS Region 5,4 wk ahead,Bin,percent,2.7,2.8,0.039480378428362176
HHS Region 5,4 wk ahead,Bin,percent,2.8,2.9,0.03958822315278891
HHS Region 5,4 wk ahead,Bin,percent,2.9,3,0.03930945765003678
HHS Region 5,4 wk ahead,Bin,percent,3,3.1,0.038652221236585724
HHS Region 5,4 wk ahead,Bin,percent,3.1,3.2,0.03763555110866552
HHS Region 5,4 wk ahead,Bin,percent,3.2,3.3,0.036288466297272066
HHS Region 5,4 wk ahead,Bin,percent,3.3,3.4,0.03464859188512747
HHS Region 5,4 wk ahead,Bin,percent,3.4,3.5,0.032760414489717726
HHS Region 5,4 wk ahead,Bin,percent,3.5,3.6,0.03067328179759473
HHS Region 5,4 wk ahead,Bin,percent,3.6,3.7,0.02843927137917818
HHS Region 5,4 wk ahead,Bin,percent,3.7,3.8,0.02611105643737941
HHS Region 5,4 wk ahead,Bin,percent,3.8,3.9,0.023739888838396717
HHS Region 5,4 wk ahead,Bin,percent,3.9,4,0.02137380392562044
HHS Region 5,4 wk ahead,Bin,percent,4,4.1,0.019056129135771854
HHS Region 5,4 wk ahead,Bin,percent,4.1,4.2,0.016824351705883433
HHS Region 5,4 wk ahead,Bin,percent,4.2,4.3,0.014709372364692632
HHS Region 5,4 wk ahead,Bin,percent,4.3,4.4,0.012735144346684059
HHS Region 5,4 wk ahead,Bin,percent,4.4,4.5,0.010918672531019444
HHS Region 5,4 wk ahead,Bin,percent,4.5,4.6,0.009270327661096006
HHS Region 5,4 wk ahead,Bin,percent,4.6,4.7,0.00779441649455483
HHS Region 5,4 wk ahead,Bin,percent,4.7,4.8,0.0064899407704968725
HHS Region 5,4 wk ahead,Bin,percent,4.8,4.9,0.005351475857841223
HHS Region 5,4 wk ahead,Bin,percent,4.9,5,0.004370103161715764
HHS Region 5,4 wk ahead,Bin,percent,5,5.1,0.0035343377492579437
HHS Region 5,4 wk ahead,Bin,percent,5.1,5.2,0.0028310029472522267
HHS Region 5,4 wk ahead,Bin,percent,5.2,5.3,0.002246015551130561
HHS Region 5,4 wk ahead,Bin,percent,5.3,5.4,0.001765057546156759
HHS Region 5,4 wk ahead,Bin,percent,5.4,5.5,0.0013741218454520025
HHS Region 5,4 wk ahead,Bin,percent,5.5,5.6,0.0010599297176348596
HHS Region 5,4 wk ahead,Bin,percent,5.6,5.7,0.000810225809247911
HHS Region 5,4 wk ahead,Bin,percent,5.7,5.8,0.0006139627332694438
HHS Region 5,4 wk ahead,Bin,percent,5.8,5.9,0.00046139109901343516
HHS Region 5,4 wk ahead,Bin,percent,5.9,6,0.0003440727880936362
HHS Region 5,4 wk ahead,Bin,percent,6,6.1,0.00025483554797757984
HHS Region 5,4 wk ahead,Bin,percent,6.1,6.2,0.0001876859577589463
HHS Region 5,4 wk ahead,Bin,percent,6.2,6.3,0.00013769591455053116
HHS Region 5,4 wk ahead,Bin,percent,6.3,6.4,0.00010087536321895185
HHS Region 5,4 wk ahead,Bin,percent,6.4,6.5,7.404136471206287e-05
HHS Region 5,4 wk ahead,Bin,percent,6.5,6.6,5.469101909517649e-05
HHS Region 5,4 wk ahead,Bin,percent,6.6,6.7,4.088340662186305e-05
HHS Region 5,4 wk ahead,Bin,percent,6.7,6.8,3.1133693402666965e-05
HHS Region 5,4 wk ahead,Bin,percent,6.8,6.9,2.432091830266069e-05
HHS Region 5,4 wk ahead,Bin,percent,6.9,7,1.9609739020870875e-05
HHS Region 5,4 wk ahead,Bin,percent,7,7.1,1.6385539284441193e-05
HHS Region 5,4 wk ahead,Bin,percent,7.1,7.2,1.420173666390742e-05
HHS Region 5,4 wk ahead,Bin,percent,7.2,7.3,1.2737822833044576e-05
HHS Region 5,4 wk ahead,Bin,percent,7.3,7.4,1.1766554797258135e-05
HHS Region 5,4 wk ahead,Bin,percent,7.4,7.5,1.1128740602079596e-05
HHS Region 5,4 wk ahead,Bin,percent,7.5,7.6,1.0714177959012008e-05
HHS Region 5,4 wk ahead,Bin,percent,7.6,7.7,1.0447470078201508e-05
HHS Region 5,4 wk ahead,Bin,percent,7.7,7.8,1.0277630271901967e-05
HHS Region 5,4 wk ahead,Bin,percent,7.8,7.9,1.01705748109172e-05
HHS Region 5,4 wk ahead,Bin,percent,7.9,8,1.0103778703360487e-05
HHS Region 5,4 wk ahead,Bin,percent,8,8.1,1.0062524012812992e-05
HHS Region 5,4 wk ahead,Bin,percent,8.1,8.2,1.0037301878930516e-05
HHS Region 5,4 wk ahead,Bin,percent,8.2,8.3,1.0022037373608536e-05
HHS Region 5,4 wk ahead,Bin,percent,8.3,8.4,1.0012892413384745e-05
HHS Region 5,4 wk ahead,Bin,percent,8.4,8.5,1.0007468852310856e-05
HHS Region 5,4 wk ahead,Bin,percent,8.5,8.6,1.0004284683851912e-05
HHS Region 5,4 wk ahead,Bin,percent,8.6,8.7,1.0002434046973814e-05
HHS Region 5,4 wk ahead,Bin,percent,8.7,8.8,1.0001369255169813e-05
HHS Region 5,4 wk ahead,Bin,percent,8.8,8.9,1.000076275503822e-05
HHS Region 5,4 wk ahead,Bin,percent,8.9,9,1.0000420756701806e-05
HHS Region 5,4 wk ahead,Bin,percent,9,9.1,1.0000229838225977e-05
HHS Region 5,4 wk ahead,Bin,percent,9.1,9.2,1.000012432507822e-05
HHS Region 5,4 wk ahead,Bin,percent,9.2,9.3,1.0000066594825148e-05
HHS Region 5,4 wk ahead,Bin,percent,9.3,9.4,1.0000035323805627e-05
HHS Region 5,4 wk ahead,Bin,percent,9.4,9.5,1.0000018554093946e-05
HHS Region 5,4 wk ahead,Bin,percent,9.5,9.6,1.0000009650665833e-05
HHS Region 5,4 wk ahead,Bin,percent,9.6,9.7,1.0000004970728765e-05
HHS Region 5,4 wk ahead,Bin,percent,9.7,9.8,1.0000002535292757e-05
HHS Region 5,4 wk ahead,Bin,percent,9.8,9.9,1.0000001280505437e-05
HHS Region 5,4 wk ahead,Bin,percent,9.9,10,1.0000000640442286e-05
HHS Region 5,4 wk ahead,Bin,percent,10,10.1,1.0000000317193177e-05
HHS Region 5,4 wk ahead,Bin,percent,10.1,10.2,1.0000000155565374e-05
HHS Region 5,4 wk ahead,Bin,percent,10.2,10.3,1.0000000075552233e-05
HHS Region 5,4 wk ahead,Bin,percent,10.3,10.4,1.0000000036335146e-05
HHS Region 5,4 wk ahead,Bin,percent,10.4,10.5,1.0000000017304213e-05
HHS Region 5,4 wk ahead,Bin,percent,10.5,10.6,1.0000000008160596e-05
HHS Region 5,4 wk ahead,Bin,percent,10.6,10.7,1.0000000003810988e-05
HHS Region 5,4 wk ahead,Bin,percent,10.7,10.8,1.0000000001762377e-05
HHS Region 5,4 wk ahead,Bin,percent,10.8,10.9,1.0000000000807056e-05
HHS Region 5,4 wk ahead,Bin,percent,10.9,11,1.0000000000365977e-05
HHS Region 5,4 wk ahead,Bin,percent,11,11.1,1.0000000000164344e-05
HHS Region 5,4 wk ahead,Bin,percent,11.1,11.2,1.0000000000073081e-05
HHS Region 5,4 wk ahead,Bin,percent,11.2,11.3,1.000000000003218e-05
HHS Region 5,4 wk ahead,Bin,percent,11.3,11.4,1.0000000000014033e-05
HHS Region 5,4 wk ahead,Bin,percent,11.4,11.5,1.0000000000006059e-05
HHS Region 5,4 wk ahead,Bin,percent,11.5,11.6,1.0000000000002593e-05
HHS Region 5,4 wk ahead,Bin,percent,11.6,11.7,1.00000000000011e-05
HHS Region 5,4 wk ahead,Bin,percent,11.7,11.8,1.000000000000046e-05
HHS Region 5,4 wk ahead,Bin,percent,11.8,11.9,1.0000000000000192e-05
HHS Region 5,4 wk ahead,Bin,percent,11.9,12,1.0000000000000079e-05
HHS Region 5,4 wk ahead,Bin,percent,12,12.1,1.0000000000000031e-05
HHS Region 5,4 wk ahead,Bin,percent,12.1,12.2,1.0000000000000014e-05
HHS Region 5,4 wk ahead,Bin,percent,12.2,12.3,1.0000000000000006e-05
HHS Region 5,4 wk ahead,Bin,percent,12.3,12.4,1.0000000000000003e-05
HHS Region 5,4 wk ahead,Bin,percent,12.4,12.5,1e-05
HHS Region 5,4 wk ahead,Bin,percent,12.5,12.6,1e-05
HHS Region 5,4 wk ahead,Bin,percent,12.6,12.7,1e-05
HHS Region 5,4 wk ahead,Bin,percent,12.7,12.8,1e-05
HHS Region 5,4 wk ahead,Bin,percent,12.8,12.9,1e-05
HHS Region 5,4 wk ahead,Bin,percent,12.9,13,1e-05
HHS Region 5,4 wk ahead,Bin,percent,13,100,1e-05
HHS Region 6,Season onset,Point,week,,,4.500000000000006
HHS Region 6,Season onset,Bin,week,40,41,0.029411764705882363
HHS Region 6,Season onset,Bin,week,41,42,0.029411764705882363
HHS Region 6,Season onset,Bin,week,42,43,0.029411764705882363
HHS Region 6,Season onset,Bin,week,43,44,0.029411764705882363
HHS Region 6,Season onset,Bin,week,44,45,0.029411764705882363
HHS Region 6,Season onset,Bin,week,45,46,0.029411764705882363
HHS Region 6,Season onset,Bin,week,46,47,0.029411764705882363
HHS Region 6,Season onset,Bin,week,47,48,0.029411764705882363
HHS Region 6,Season onset,Bin,week,48,49,0.029411764705882363
HHS Region 6,Season onset,Bin,week,49,50,0.029411764705882363
HHS Region 6,Season onset,Bin,week,50,51,0.029411764705882363
HHS Region 6,Season onset,Bin,week,51,52,0.029411764705882363
HHS Region 6,Season onset,Bin,week,52,53,0.029411764705882363
HHS Region 6,Season onset,Bin,week,1,2,0.029411764705882363
HHS Region 6,Season onset,Bin,week,2,3,0.029411764705882363
HHS Region 6,Season onset,Bin,week,3,4,0.029411764705882363
HHS Region 6,Season onset,Bin,week,4,5,0.029411764705882363
HHS Region 6,Season onset,Bin,week,5,6,0.029411764705882363
HHS Region 6,Season onset,Bin,week,6,7,0.029411764705882363
HHS Region 6,Season onset,Bin,week,7,8,0.029411764705882363
HHS Region 6,Season onset,Bin,week,8,9,0.029411764705882363
HHS Region 6,Season onset,Bin,week,9,10,0.029411764705882363
HHS Region 6,Season onset,Bin,week,10,11,0.029411764705882363
HHS Region 6,Season onset,Bin,week,11,12,0.029411764705882363
HHS Region 6,Season onset,Bin,week,12,13,0.029411764705882363
HHS Region 6,Season onset,Bin,week,13,14,0.029411764705882363
HHS Region 6,Season onset,Bin,week,14,15,0.029411764705882363
HHS Region 6,Season onset,Bin,week,15,16,0.029411764705882363
HHS Region 6,Season onset,Bin,week,16,17,0.029411764705882363
HHS Region 6,Season onset,Bin,week,17,18,0.029411764705882363
HHS Region 6,Season onset,Bin,week,18,19,0.029411764705882363
HHS Region 6,Season onset,Bin,week,19,20,0.029411764705882363
HHS Region 6,Season onset,Bin,week,20,21,0.029411764705882363
HHS Region 6,Season onset,Bin,week,none,none,0.029411764705882363
HHS Region 6,Season peak week,Point,week,,,4.4999999999999885
HHS Region 6,Season peak week,Bin,week,40,41,0.030303030303030307
HHS Region 6,Season peak week,Bin,week,41,42,0.030303030303030307
HHS Region 6,Season peak week,Bin,week,42,43,0.030303030303030307
HHS Region 6,Season peak week,Bin,week,43,44,0.030303030303030307
HHS Region 6,Season peak week,Bin,week,44,45,0.030303030303030307
HHS Region 6,Season peak week,Bin,week,45,46,0.030303030303030307
HHS Region 6,Season peak week,Bin,week,46,47,0.030303030303030307
HHS Region 6,Season peak week,Bin,week,47,48,0.030303030303030307
HHS Region 6,Season peak week,Bin,week,48,49,0.030303030303030307
HHS Region 6,Season peak week,Bin,week,49,50,0.030303030303030307
HHS Region 6,Season peak week,Bin,week,50,51,0.030303030303030307
HHS Region 6,Season peak week,Bin,week,51,52,0.030303030303030307
HHS Region 6,Season peak week,Bin,week,52,53,0.030303030303030307
HHS Region 6,Season peak week,Bin,week,1,2,0.030303030303030307
HHS Region 6,Season peak week,Bin,week,2,3,0.030303030303030307
HHS Region 6,Season peak week,Bin,week,3,4,0.030303030303030307
HHS Region 6,Season peak week,Bin,week,4,5,0.030303030303030307
HHS Region 6,Season peak week,Bin,week,5,6,0.030303030303030307
HHS Region 6,Season peak week,Bin,week,6,7,0.030303030303030307
HHS Region 6,Season peak week,Bin,week,7,8,0.030303030303030307
HHS Region 6,Season peak week,Bin,week,8,9,0.030303030303030307
HHS Region 6,Season peak week,Bin,week,9,10,0.030303030303030307
HHS Region 6,Season peak week,Bin,week,10,11,0.030303030303030307
HHS Region 6,Season peak week,Bin,week,11,12,0.030303030303030307
HHS Region 6,Season peak week,Bin,week,12,13,0.030303030303030307
HHS Region 6,Season peak week,Bin,week,13,14,0.030303030303030307
HHS Region 6,Season peak week,Bin,week,14,15,0.030303030303030307
HHS Region 6,Season peak week,Bin,week,15,16,0.030303030303030307
HHS Region 6,Season peak week,Bin,week,16,17,0.030303030303030307
HHS Region 6,Season peak week,Bin,week,17,18,0.030303030303030307
HHS Region 6,Season peak week,Bin,week,18,19,0.030303030303030307
HHS Region 6,Season peak week,Bin,week,19,20,0.030303030303030307
HHS Region 6,Season peak week,Bin,week,20,21,0.030303030303030307
HHS Region 6,Season peak percentage,Point,percent,,,6.5500000000000025
HHS Region 6,Season peak percentage,Bin,percent,0,0.1,0.0076335877862595426
HHS Region 6,Season peak percentage,Bin,percent,0.1,0.2,0.0076335877862595426
HHS Region 6,Season peak percentage,Bin,percent,0.2,0.3,0.0076335877862595426
HHS Region 6,Season peak percentage,Bin,percent,0.3,0.4,0.0076335877862595426
HHS Region 6,Season peak percentage,Bin,percent,0.4,0.5,0.0076335877862595426
HHS Region 6,Season peak percentage,Bin,percent,0.5,0.6,0.0076335877862595426
HHS Region 6,Season peak percentage,Bin,percent,0.6,0.7,0.0076335877862595426
HHS Region 6,Season peak percentage,Bin,percent,0.7,0.8,0.0076335877862595426
HHS Region 6,Season peak percentage,Bin,percent,0.8,0.9,0.0076335877862595426
HHS Region 6,Season peak percentage,Bin,percent,0.9,1,0.0076335877862595426
HHS Region 6,Season peak percentage,Bin,percent,1,1.1,0.0076335877862595426
HHS Region 6,Season peak percentage,Bin,percent,1.1,1.2,0.0076335877862595426
HHS Region 6,Season peak percentage,Bin,percent,1.2,1.3,0.0076335877862595426
HHS Region 6,Season peak percentage,Bin,percent,1.3,1.4,0.0076335877862595426
HHS Region 6,Season peak percentage,Bin,percent,1.4,1.5,0.0076335877862595426
HHS Region 6,Season peak percentage,Bin,percent,1.5,1.6,0.0076335877862595426
HHS Region 6,Season peak percentage,Bin,percent,1.6,1.7,0.0076335877862595426
HHS Region 6,Season peak percentage,Bin,percent,1.7,1.8,0.0076335877862595426
HHS Region 6,Season peak percentage,Bin,percent,1.8,1.9,0.0076335877862595426
HHS Region 6,Season peak percentage,Bin,percent,1.9,2,0.0076335877862595426
HHS Region 6,Season peak percentage,Bin,percent,2,2.1,0.0076335877862595426
HHS Region 6,Season peak percentage,Bin,percent,2.1,2.2,0.0076335877862595426
HHS Region 6,Season peak percentage,Bin,percent,2.2,2.3,0.0076335877862595426
HHS Region 6,Season peak percentage,Bin,percent,2.3,2.4,0.0076335877862595426
HHS Region 6,Season peak percentage,Bin,percent,2.4,2.5,0.0076335877862595426
HHS Region 6,Season peak percentage,Bin,percent,2.5,2.6,0.0076335877862595426
HHS Region 6,Season peak percentage,Bin,percent,2.6,2.7,0.0076335877862595426
HHS Region 6,Season peak percentage,Bin,percent,2.7,2.8,0.0076335877862595426
HHS Region 6,Season peak percentage,Bin,percent,2.8,2.9,0.0076335877862595426
HHS Region 6,Season peak percentage,Bin,percent,2.9,3,0.0076335877862595426
HHS Region 6,Season peak percentage,Bin,percent,3,3.1,0.0076335877862595426
HHS Region 6,Season peak percentage,Bin,percent,3.1,3.2,0.0076335877862595426
HHS Region 6,Season peak percentage,Bin,percent,3.2,3.3,0.0076335877862595426
HHS Region 6,Season peak percentage,Bin,percent,3.3,3.4,0.0076335877862595426
HHS Region 6,Season peak percentage,Bin,percent,3.4,3.5,0.0076335877862595426
HHS Region 6,Season peak percentage,Bin,percent,3.5,3.6,0.0076335877862595426
HHS Region 6,Season peak percentage,Bin,percent,3.6,3.7,0.0076335877862595426
HHS Region 6,Season peak percentage,Bin,percent,3.7,3.8,0.0076335877862595426
HHS Region 6,Season peak percentage,Bin,percent,3.8,3.9,0.0076335877862595426
HHS Region 6,Season peak percentage,Bin,percent,3.9,4,0.0076335877862595426
HHS Region 6,Season peak percentage,Bin,percent,4,4.1,0.0076335877862595426
HHS Region 6,Season peak percentage,Bin,percent,4.1,4.2,0.0076335877862595426
HHS Region 6,Season peak percentage,Bin,percent,4.2,4.3,0.0076335877862595426
HHS Region 6,Season peak percentage,Bin,percent,4.3,4.4,0.0076335877862595426
HHS Region 6,Season peak percentage,Bin,percent,4.4,4.5,0.0076335877862595426
HHS Region 6,Season peak percentage,Bin,percent,4.5,4.6,0.0076335877862595426
HHS Region 6,Season peak percentage,Bin,percent,4.6,4.7,0.0076335877862595426
HHS Region 6,Season peak percentage,Bin,percent,4.7,4.8,0.0076335877862595426
HHS Region 6,Season peak percentage,Bin,percent,4.8,4.9,0.0076335877862595426
HHS Region 6,Season peak percentage,Bin,percent,4.9,5,0.0076335877862595426
HHS Region 6,Season peak percentage,Bin,percent,5,5.1,0.0076335877862595426
HHS Region 6,Season peak percentage,Bin,percent,5.1,5.2,0.0076335877862595426
HHS Region 6,Season peak percentage,Bin,percent,5.2,5.3,0.0076335877862595426
HHS Region 6,Season peak percentage,Bin,percent,5.3,5.4,0.0076335877862595426
HHS Region 6,Season peak percentage,Bin,percent,5.4,5.5,0.0076335877862595426
HHS Region 6,Season peak percentage,Bin,percent,5.5,5.6,0.0076335877862595426
HHS Region 6,Season peak percentage,Bin,percent,5.6,5.7,0.0076335877862595426
HHS Region 6,Season peak percentage,Bin,percent,5.7,5.8,0.0076335877862595426
HHS Region 6,Season peak percentage,Bin,percent,5.8,5.9,0.0076335877862595426
HHS Region 6,Season peak percentage,Bin,percent,5.9,6,0.0076335877862595426
HHS Region 6,Season peak percentage,Bin,percent,6,6.1,0.0076335877862595426
HHS Region 6,Season peak percentage,Bin,percent,6.1,6.2,0.0076335877862595426
HHS Region 6,Season peak percentage,Bin,percent,6.2,6.3,0.0076335877862595426
HHS Region 6,Season peak percentage,Bin,percent,6.3,6.4,0.0076335877862595426
HHS Region 6,Season peak percentage,Bin,percent,6.4,6.5,0.0076335877862595426
HHS Region 6,Season peak percentage,Bin,percent,6.5,6.6,0.0076335877862595426
HHS Region 6,Season peak percentage,Bin,percent,6.6,6.7,0.0076335877862595426
HHS Region 6,Season peak percentage,Bin,percent,6.7,6.8,0.0076335877862595426
HHS Region 6,Season peak percentage,Bin,percent,6.8,6.9,0.0076335877862595426
HHS Region 6,Season peak percentage,Bin,percent,6.9,7,0.0076335877862595426
HHS Region 6,Season peak percentage,Bin,percent,7,7.1,0.0076335877862595426
HHS Region 6,Season peak percentage,Bin,percent,7.1,7.2,0.0076335877862595426
HHS Region 6,Season peak percentage,Bin,percent,7.2,7.3,0.0076335877862595426
HHS Region 6,Season peak percentage,Bin,percent,7.3,7.4,0.0076335877862595426
HHS Region 6,Season peak percentage,Bin,percent,7.4,7.5,0.0076335877862595426
HHS Region 6,Season peak percentage,Bin,percent,7.5,7.6,0.0076335877862595426
HHS Region 6,Season peak percentage,Bin,percent,7.6,7.7,0.0076335877862595426
HHS Region 6,Season peak percentage,Bin,percent,7.7,7.8,0.0076335877862595426
HHS Region 6,Season peak percentage,Bin,percent,7.8,7.9,0.0076335877862595426
HHS Region 6,Season peak percentage,Bin,percent,7.9,8,0.0076335877862595426
HHS Region 6,Season peak percentage,Bin,percent,8,8.1,0.0076335877862595426
HHS Region 6,Season peak percentage,Bin,percent,8.1,8.2,0.0076335877862595426
HHS Region 6,Season peak percentage,Bin,percent,8.2,8.3,0.0076335877862595426
HHS Region 6,Season peak percentage,Bin,percent,8.3,8.4,0.0076335877862595426
HHS Region 6,Season peak percentage,Bin,percent,8.4,8.5,0.0076335877862595426
HHS Region 6,Season peak percentage,Bin,percent,8.5,8.6,0.0076335877862595426
HHS Region 6,Season peak percentage,Bin,percent,8.6,8.7,0.0076335877862595426
HHS Region 6,Season peak percentage,Bin,percent,8.7,8.8,0.0076335877862595426
HHS Region 6,Season peak percentage,Bin,percent,8.8,8.9,0.0076335877862595426
HHS Region 6,Season peak percentage,Bin,percent,8.9,9,0.0076335877862595426
HHS Region 6,Season peak percentage,Bin,percent,9,9.1,0.0076335877862595426
HHS Region 6,Season peak percentage,Bin,percent,9.1,9.2,0.0076335877862595426
HHS Region 6,Season peak percentage,Bin,percent,9.2,9.3,0.0076335877862595426
HHS Region 6,Season peak percentage,Bin,percent,9.3,9.4,0.0076335877862595426
HHS Region 6,Season peak percentage,Bin,percent,9.4,9.5,0.0076335877862595426
HHS Region 6,Season peak percentage,Bin,percent,9.5,9.6,0.0076335877862595426
HHS Region 6,Season peak percentage,Bin,percent,9.6,9.7,0.0076335877862595426
HHS Region 6,Season peak percentage,Bin,percent,9.7,9.8,0.0076335877862595426
HHS Region 6,Season peak percentage,Bin,percent,9.8,9.9,0.0076335877862595426
HHS Region 6,Season peak percentage,Bin,percent,9.9,10,0.0076335877862595426
HHS Region 6,Season peak percentage,Bin,percent,10,10.1,0.0076335877862595426
HHS Region 6,Season peak percentage,Bin,percent,10.1,10.2,0.0076335877862595426
HHS Region 6,Season peak percentage,Bin,percent,10.2,10.3,0.0076335877862595426
HHS Region 6,Season peak percentage,Bin,percent,10.3,10.4,0.0076335877862595426
HHS Region 6,Season peak percentage,Bin,percent,10.4,10.5,0.0076335877862595426
HHS Region 6,Season peak percentage,Bin,percent,10.5,10.6,0.0076335877862595426
HHS Region 6,Season peak percentage,Bin,percent,10.6,10.7,0.0076335877862595426
HHS Region 6,Season peak percentage,Bin,percent,10.7,10.8,0.0076335877862595426
HHS Region 6,Season peak percentage,Bin,percent,10.8,10.9,0.0076335877862595426
HHS Region 6,Season peak percentage,Bin,percent,10.9,11,0.0076335877862595426
HHS Region 6,Season peak percentage,Bin,percent,11,11.1,0.0076335877862595426
HHS Region 6,Season peak percentage,Bin,percent,11.1,11.2,0.0076335877862595426
HHS Region 6,Season peak percentage,Bin,percent,11.2,11.3,0.0076335877862595426
HHS Region 6,Season peak percentage,Bin,percent,11.3,11.4,0.0076335877862595426
HHS Region 6,Season peak percentage,Bin,percent,11.4,11.5,0.0076335877862595426
HHS Region 6,Season peak percentage,Bin,percent,11.5,11.6,0.0076335877862595426
HHS Region 6,Season peak percentage,Bin,percent,11.6,11.7,0.0076335877862595426
HHS Region 6,Season peak percentage,Bin,percent,11.7,11.8,0.0076335877862595426
HHS Region 6,Season peak percentage,Bin,percent,11.8,11.9,0.0076335877862595426
HHS Region 6,Season peak percentage,Bin,percent,11.9,12,0.0076335877862595426
HHS Region 6,Season peak percentage,Bin,percent,12,12.1,0.0076335877862595426
HHS Region 6,Season peak percentage,Bin,percent,12.1,12.2,0.0076335877862595426
HHS Region 6,Season peak percentage,Bin,percent,12.2,12.3,0.0076335877862595426
HHS Region 6,Season peak percentage,Bin,percent,12.3,12.4,0.0076335877862595426
HHS Region 6,Season peak percentage,Bin,percent,12.4,12.5,0.0076335877862595426
HHS Region 6,Season peak percentage,Bin,percent,12.5,12.6,0.0076335877862595426
HHS Region 6,Season peak percentage,Bin,percent,12.6,12.7,0.0076335877862595426
HHS Region 6,Season peak percentage,Bin,percent,12.7,12.8,0.0076335877862595426
HHS Region 6,Season peak percentage,Bin,percent,12.8,12.9,0.0076335877862595426
HHS Region 6,Season peak percentage,Bin,percent,12.9,13,0.0076335877862595426
HHS Region 6,Season peak percentage,Bin,percent,13,100,0.0076335877862595426
HHS Region 6,1 wk ahead,Point,percent,,,3.620382735896519
HHS Region 6,1 wk ahead,Bin,percent,0,0.1,1.0000332024639869e-05
HHS Region 6,1 wk ahead,Bin,percent,0.1,0.2,1.0000941959559512e-05
HHS Region 6,1 wk ahead,Bin,percent,0.2,0.3,1.0002595436171201e-05
HHS Region 6,1 wk ahead,Bin,percent,0.3,0.4,1.0006945517327587e-05
HHS Region 6,1 wk ahead,Bin,percent,0.4,0.5,1.0018051570702305e-05
HHS Region 6,1 wk ahead,Bin,percent,0.5,0.6,1.0045566067123364e-05
HHS Region 6,1 wk ahead,Bin,percent,0.6,0.7,1.0111707992138333e-05
HHS Region 6,1 wk ahead,Bin,percent,0.7,0.8,1.026597639618936e-05
HHS Region 6,1 wk ahead,Bin,percent,0.8,0.9,1.0615060872746604e-05
HHS Region 6,1 wk ahead,Bin,percent,0.9,1,1.1381367564694667e-05
HHS Region 6,1 wk ahead,Bin,percent,1,1.1,1.3013120913202786e-05
HHS Region 6,1 wk ahead,Bin,percent,1.1,1.2,1.6383222994921365e-05
HHS Region 6,1 wk ahead,Bin,percent,1.2,1.3,2.3133474181954143e-05
HHS Region 6,1 wk ahead,Bin,percent,1.3,1.4,3.624432360062743e-05
HHS Region 6,1 wk ahead,Bin,percent,1.4,1.5,6.093394263615326e-05
HHS Region 6,1 wk ahead,Bin,percent,1.5,1.6,0.00010600533268451297
HHS Region 6,1 wk ahead,Bin,percent,1.6,1.7,0.000185751714468946
HHS Region 6,1 wk ahead,Bin,percent,1.7,1.8,0.00032247835162617117
HHS Region 6,1 wk ahead,Bin,percent,1.8,1.9,0.0005495807543911202
HHS Region 6,1 wk ahead,Bin,percent,1.9,2,0.0009149177735746477
HHS Region 6,1 wk ahead,Bin,percent,2,2.1,0.0014839336602571495
HHS Region 6,1 wk ahead,Bin,percent,2.1,2.2,0.002341647568714684
HHS Region 6,1 wk ahead,Bin,percent,2.2,2.3,0.0035923171169464554
HHS Region 6,1 wk ahead,Bin,percent,2.3,2.4,0.0053554134342256865
HHS Region 6,1 wk ahead,Bin,percent,2.4,2.5,0.00775666409301076
HHS Region 6,1 wk ahead,Bin,percent,2.5,2.6,0.010913459127936008
HHS Region 6,1 wk ahead,Bin,percent,2.6,2.7,0.01491493294309765
HHS Region 6,1 wk ahead,Bin,percent,2.7,2.8,0.019798455762301492
HHS Region 6,1 wk ahead,Bin,percent,2.8,2.9,0.02552584372185391
HHS Region 6,1 wk ahead,Bin,percent,2.9,3,0.03196391782837587
HHS Region 6,1 wk ahead,Bin,percent,3,3.1,0.038874621800857184
HHS Region 6,1 wk ahead,Bin,percent,3.1,3.2,0.04591932727975159
HHS Region 6,1 wk ahead,Bin,percent,3.2,3.3,0.0526800297234086
HHS Region 6,1 wk ahead,Bin,percent,3.3,3.4,0.05869705941445605
HHS Region 6,1 wk ahead,Bin,percent,3.4,3.5,0.06351929419881415
HHS Region 6,1 wk ahead,Bin,percent,3.5,3.6,0.06675955499546943
HHS Region 6,1 wk ahead,Bin,percent,3.6,3.7,0.06814584000224964
HHS Region 6,1 wk ahead,Bin,percent,3.7,3.8,0.06755901265723706
HHS Region 6,1 wk ahead,Bin,percent,3.8,3.9,0.06504970276069996
HHS Region 6,1 wk ahead,Bin,percent,3.9,4,0.060831095942727995
HHS Region 6,1 wk ahead,Bin,percent,4,4.1,0.05524903543501287
HHS Region 6,1 wk ahead,Bin,percent,4.1,4.2,0.04873525075172745
HHS Region 6,1 wk ahead,Bin,percent,4.2,4.3,0.04175247833193578
HHS Region 6,1 wk ahead,Bin,percent,4.3,4.4,0.034741099270676014
HHS Region 6,1 wk ahead,Bin,percent,4.4,4.5,0.028075641900925475
HHS Region 6,1 wk ahead,Bin,percent,4.5,4.6,0.02203660588496017
HHS Region 6,1 wk ahead,Bin,percent,4.6,4.7,0.01679944476561181
HHS Region 6,1 wk ahead,Bin,percent,4.7,4.8,0.012439144533232416
HHS Region 6,1 wk ahead,Bin,percent,4.8,4.9,0.008946393701600221
HHS Region 6,1 wk ahead,Bin,percent,4.9,5,0.006250214246297625
HHS Region 6,1 wk ahead,Bin,percent,5,5.1,0.0042420701590782615
HHS Region 6,1 wk ahead,Bin,percent,5.1,5.2,0.002797548088920149
HHS Region 6,1 wk ahead,Bin,percent,5.2,5.3,0.0017932327396686016
HHS Region 6,1 wk ahead,Bin,percent,5.3,5.4,0.0011179236708259415
HHS Region 6,1 wk ahead,Bin,percent,5.4,5.5,0.0006785406274278662
HHS Region 6,1 wk ahead,Bin,percent,5.5,5.6,0.0004017977335296954
HHS Region 6,1 wk ahead,Bin,percent,5.6,5.7,0.00023300375989933168
HHS Region 6,1 wk ahead,Bin,percent,5.7,5.8,0.00013327601948437417
HHS Region 6,1 wk ahead,Bin,percent,5.8,5.9,7.618524357688612e-05
HHS Region 6,1 wk ahead,Bin,percent,5.9,6,4.451118656800375e-05
HHS Region 6,1 wk ahead,Bin,percent,6,6.1,2.747731697572761e-05
HHS Region 6,1 wk ahead,Bin,percent,6.1,6.2,1.8596185634372653e-05
HHS Region 6,1 wk ahead,Bin,percent,6.2,6.3,1.4106321599097415e-05
HHS Region 6,1 wk ahead,Bin,percent,6.3,6.4,1.1905093453905376e-05
HHS Region 6,1 wk ahead,Bin,percent,6.4,6.5,1.0858411962866654e-05
HHS Region 6,1 wk ahead,Bin,percent,6.5,6.6,1.037565691640934e-05
HHS Region 6,1 wk ahead,Bin,percent,6.6,6.7,1.0159662589451737e-05
HHS Region 6,1 wk ahead,Bin,percent,6.7,6.8,1.0065906932540508e-05
HHS Region 6,1 wk ahead,Bin,percent,6.8,6.9,1.0026422577531483e-05
HHS Region 6,1 wk ahead,Bin,percent,6.9,7,1.0010288105618558e-05
HHS Region 6,1 wk ahead,Bin,percent,7,7.1,1.0003890557144456e-05
HHS Region 6,1 wk ahead,Bin,percent,7.1,7.2,1.000142890821951e-05
HHS Region 6,1 wk ahead,Bin,percent,7.2,7.3,1.0000509698108094e-05
HHS Region 6,1 wk ahead,Bin,percent,7.3,7.4,1.0000176578514952e-05
HHS Region 6,1 wk ahead,Bin,percent,7.4,7.5,1.000005941263988e-05
HHS Region 6,1 wk ahead,Bin,percent,7.5,7.6,1.0000019414937235e-05
HHS Region 6,1 wk ahead,Bin,percent,7.6,7.7,1.0000006161823914e-05
HHS Region 6,1 wk ahead,Bin,percent,7.7,7.8,1.000000189932256e-05
HHS Region 6,1 wk ahead,Bin,percent,7.8,7.9,1.0000000568596684e-05
HHS Region 6,1 wk ahead,Bin,percent,7.9,8,1.0000000165320256e-05
HHS Region 6,1 wk ahead,Bin,percent,8,8.1,1.0000000046683561e-05
HHS Region 6,1 wk ahead,Bin,percent,8.1,8.2,1.0000000012803185e-05
HHS Region 6,1 wk ahead,Bin,percent,8.2,8.3,1.0000000003410267e-05
HHS Region 6,1 wk ahead,Bin,percent,8.3,8.4,1.0000000000882216e-05
HHS Region 6,1 wk ahead,Bin,percent,8.4,8.5,1.0000000000221657e-05
HHS Region 6,1 wk ahead,Bin,percent,8.5,8.6,1.0000000000054087e-05
HHS Region 6,1 wk ahead,Bin,percent,8.6,8.7,1.000000000001282e-05
HHS Region 6,1 wk ahead,Bin,percent,8.7,8.8,1.0000000000002952e-05
HHS Region 6,1 wk ahead,Bin,percent,8.8,8.9,1.0000000000000662e-05
HHS Region 6,1 wk ahead,Bin,percent,8.9,9,1.0000000000000143e-05
HHS Region 6,1 wk ahead,Bin,percent,9,9.1,1.0000000000000031e-05
HHS Region 6,1 wk ahead,Bin,percent,9.1,9.2,1.0000000000000008e-05
HHS Region 6,1 wk ahead,Bin,percent,9.2,9.3,1.0000000000000003e-05
HHS Region 6,1 wk ahead,Bin,percent,9.3,9.4,1e-05
HHS Region 6,1 wk ahead,Bin,percent,9.4,9.5,1e-05
HHS Region 6,1 wk ahead,Bin,percent,9.5,9.6,1e-05
HHS Region 6,1 wk ahead,Bin,percent,9.6,9.7,1e-05
HHS Region 6,1 wk ahead,Bin,percent,9.7,9.8,1e-05
HHS Region 6,1 wk ahead,Bin,percent,9.8,9.9,1e-05
HHS Region 6,1 wk ahead,Bin,percent,9.9,10,1e-05
HHS Region 6,1 wk ahead,Bin,percent,10,10.1,1e-05
HHS Region 6,1 wk ahead,Bin,percent,10.1,10.2,1e-05
HHS Region 6,1 wk ahead,Bin,percent,10.2,10.3,1e-05
HHS Region 6,1 wk ahead,Bin,percent,10.3,10.4,1e-05
HHS Region 6,1 wk ahead,Bin,percent,10.4,10.5,1e-05
HHS Region 6,1 wk ahead,Bin,percent,10.5,10.6,1e-05
HHS Region 6,1 wk ahead,Bin,percent,10.6,10.7,1e-05
HHS Region 6,1 wk ahead,Bin,percent,10.7,10.8,1e-05
HHS Region 6,1 wk ahead,Bin,percent,10.8,10.9,1e-05
HHS Region 6,1 wk ahead,Bin,percent,10.9,11,1e-05
HHS Region 6,1 wk ahead,Bin,percent,11,11.1,1e-05
HHS Region 6,1 wk ahead,Bin,percent,11.1,11.2,1e-05
HHS Region 6,1 wk ahead,Bin,percent,11.2,11.3,1e-05
HHS Region 6,1 wk ahead,Bin,percent,11.3,11.4,1e-05
HHS Region 6,1 wk ahead,Bin,percent,11.4,11.5,1e-05
HHS Region 6,1 wk ahead,Bin,percent,11.5,11.6,1e-05
HHS Region 6,1 wk ahead,Bin,percent,11.6,11.7,1e-05
HHS Region 6,1 wk ahead,Bin,percent,11.7,11.8,1e-05
HHS Region 6,1 wk ahead,Bin,percent,11.8,11.9,1e-05
HHS Region 6,1 wk ahead,Bin,percent,11.9,12,1e-05
HHS Region 6,1 wk ahead,Bin,percent,12,12.1,1e-05
HHS Region 6,1 wk ahead,Bin,percent,12.1,12.2,1e-05
HHS Region 6,1 wk ahead,Bin,percent,12.2,12.3,1e-05
HHS Region 6,1 wk ahead,Bin,percent,12.3,12.4,1e-05
HHS Region 6,1 wk ahead,Bin,percent,12.4,12.5,1e-05
HHS Region 6,1 wk ahead,Bin,percent,12.5,12.6,1e-05
HHS Region 6,1 wk ahead,Bin,percent,12.6,12.7,1e-05
HHS Region 6,1 wk ahead,Bin,percent,12.7,12.8,1e-05
HHS Region 6,1 wk ahead,Bin,percent,12.8,12.9,1e-05
HHS Region 6,1 wk ahead,Bin,percent,12.9,13,1e-05
HHS Region 6,1 wk ahead,Bin,percent,13,100,1e-05
HHS Region 6,2 wk ahead,Point,percent,,,4.572065355364573
HHS Region 6,2 wk ahead,Bin,percent,0,0.1,1.0003918123319476e-05
HHS Region 6,2 wk ahead,Bin,percent,0.1,0.2,1.0007952158174762e-05
HHS Region 6,2 wk ahead,Bin,percent,0.2,0.3,1.0015888905694743e-05
HHS Region 6,2 wk ahead,Bin,percent,0.3,0.4,1.0031253958651013e-05
HHS Region 6,2 wk ahead,Bin,percent,0.4,0.5,1.0060522679552153e-05
HHS Region 6,2 wk ahead,Bin,percent,0.5,0.6,1.0115380742714397e-05
HHS Region 6,2 wk ahead,Bin,percent,0.6,0.7,1.021654620712467e-05
HHS Region 6,2 wk ahead,Bin,percent,0.7,0.8,1.0400101243224901e-05
HHS Region 6,2 wk ahead,Bin,percent,0.8,0.9,1.0727765206667108e-05
HHS Region 6,2 wk ahead,Bin,percent,0.9,1,1.1303211024290605e-05
HHS Region 6,2 wk ahead,Bin,percent,1,1.1,1.229741932535905e-05
HHS Region 6,2 wk ahead,Bin,percent,1.1,1.2,1.3987198553829074e-05
HHS Region 6,2 wk ahead,Bin,percent,1.2,1.3,1.6812358972388166e-05
HHS Region 6,2 wk ahead,Bin,percent,1.3,1.4,2.1458539198286786e-05
HHS Region 6,2 wk ahead,Bin,percent,1.4,1.5,2.897418161494081e-05
HHS Region 6,2 wk ahead,Bin,percent,1.5,1.6,4.093135319329577e-05
HHS Region 6,2 wk ahead,Bin,percent,1.6,1.7,5.964058093467134e-05
HHS Region 6,2 wk ahead,Bin,percent,1.7,1.8,8.842903275743726e-05
HHS Region 6,2 wk ahead,Bin,percent,1.8,1.9,0.00013198851122713345
HHS Region 6,2 wk ahead,Bin,percent,1.9,2,0.0001967940642901493
HHS Region 6,2 wk ahead,Bin,percent,2,2.1,0.0002915848471853556
HHS Region 6,2 wk ahead,Bin,percent,2.1,2.2,0.0004278857462286583
HHS Region 6,2 wk ahead,Bin,percent,2.2,2.3,0.0006205312577641434
HHS Region 6,2 wk ahead,Bin,percent,2.3,2.4,0.0008881330399622515
HHS Region 6,2 wk ahead,Bin,percent,2.4,2.5,0.0012534112731458946
HHS Region 6,2 wk ahead,Bin,percent,2.5,2.6,0.0017432904793186815
HHS Region 6,2 wk ahead,Bin,percent,2.6,2.7,0.002388646863280099
HHS Region 6,2 wk ahead,Bin,percent,2.7,2.8,0.003223591417083306
HHS Region 6,2 wk ahead,Bin,percent,2.8,2.9,0.0042841859765252975
HHS Region 6,2 wk ahead,Bin,percent,2.9,3,0.0056065223149429615
HHS Region 6,2 wk ahead,Bin,percent,3,3.1,0.007224149414064698
HHS Region 6,2 wk ahead,Bin,percent,3.1,3.2,0.009164910319874412
HHS Region 6,2 wk ahead,Bin,percent,3.2,3.3,0.01144734244005702
HHS Region 6,2 wk ahead,Bin,percent,3.3,3.4,0.01407689425200475
HHS Region 6,2 wk ahead,Bin,percent,3.4,3.5,0.017042303586145887
HHS Region 6,2 wk ahead,Bin,percent,3.5,3.6,0.02031255167764778
HHS Region 6,2 wk ahead,Bin,percent,3.6,3.7,0.02383483645985696
HHS Region 6,2 wk ahead,Bin,percent,3.7,3.8,0.02753398422220536
HHS Region 6,2 wk ahead,Bin,percent,3.8,3.9,0.03131363280862185
HHS Region 6,2 wk ahead,Bin,percent,3.9,4,0.035059372696765595
HHS Region 6,2 wk ahead,Bin,percent,4,4.1,0.03864383554239573
HHS Region 6,2 wk ahead,Bin,percent,4.1,4.2,0.04193349417973497
HHS Region 6,2 wk ahead,Bin,percent,4.2,4.3,0.044796712669666526
HHS Region 6,2 wk ahead,Bin,percent,4.3,4.4,0.047112392715063366
HHS Region 6,2 wk ahead,Bin,percent,4.4,4.5,0.04877843509672903
HHS Region 6,2 wk ahead,Bin,percent,4.5,4.6,0.04971919605023239
HHS Region 6,2 wk ahead,Bin,percent,4.6,4.7,0.04989118096415275
HHS Region 6,2 wk ahead,Bin,percent,4.7,4.8,0.049286378592348405
HHS Region 6,2 wk ahead,Bin,percent,4.8,4.9,0.047932879789309296
HHS Region 6,2 wk ahead,Bin,percent,4.9,5,0.04589271421197533
HHS Region 6,2 wk ahead,Bin,percent,5,5.1,0.04325713702334085
HHS Region 6,2 wk ahead,Bin,percent,5.1,5.2,0.040139864390347516
HHS Region 6,2 wk ahead,Bin,percent,5.2,5.3,0.036668955809564564
HHS Region 6,2 wk ahead,Bin,percent,5.3,5.4,0.032978148449752595
HHS Region 6,2 wk ahead,Bin,percent,5.4,5.5,0.029198453964576043
HHS Region 6,2 wk ahead,Bin,percent,5.5,5.6,0.025450737428327225
HHS Region 6,2 wk ahead,Bin,percent,5.6,5.7,0.02183983070099068
HHS Region 6,2 wk ahead,Bin,percent,5.7,5.8,0.018450517642381176
HHS Region 6,2 wk ahead,Bin,percent,5.8,5.9,0.01534549916552421
HHS Region 6,2 wk ahead,Bin,percent,5.9,6,0.012565233494521664
HHS Region 6,2 wk ahead,Bin,percent,6,6.1,0.010129376149341012
HHS Region 6,2 wk ahead,Bin,percent,6.1,6.2,0.008039430686914371
HHS Region 6,2 wk ahead,Bin,percent,6.2,6.3,0.006282170216505929
HHS Region 6,2 wk ahead,Bin,percent,6.3,6.4,0.00483339675335356
HHS Region 6,2 wk ahead,Bin,percent,6.4,6.5,0.003661658920957826
HHS Region 6,2 wk ahead,Bin,percent,6.5,6.6,0.0027316325706805145
HHS Region 6,2 wk ahead,Bin,percent,6.6,6.7,0.0020069668231778768
HHS Region 6,2 wk ahead,Bin,percent,6.7,6.8,0.0014524948597154882
HHS Region 6,2 wk ahead,Bin,percent,6.8,6.9,0.0010357930851168764
HHS Region 6,2 wk ahead,Bin,percent,6.9,7,0.0007281370419665012
HHS Region 6,2 wk ahead,Bin,percent,7,7.1,0.0005049450192978911
HHS Region 6,2 wk ahead,Bin,percent,7.1,7.2,0.00034582162315802963
HHS Region 6,2 wk ahead,Bin,percent,7.2,7.3,0.0002343171213254136
HHS Region 6,2 wk ahead,Bin,percent,7.3,7.4,0.00015750891140754175
HHS Region 6,2 wk ahead,Bin,percent,7.4,7.5,0.00010549401675613506
HHS Region 6,2 wk ahead,Bin,percent,7.5,7.6,7.086058650076422e-05
HHS Region 6,2 wk ahead,Bin,percent,7.6,7.7,4.818547290845654e-05
HHS Region 6,2 wk ahead,Bin,percent,7.7,7.8,3.358643382026013e-05
HHS Region 6,2 wk ahead,Bin,percent,7.8,7.9,2.434261891268885e-05
HHS Region 6,2 wk ahead,Bin,percent,7.9,8,1.8586115074018868e-05
HHS Region 6,2 wk ahead,Bin,percent,8,8.1,1.5060192267675427e-05
HHS Region 6,2 wk ahead,Bin,percent,8.1,8.2,1.293588743994878e-05
HHS Region 6,2 wk ahead,Bin,percent,8.2,8.3,1.1676925820115433e-05
HHS Region 6,2 wk ahead,Bin,percent,8.3,8.4,1.0942953704228191e-05
HHS Region 6,2 wk ahead,Bin,percent,8.4,8.5,1.0521998143566592e-05
HHS Region 6,2 wk ahead,Bin,percent,8.5,8.6,1.028447860816705e-05
HHS Region 6,2 wk ahead,Bin,percent,8.6,8.7,1.0152627341235953e-05
HHS Region 6,2 wk ahead,Bin,percent,8.7,8.8,1.0080615236372153e-05
HHS Region 6,2 wk ahead,Bin,percent,8.8,8.9,1.0041918331994393e-05
HHS Region 6,2 wk ahead,Bin,percent,8.9,9,1.0021458181907897e-05
HHS Region 6,2 wk ahead,Bin,percent,9,9.1,1.0010813939130807e-05
HHS Region 6,2 wk ahead,Bin,percent,9.1,9.2,1.0005365089697252e-05
HHS Region 6,2 wk ahead,Bin,percent,9.2,9.3,1.00026204273409e-05
HHS Region 6,2 wk ahead,Bin,percent,9.3,9.4,1.0001259996461384e-05
HHS Region 6,2 wk ahead,Bin,percent,9.4,9.5,1.0000596442520987e-05
HHS Region 6,2 wk ahead,Bin,percent,9.5,9.6,1.0000277952085756e-05
HHS Region 6,2 wk ahead,Bin,percent,9.6,9.7,1.0000127518544173e-05
HHS Region 6,2 wk ahead,Bin,percent,9.7,9.8,1.0000057594209644e-05
HHS Region 6,2 wk ahead,Bin,percent,9.8,9.9,1.0000025608631353e-05
HHS Region 6,2 wk ahead,Bin,percent,9.9,10,1.0000011209751422e-05
HHS Region 6,2 wk ahead,Bin,percent,10,10.1,1.0000004830673273e-05
HHS Region 6,2 wk ahead,Bin,percent,10.1,10.2,1.000000204937491e-05
HHS Region 6,2 wk ahead,Bin,percent,10.2,10.3,1.0000000855928005e-05
HHS Region 6,2 wk ahead,Bin,percent,10.3,10.4,1.0000000351929056e-05
HHS Region 6,2 wk ahead,Bin,percent,10.4,10.5,1.0000000142454139e-05
HHS Region 6,2 wk ahead,Bin,percent,10.5,10.6,1.0000000056767153e-05
HHS Region 6,2 wk ahead,Bin,percent,10.6,10.7,1.000000002227005e-05
HHS Region 6,2 wk ahead,Bin,percent,10.7,10.8,1.000000000860097e-05
HHS Region 6,2 wk ahead,Bin,percent,10.8,10.9,1.000000000327021e-05
HHS Region 6,2 wk ahead,Bin,percent,10.9,11,1.000000000122407e-05
HHS Region 6,2 wk ahead,Bin,percent,11,11.1,1.0000000000451063e-05
HHS Region 6,2 wk ahead,Bin,percent,11.1,11.2,1.0000000000163634e-05
HHS Region 6,2 wk ahead,Bin,percent,11.2,11.3,1.000000000005844e-05
HHS Region 6,2 wk ahead,Bin,percent,11.3,11.4,1.0000000000020548e-05
HHS Region 6,2 wk ahead,Bin,percent,11.4,11.5,1.0000000000007113e-05
HHS Region 6,2 wk ahead,Bin,percent,11.5,11.6,1.0000000000002423e-05
HHS Region 6,2 wk ahead,Bin,percent,11.6,11.7,1.0000000000000814e-05
HHS Region 6,2 wk ahead,Bin,percent,11.7,11.8,1.0000000000000267e-05
HHS Region 6,2 wk ahead,Bin,percent,11.8,11.9,1.0000000000000087e-05
HHS Region 6,2 wk ahead,Bin,percent,11.9,12,1.0000000000000028e-05
HHS Region 6,2 wk ahead,Bin,percent,12,12.1,1.0000000000000013e-05
HHS Region 6,2 wk ahead,Bin,percent,12.1,12.2,1.0000000000000003e-05
HHS Region 6,2 wk ahead,Bin,percent,12.2,12.3,1e-05
HHS Region 6,2 wk ahead,Bin,percent,12.3,12.4,1e-05
HHS Region 6,2 wk ahead,Bin,percent,12.4,12.5,1e-05
HHS Region 6,2 wk ahead,Bin,percent,12.5,12.6,1e-05
HHS Region 6,2 wk ahead,Bin,percent,12.6,12.7,1e-05
HHS Region 6,2 wk ahead,Bin,percent,12.7,12.8,1e-05
HHS Region 6,2 wk ahead,Bin,percent,12.8,12.9,1e-05
HHS Region 6,2 wk ahead,Bin,percent,12.9,13,1e-05
HHS Region 6,2 wk ahead,Bin,percent,13,100,1e-05
HHS Region 6,3 wk ahead,Point,percent,,,5.597038263426716
HHS Region 6,3 wk ahead,Bin,percent,0,0.1,1.0004111582463127e-05
HHS Region 6,3 wk ahead,Bin,percent,0.1,0.2,1.0007272018631081e-05
HHS Region 6,3 wk ahead,Bin,percent,0.2,0.3,1.0012730236987794e-05
HHS Region 6,3 wk ahead,Bin,percent,0.3,0.4,1.0022057359532539e-05
HHS Region 6,3 wk ahead,Bin,percent,0.4,0.5,1.0037827364445004e-05
HHS Region 6,3 wk ahead,Bin,percent,0.5,0.6,1.0064208743744233e-05
HHS Region 6,3 wk ahead,Bin,percent,0.6,0.7,1.0107874250206188e-05
HHS Region 6,3 wk ahead,Bin,percent,0.7,0.8,1.0179381204199263e-05
HHS Region 6,3 wk ahead,Bin,percent,0.8,0.9,1.0295237560404596e-05
HHS Region 6,3 wk ahead,Bin,percent,0.9,1,1.0480952081636977e-05
HHS Region 6,3 wk ahead,Bin,percent,1,1.1,1.0775474528457004e-05
HHS Region 6,3 wk ahead,Bin,percent,1.1,1.2,1.1237567209601083e-05
HHS Region 6,3 wk ahead,Bin,percent,1.2,1.3,1.1954814618751621e-05
HHS Region 6,3 wk ahead,Bin,percent,1.3,1.4,1.3056172688651124e-05
HHS Region 6,3 wk ahead,Bin,percent,1.4,1.5,1.4729178760126209e-05
HHS Region 6,3 wk ahead,Bin,percent,1.5,1.6,1.7243177003482706e-05
HHS Region 6,3 wk ahead,Bin,percent,1.6,1.7,2.0980142946365586e-05
HHS Region 6,3 wk ahead,Bin,percent,1.7,1.8,2.647488598372694e-05
HHS Region 6,3 wk ahead,Bin,percent,1.8,1.9,3.4466529430147216e-05
HHS Region 6,3 wk ahead,Bin,percent,1.9,2,4.596316027583879e-05
HHS Region 6,3 wk ahead,Bin,percent,2,2.1,6.232133970729157e-05
HHS Region 6,3 wk ahead,Bin,percent,2.1,2.2,8.534169574192113e-05
HHS Region 6,3 wk ahead,Bin,percent,2.2,2.3,0.00011738100238571926
HHS Region 6,3 wk ahead,Bin,percent,2.3,2.4,0.00016147991212354612
HHS Region 6,3 wk ahead,Bin,percent,2.4,2.5,0.0002215037944402605
HHS Region 6,3 wk ahead,Bin,percent,2.5,2.6,0.0003022919197276681
HHS Region 6,3 wk ahead,Bin,percent,2.6,2.7,0.00040980754347206
HHS Region 6,3 wk ahead,Bin,percent,2.7,2.8,0.0005512783869903163
HHS Region 6,3 wk ahead,Bin,percent,2.8,2.9,0.0007353137595820091
HHS Region 6,3 wk ahead,Bin,percent,2.9,3,0.0009719813984152918
HHS Region 6,3 wk ahead,Bin,percent,3,3.1,0.0012728243867592324
HHS Region 6,3 wk ahead,Bin,percent,3.1,3.2,0.0016507966994338333
HHS Region 6,3 wk ahead,Bin,percent,3.2,3.3,0.0021200955192729573
HHS Region 6,3 wk ahead,Bin,percent,3.3,3.4,0.002695869977132617
HHS Region 6,3 wk ahead,Bin,percent,3.4,3.5,0.003393789838523229
HHS Region 6,3 wk ahead,Bin,percent,3.5,3.6,0.004229464205278296
HHS Region 6,3 wk ahead,Bin,percent,3.6,3.7,0.005217709618153153
HHS Region 6,3 wk ahead,Bin,percent,3.7,3.8,0.0063716788428928115
HHS Region 6,3 wk ahead,Bin,percent,3.8,3.9,0.00770187555875658
HHS Region 6,3 wk ahead,Bin,percent,3.9,4,0.009215095235095791
HHS Region 6,3 wk ahead,Bin,percent,4,4.1,0.010913347418621171
HHS Region 6,3 wk ahead,Bin,percent,4.1,4.2,0.01279282792403115
HHS Region 6,3 wk ahead,Bin,percent,4.2,4.3,0.014843019334979085
HHS Region 6,3 wk ahead,Bin,percent,4.3,4.4,0.017046003115251025
HHS Region 6,3 wk ahead,Bin,percent,4.4,4.5,0.01937606506616891
HHS Region 6,3 wk ahead,Bin,percent,4.5,4.6,0.021799666857820886
HHS Region 6,3 wk ahead,Bin,percent,4.6,4.7,0.024275839566470152
HHS Region 6,3 wk ahead,Bin,percent,4.7,4.8,0.02675703101893885
HHS Region 6,3 wk ahead,Bin,percent,4.8,4.9,0.029190408587794908
HHS Region 6,3 wk ahead,Bin,percent,4.9,5,0.03151958503610775
HHS Region 6,3 wk ahead,Bin,percent,5,5.1,0.033686699896240936
HHS Region 6,3 wk ahead,Bin,percent,5.1,5.2,0.0356347559338647
HHS Region 6,3 wk ahead,Bin,percent,5.2,5.3,0.0373100828445038
HHS Region 6,3 wk ahead,Bin,percent,5.3,5.4,0.0386647815226725
HHS Region 6,3 wk ahead,Bin,percent,5.4,5.5,0.039658994440884436
HHS Region 6,3 wk ahead,Bin,percent,5.5,5.6,0.04026285230097172
HHS Region 6,3 wk ahead,Bin,percent,5.6,5.7,0.040457964387686174
HHS Region 6,3 wk ahead,Bin,percent,5.7,5.8,0.04023834888287598
HHS Region 6,3 wk ahead,Bin,percent,5.8,5.9,0.03961073747884531
HHS Region 6,3 wk ahead,Bin,percent,5.9,6,0.03859423264808382
HHS Region 6,3 wk ahead,Bin,percent,6,6.1,0.037219341915496175
HHS Region 6,3 wk ahead,Bin,percent,6.1,6.2,0.03552645725217382
HHS Region 6,3 wk ahead,Bin,percent,6.2,6.3,0.03356388532592803
HHS Region 6,3 wk ahead,Bin,percent,6.3,6.4,0.03138556254035446
HHS Region 6,3 wk ahead,Bin,percent,6.4,6.5,0.029048605330270767
HHS Region 6,3 wk ahead,Bin,percent,6.5,6.6,0.02661085005176992
HHS Region 6,3 wk ahead,Bin,percent,6.6,6.7,0.024128528299862256
HHS Region 6,3 wk ahead,Bin,percent,6.7,6.8,0.0216542040949159
HHS Region 6,3 wk ahead,Bin,percent,6.8,6.9,0.019235071557619787
HHS Region 6,3 wk ahead,Bin,percent,6.9,7,0.0169116785356226
HHS Region 6,3 wk ahead,Bin,percent,7,7.1,0.014717106506265096
HHS Region 6,3 wk ahead,Bin,percent,7.1,7.2,0.01267660319223192
HHS Region 6,3 wk ahead,Bin,percent,7.2,7.3,0.010807634475000593
HHS Region 6,3 wk ahead,Bin,percent,7.3,7.4,0.009120298465966266
HHS Region 6,3 wk ahead,Bin,percent,7.4,7.5,0.007618028256871139
HHS Region 6,3 wk ahead,Bin,percent,7.5,7.6,0.006298501320452611
HHS Region 6,3 wk ahead,Bin,percent,7.6,7.7,0.005154672383768618
HHS Region 6,3 wk ahead,Bin,percent,7.7,7.8,0.004175851830297955
HHS Region 6,3 wk ahead,Bin,percent,7.8,7.9,0.0033487618475763
HHS Region 6,3 wk ahead,Bin,percent,7.9,8,0.002658515952221429
HHS Region 6,3 wk ahead,Bin,percent,8,8.1,0.002089482509521479
HHS Region 6,3 wk ahead,Bin,percent,8.1,8.2,0.001626007896317348
HHS Region 6,3 wk ahead,Bin,percent,8.2,8.3,0.0012529887932346312
HHS Region 6,3 wk ahead,Bin,percent,8.3,8.4,0.0009562948476201656
HHS Region 6,3 wk ahead,Bin,percent,8.4,8.5,0.0007230521040156541
HHS Region 6,3 wk ahead,Bin,percent,8.5,8.6,0.0005418039806803785
HHS Region 6,3 wk ahead,Bin,percent,8.6,8.7,0.00040257029088695736
HHS Region 6,3 wk ahead,Bin,percent,8.7,8.8,0.0002968261896786358
HHS Region 6,3 wk ahead,Bin,percent,8.8,8.9,0.00021742242401652737
HHS Region 6,3 wk ahead,Bin,percent,8.9,9,0.0001584663852680212
HHS Region 6,3 wk ahead,Bin,percent,9,9.1,0.00011518070858005707
HHS Region 6,3 wk ahead,Bin,percent,9.1,9.2,8.375298080935541e-05
HHS Region 6,3 wk ahead,Bin,percent,9.2,9.3,6.118687197070653e-05
HHS Region 6,3 wk ahead,Bin,percent,9.3,9.4,4.516196453968921e-05
HHS Region 6,3 wk ahead,Bin,percent,9.4,9.5,3.390689645053382e-05
HHS Region 6,3 wk ahead,Bin,percent,9.5,9.6,2.608824966283162e-05
HHS Region 6,3 wk ahead,Bin,percent,9.6,9.7,2.0715931326093564e-05
HHS Region 6,3 wk ahead,Bin,percent,9.7,9.8,1.7064583687262617e-05
HHS Region 6,3 wk ahead,Bin,percent,9.8,9.9,1.4609764663279636e-05
HHS Region 6,3 wk ahead,Bin,percent,9.9,10,1.2977189389953093e-05
HHS Region 6,3 wk ahead,Bin,percent,10,10.1,1.1903135448225921e-05
HHS Region 6,3 wk ahead,Bin,percent,10.1,10.2,1.1204116374945784e-05
HHS Region 6,3 wk ahead,Bin,percent,10.2,10.3,1.0754054531503391e-05
HHS Region 6,3 wk ahead,Bin,percent,10.3,10.4,1.0467382636156057e-05
HHS Region 6,3 wk ahead,Bin,percent,10.4,10.5,1.028673316017263e-05
HHS Region 6,3 wk ahead,Bin,percent,10.5,10.6,1.0174108027974015e-05
HHS Region 6,3 wk ahead,Bin,percent,10.6,10.7,1.0104639390108027e-05
HHS Region 6,3 wk ahead,Bin,percent,10.7,10.8,1.0062245381164884e-05
HHS Region 6,3 wk ahead,Bin,percent,10.8,10.9,1.0036648363772763e-05
HHS Region 6,3 wk ahead,Bin,percent,10.9,11,1.0021356868635687e-05
HHS Region 6,3 wk ahead,Bin,percent,11,11.1,1.0012318450734444e-05
HHS Region 6,3 wk ahead,Bin,percent,11.1,11.2,1.0007032506357209e-05
HHS Region 6,3 wk ahead,Bin,percent,11.2,11.3,1.000397374234001e-05
HHS Region 6,3 wk ahead,Bin,percent,11.3,11.4,1.0002222413169567e-05
HHS Region 6,3 wk ahead,Bin,percent,11.4,11.5,1.000123022749193e-05
HHS Region 6,3 wk ahead,Bin,percent,11.5,11.6,1.0000674033655268e-05
HHS Region 6,3 wk ahead,Bin,percent,11.6,11.7,1.0000365521783116e-05
HHS Region 6,3 wk ahead,Bin,percent,11.7,11.8,1.0000196191629043e-05
HHS Region 6,3 wk ahead,Bin,percent,11.8,11.9,1.0000104227713563e-05
HHS Region 6,3 wk ahead,Bin,percent,11.9,12,1.0000054805163299e-05
HHS Region 6,3 wk ahead,Bin,percent,12,12.1,1.0000028523004428e-05
HHS Region 6,3 wk ahead,Bin,percent,12.1,12.2,1.0000014692800791e-05
HHS Region 6,3 wk ahead,Bin,percent,12.2,12.3,1.0000007491166318e-05
HHS Region 6,3 wk ahead,Bin,percent,12.3,12.4,1.00000037803309e-05
HHS Region 6,3 wk ahead,Bin,percent,12.4,12.5,1.0000001888190119e-05
HHS Region 6,3 wk ahead,Bin,percent,12.5,12.6,1.0000000933463097e-05
HHS Region 6,3 wk ahead,Bin,percent,12.6,12.7,1.0000000456755846e-05
HHS Region 6,3 wk ahead,Bin,percent,12.7,12.8,1.000000022121094e-05
HHS Region 6,3 wk ahead,Bin,percent,12.8,12.9,1.0000000106038756e-05
HHS Region 6,3 wk ahead,Bin,percent,12.9,13,1.0000000050310446e-05
HHS Region 6,3 wk ahead,Bin,percent,13,100,1.000000002362584e-05
HHS Region 6,4 wk ahead,Point,percent,,,5.77218900998906
HHS Region 6,4 wk ahead,Bin,percent,0,0.1,1.0001262762669953e-05
HHS Region 6,4 wk ahead,Bin,percent,0.1,0.2,1.0002286646902907e-05
HHS Region 6,4 wk ahead,Bin,percent,0.2,0.3,1.0004097980230674e-05
HHS Region 6,4 wk ahead,Bin,percent,0.3,0.4,1.0007268319162556e-05
HHS Region 6,4 wk ahead,Bin,percent,0.4,0.5,1.0012758261491522e-05
HHS Region 6,4 wk ahead,Bin,percent,0.5,0.6,1.0022163706360637e-05
HHS Region 6,4 wk ahead,Bin,percent,0.6,0.7,1.003810541144045e-05
HHS Region 6,4 wk ahead,Bin,percent,0.7,0.8,1.0064837207500568e-05
HHS Region 6,4 wk ahead,Bin,percent,0.8,0.9,1.0109183076458501e-05
HHS Region 6,4 wk ahead,Bin,percent,0.9,1,1.0181961593640344e-05
HHS Region 6,4 wk ahead,Bin,percent,1,1.1,1.030012178116927e-05
HHS Region 6,4 wk ahead,Bin,percent,1.1,1.2,1.048990139678456e-05
HHS Region 6,4 wk ahead,Bin,percent,1.2,1.3,1.0791431294759947e-05
HHS Region 6,4 wk ahead,Bin,percent,1.3,1.4,1.126535136975544e-05
HHS Region 6,4 wk ahead,Bin,percent,1.4,1.5,1.2002176865545235e-05
HHS Region 6,4 wk ahead,Bin,percent,1.5,1.6,1.3135357862219196e-05
HHS Region 6,4 wk ahead,Bin,percent,1.6,1.7,1.4859204476741675e-05
HHS Region 6,4 wk ahead,Bin,percent,1.7,1.8,1.745309421193417e-05
HHS Region 6,4 wk ahead,Bin,percent,1.8,1.9,2.1313615798410362e-05
HHS Region 6,4 wk ahead,Bin,percent,1.9,2,2.6996504776719918e-05
HHS Region 6,4 wk ahead,Bin,percent,2,2.1,3.527034632881996e-05
HHS Region 6,4 wk ahead,Bin,percent,2.1,2.2,4.71840034109956e-05
HHS Region 6,4 wk ahead,Bin,percent,2.2,2.3,6.414950331992701e-05
HHS Region 6,4 wk ahead,Bin,percent,2.3,2.4,8.804160413765003e-05
HHS Region 6,4 wk ahead,Bin,percent,2.4,2.5,0.00012131438133166963
HHS Region 6,4 wk ahead,Bin,percent,2.5,2.6,0.00016713384770013868
HHS Region 6,4 wk ahead,Bin,percent,2.6,2.7,0.00022952379012627656
HHS Region 6,4 wk ahead,Bin,percent,2.7,2.8,0.0003135196539804477
HHS Region 6,4 wk ahead,Bin,percent,2.8,2.9,0.0004253224656002759
HHS Region 6,4 wk ahead,Bin,percent,2.9,3,0.0005724415646133997
HHS Region 6,4 wk ahead,Bin,percent,3,3.1,0.0007638115210508303
HHS Region 6,4 wk ahead,Bin,percent,3.1,3.2,0.001009865337515728
HHS Region 6,4 wk ahead,Bin,percent,3.2,3.3,0.0013225432834711233
HHS Region 6,4 wk ahead,Bin,percent,3.3,3.4,0.0017152149596346654
HHS Region 6,4 wk ahead,Bin,percent,3.4,3.5,0.002202491978046725
HHS Region 6,4 wk ahead,Bin,percent,3.5,3.6,0.0027999104978258123
HHS Region 6,4 wk ahead,Bin,percent,3.6,3.7,0.003523467236428125
HHS Region 6,4 wk ahead,Bin,percent,3.7,3.8,0.0043889997864183855
HHS Region 6,4 wk ahead,Bin,percent,3.8,3.9,0.005411412174401407
HHS Region 6,4 wk ahead,Bin,percent,3.9,4,0.006603759351399526
HHS Region 6,4 wk ahead,Bin,percent,4,4.1,0.007976219079949061
HHS Region 6,4 wk ahead,Bin,percent,4.1,4.2,0.009534995468284364
HHS Region 6,4 wk ahead,Bin,percent,4.2,4.3,0.0112812138195412
HHS Region 6,4 wk ahead,Bin,percent,4.3,4.4,0.013209879860583413
HHS Region 6,4 wk ahead,Bin,percent,4.4,4.5,0.015308986003694718
HHS Region 6,4 wk ahead,Bin,percent,4.5,4.6,0.0175588513462008
HHS Region 6,4 wk ahead,Bin,percent,4.6,4.7,0.01993177918156052
HHS Region 6,4 wk ahead,Bin,percent,4.7,4.8,0.022392104945845464
HHS Region 6,4 wk ahead,Bin,percent,4.8,4.9,0.024896688536174588
HHS Region 6,4 wk ahead,Bin,percent,4.9,5,0.02739587845140152
HHS Region 6,4 wk ahead,Bin,percent,5,5.1,0.02983494277070163
HHS Region 6,4 wk ahead,Bin,percent,5.1,5.2,0.032155926006918086
HHS Region 6,4 wk ahead,Bin,percent,5.2,5.3,0.03429985442991596
HHS Region 6,4 wk ahead,Bin,percent,5.3,5.4,0.036209179023496116
HHS Region 6,4 wk ahead,Bin,percent,5.4,5.5,0.03783031831419442
HHS Region 6,4 wk ahead,Bin,percent,5.5,5.6,0.03911614600478449
HHS Region 6,4 wk ahead,Bin,percent,5.6,5.7,0.040028262995183896
HHS Region 6,4 wk ahead,Bin,percent,5.7,5.8,0.040538901210564485
HHS Region 6,4 wk ahead,Bin,percent,5.8,5.9,0.04063232759993883
HHS Region 6,4 wk ahead,Bin,percent,5.9,6,0.04030564926878067
HHS Region 6,4 wk ahead,Bin,percent,6,6.1,0.0395689622600738
HHS Region 6,4 wk ahead,Bin,percent,6.1,6.2,0.0384448333080737
HHS Region 6,4 wk ahead,Bin,percent,6.2,6.3,0.036967151680478406
HHS Region 6,4 wk ahead,Bin,percent,6.3,6.4,0.03517943261019196
HHS Region 6,4 wk ahead,Bin,percent,6.4,6.5,0.03313269079067393
HHS Region 6,4 wk ahead,Bin,percent,6.5,6.6,0.030883028783438744
HHS Region 6,4 wk ahead,Bin,percent,6.6,6.7,0.028489098931577195
HHS Region 6,4 wk ahead,Bin,percent,6.7,6.8,0.026009597797990086
HHS Region 6,4 wk ahead,Bin,percent,6.8,6.9,0.023500939917952563
HHS Region 6,4 wk ahead,Bin,percent,6.9,7,0.02101523465278833
HHS Region 6,4 wk ahead,Bin,percent,7,7.1,0.01859865896887216
HHS Region 6,4 wk ahead,Bin,percent,7.1,7.2,0.016290283421113074
HHS Region 6,4 wk ahead,Bin,percent,7.2,7.3,0.014121372024651784
HHS Region 6,4 wk ahead,Bin,percent,7.3,7.4,0.012115142348687285
HHS Region 6,4 wk ahead,Bin,percent,7.4,7.5,0.010286942795548438
HHS Region 6,4 wk ahead,Bin,percent,7.5,7.6,0.008644781579954658
HHS Region 6,4 wk ahead,Bin,percent,7.6,7.7,0.007190127440967854
HHS Region 6,4 wk ahead,Bin,percent,7.7,7.8,0.005918895750790687
HHS Region 6,4 wk ahead,Bin,percent,7.8,7.9,0.004822534790619628
HHS Region 6,4 wk ahead,Bin,percent,7.9,8,0.003889134297252397
HHS Region 6,4 wk ahead,Bin,percent,8,8.1,0.0031044903128983233
HHS Region 6,4 wk ahead,Bin,percent,8.1,8.2,0.002453075107295157
HHS Region 6,4 wk ahead,Bin,percent,8.2,8.3,0.001918876752210981
HHS Region 6,4 wk ahead,Bin,percent,8.3,8.4,0.0014860883002116721
HHS Region 6,4 wk ahead,Bin,percent,8.4,8.5,0.0011396402702892106
HHS Region 6,4 wk ahead,Bin,percent,8.5,8.6,0.0008655814759014141
HHS Region 6,4 wk ahead,Bin,percent,8.6,8.7,0.0006513217355842658
HHS Region 6,4 wk ahead,Bin,percent,8.7,8.8,0.0004857556167679405
HHS Region 6,4 wk ahead,Bin,percent,8.8,8.9,0.00035928928912583487
HHS Region 6,4 wk ahead,Bin,percent,8.9,9,0.000263793205646124
HHS Region 6,4 wk ahead,Bin,percent,9,9.1,0.00019250219547352405
HHS Region 6,4 wk ahead,Bin,percent,9.1,9.2,0.0001398821814639295
HHS Region 6,4 wk ahead,Bin,percent,9.2,9.3,0.00010147963734703915
HHS Region 6,4 wk ahead,Bin,percent,9.3,9.4,7.376651365717479e-05
HHS Region 6,4 wk ahead,Bin,percent,9.4,9.5,5.399003334047665e-05
HHS Region 6,4 wk ahead,Bin,percent,9.5,9.6,4.0033731096377585e-05
HHS Region 6,4 wk ahead,Bin,percent,9.6,9.7,3.0293533087466524e-05
HHS Region 6,4 wk ahead,Bin,percent,9.7,9.8,2.3570611535171728e-05
HHS Region 6,4 wk ahead,Bin,percent,9.8,9.9,1.8981203825054403e-05
HHS Region 6,4 wk ahead,Bin,percent,9.9,10,1.588251530090532e-05
HHS Region 6,4 wk ahead,Bin,percent,10,10.1,1.3813159373713318e-05
HHS Region 6,4 wk ahead,Bin,percent,10.1,10.2,1.2446246560851935e-05
HHS Region 6,4 wk ahead,Bin,percent,10.2,10.3,1.15531338241695e-05
HHS Region 6,4 wk ahead,Bin,percent,10.3,10.4,1.0975912558260307e-05
HHS Region 6,4 wk ahead,Bin,percent,10.4,10.5,1.0606884875549177e-05
HHS Region 6,4 wk ahead,Bin,percent,10.5,10.6,1.0373503865746066e-05
HHS Region 6,4 wk ahead,Bin,percent,10.6,10.7,1.0227497834365216e-05
HHS Region 6,4 wk ahead,Bin,percent,10.7,10.8,1.0137136421150084e-05
HHS Region 6,4 wk ahead,Bin,percent,10.8,10.9,1.0081812890186342e-05
HHS Region 6,4 wk ahead,Bin,percent,10.9,11,1.0048304104787702e-05
HHS Region 6,4 wk ahead,Bin,percent,11,11.1,1.0028225374922329e-05
HHS Region 6,4 wk ahead,Bin,percent,11.1,11.2,1.0016322579030851e-05
HHS Region 6,4 wk ahead,Bin,percent,11.2,11.3,1.0009341814077907e-05
HHS Region 6,4 wk ahead,Bin,percent,11.3,11.4,1.000529135668931e-05
HHS Region 6,4 wk ahead,Bin,percent,11.4,11.5,1.0002966171350067e-05
HHS Region 6,4 wk ahead,Bin,percent,11.5,11.6,1.000164557928734e-05
HHS Region 6,4 wk ahead,Bin,percent,11.6,11.7,1.000090351375342e-05
HHS Region 6,4 wk ahead,Bin,percent,11.7,11.8,1.0000490957730083e-05
HHS Region 6,4 wk ahead,Bin,percent,11.8,11.9,1.0000264026072734e-05
HHS Region 6,4 wk ahead,Bin,percent,11.9,12,1.0000140521542472e-05
HHS Region 6,4 wk ahead,Bin,percent,12,12.1,1.000007401715358e-05
HHS Region 6,4 wk ahead,Bin,percent,12.1,12.2,1.0000038584709086e-05
HHS Region 6,4 wk ahead,Bin,percent,12.2,12.3,1.0000019906341928e-05
HHS Region 6,4 wk ahead,Bin,percent,12.3,12.4,1.000001016391602e-05
HHS Region 6,4 wk ahead,Bin,percent,12.4,12.5,1.000000513598865e-05
HHS Region 6,4 wk ahead,Bin,percent,12.5,12.6,1.0000002568505037e-05
HHS Region 6,4 wk ahead,Bin,percent,12.6,12.7,1.0000001271247663e-05
HHS Region 6,4 wk ahead,Bin,percent,12.7,12.8,1.0000000622692008e-05
HHS Region 6,4 wk ahead,Bin,percent,12.8,12.9,1.000000030186294e-05
HHS Region 6,4 wk ahead,Bin,percent,12.9,13,1.0000000144823714e-05
HHS Region 6,4 wk ahead,Bin,percent,13,100,1.0000000068764287e-05
HHS Region 7,Season onset,Point,week,,,4.500000000000006
HHS Region 7,Season onset,Bin,week,40,41,0.029411764705882363
HHS Region 7,Season onset,Bin,week,41,42,0.029411764705882363
HHS Region 7,Season onset,Bin,week,42,43,0.029411764705882363
HHS Region 7,Season onset,Bin,week,43,44,0.029411764705882363
HHS Region 7,Season onset,Bin,week,44,45,0.029411764705882363
HHS Region 7,Season onset,Bin,week,45,46,0.029411764705882363
HHS Region 7,Season onset,Bin,week,46,47,0.029411764705882363
HHS Region 7,Season onset,Bin,week,47,48,0.029411764705882363
HHS Region 7,Season onset,Bin,week,48,49,0.029411764705882363
HHS Region 7,Season onset,Bin,week,49,50,0.029411764705882363
HHS Region 7,Season onset,Bin,week,50,51,0.029411764705882363
HHS Region 7,Season onset,Bin,week,51,52,0.029411764705882363
HHS Region 7,Season onset,Bin,week,52,53,0.029411764705882363
HHS Region 7,Season onset,Bin,week,1,2,0.029411764705882363
HHS Region 7,Season onset,Bin,week,2,3,0.029411764705882363
HHS Region 7,Season onset,Bin,week,3,4,0.029411764705882363
HHS Region 7,Season onset,Bin,week,4,5,0.029411764705882363
HHS Region 7,Season onset,Bin,week,5,6,0.029411764705882363
HHS Region 7,Season onset,Bin,week,6,7,0.029411764705882363
HHS Region 7,Season onset,Bin,week,7,8,0.029411764705882363
HHS Region 7,Season onset,Bin,week,8,9,0.029411764705882363
HHS Region 7,Season onset,Bin,week,9,10,0.029411764705882363
HHS Region 7,Season onset,Bin,week,10,11,0.029411764705882363
HHS Region 7,Season onset,Bin,week,11,12,0.029411764705882363
HHS Region 7,Season onset,Bin,week,12,13,0.029411764705882363
HHS Region 7,Season onset,Bin,week,13,14,0.029411764705882363
HHS Region 7,Season onset,Bin,week,14,15,0.029411764705882363
HHS Region 7,Season onset,Bin,week,15,16,0.029411764705882363
HHS Region 7,Season onset,Bin,week,16,17,0.029411764705882363
HHS Region 7,Season onset,Bin,week,17,18,0.029411764705882363
HHS Region 7,Season onset,Bin,week,18,19,0.029411764705882363
HHS Region 7,Season onset,Bin,week,19,20,0.029411764705882363
HHS Region 7,Season onset,Bin,week,20,21,0.029411764705882363
HHS Region 7,Season onset,Bin,week,none,none,0.029411764705882363
HHS Region 7,Season peak week,Point,week,,,4.4999999999999885
HHS Region 7,Season peak week,Bin,week,40,41,0.030303030303030307
HHS Region 7,Season peak week,Bin,week,41,42,0.030303030303030307
HHS Region 7,Season peak week,Bin,week,42,43,0.030303030303030307
HHS Region 7,Season peak week,Bin,week,43,44,0.030303030303030307
HHS Region 7,Season peak week,Bin,week,44,45,0.030303030303030307
HHS Region 7,Season peak week,Bin,week,45,46,0.030303030303030307
HHS Region 7,Season peak week,Bin,week,46,47,0.030303030303030307
HHS Region 7,Season peak week,Bin,week,47,48,0.030303030303030307
HHS Region 7,Season peak week,Bin,week,48,49,0.030303030303030307
HHS Region 7,Season peak week,Bin,week,49,50,0.030303030303030307
HHS Region 7,Season peak week,Bin,week,50,51,0.030303030303030307
HHS Region 7,Season peak week,Bin,week,51,52,0.030303030303030307
HHS Region 7,Season peak week,Bin,week,52,53,0.030303030303030307
HHS Region 7,Season peak week,Bin,week,1,2,0.030303030303030307
HHS Region 7,Season peak week,Bin,week,2,3,0.030303030303030307
HHS Region 7,Season peak week,Bin,week,3,4,0.030303030303030307
HHS Region 7,Season peak week,Bin,week,4,5,0.030303030303030307
HHS Region 7,Season peak week,Bin,week,5,6,0.030303030303030307
HHS Region 7,Season peak week,Bin,week,6,7,0.030303030303030307
HHS Region 7,Season peak week,Bin,week,7,8,0.030303030303030307
HHS Region 7,Season peak week,Bin,week,8,9,0.030303030303030307
HHS Region 7,Season peak week,Bin,week,9,10,0.030303030303030307
HHS Region 7,Season peak week,Bin,week,10,11,0.030303030303030307
HHS Region 7,Season peak week,Bin,week,11,12,0.030303030303030307
HHS Region 7,Season peak week,Bin,week,12,13,0.030303030303030307
HHS Region 7,Season peak week,Bin,week,13,14,0.030303030303030307
HHS Region 7,Season peak week,Bin,week,14,15,0.030303030303030307
HHS Region 7,Season peak week,Bin,week,15,16,0.030303030303030307
HHS Region 7,Season peak week,Bin,week,16,17,0.030303030303030307
HHS Region 7,Season peak week,Bin,week,17,18,0.030303030303030307
HHS Region 7,Season peak week,Bin,week,18,19,0.030303030303030307
HHS Region 7,Season peak week,Bin,week,19,20,0.030303030303030307
HHS Region 7,Season peak week,Bin,week,20,21,0.030303030303030307
HHS Region 7,Season peak percentage,Point,percent,,,6.5500000000000025
HHS Region 7,Season peak percentage,Bin,percent,0,0.1,0.0076335877862595426
HHS Region 7,Season peak percentage,Bin,percent,0.1,0.2,0.0076335877862595426
HHS Region 7,Season peak percentage,Bin,percent,0.2,0.3,0.0076335877862595426
HHS Region 7,Season peak percentage,Bin,percent,0.3,0.4,0.0076335877862595426
HHS Region 7,Season peak percentage,Bin,percent,0.4,0.5,0.0076335877862595426
HHS Region 7,Season peak percentage,Bin,percent,0.5,0.6,0.0076335877862595426
HHS Region 7,Season peak percentage,Bin,percent,0.6,0.7,0.0076335877862595426
HHS Region 7,Season peak percentage,Bin,percent,0.7,0.8,0.0076335877862595426
HHS Region 7,Season peak percentage,Bin,percent,0.8,0.9,0.0076335877862595426
HHS Region 7,Season peak percentage,Bin,percent,0.9,1,0.0076335877862595426
HHS Region 7,Season peak percentage,Bin,percent,1,1.1,0.0076335877862595426
HHS Region 7,Season peak percentage,Bin,percent,1.1,1.2,0.0076335877862595426
HHS Region 7,Season peak percentage,Bin,percent,1.2,1.3,0.0076335877862595426
HHS Region 7,Season peak percentage,Bin,percent,1.3,1.4,0.0076335877862595426
HHS Region 7,Season peak percentage,Bin,percent,1.4,1.5,0.0076335877862595426
HHS Region 7,Season peak percentage,Bin,percent,1.5,1.6,0.0076335877862595426
HHS Region 7,Season peak percentage,Bin,percent,1.6,1.7,0.0076335877862595426
HHS Region 7,Season peak percentage,Bin,percent,1.7,1.8,0.0076335877862595426
HHS Region 7,Season peak percentage,Bin,percent,1.8,1.9,0.0076335877862595426
HHS Region 7,Season peak percentage,Bin,percent,1.9,2,0.0076335877862595426
HHS Region 7,Season peak percentage,Bin,percent,2,2.1,0.0076335877862595426
HHS Region 7,Season peak percentage,Bin,percent,2.1,2.2,0.0076335877862595426
HHS Region 7,Season peak percentage,Bin,percent,2.2,2.3,0.0076335877862595426
HHS Region 7,Season peak percentage,Bin,percent,2.3,2.4,0.0076335877862595426
HHS Region 7,Season peak percentage,Bin,percent,2.4,2.5,0.0076335877862595426
HHS Region 7,Season peak percentage,Bin,percent,2.5,2.6,0.0076335877862595426
HHS Region 7,Season peak percentage,Bin,percent,2.6,2.7,0.0076335877862595426
HHS Region 7,Season peak percentage,Bin,percent,2.7,2.8,0.0076335877862595426
HHS Region 7,Season peak percentage,Bin,percent,2.8,2.9,0.0076335877862595426
HHS Region 7,Season peak percentage,Bin,percent,2.9,3,0.0076335877862595426
HHS Region 7,Season peak percentage,Bin,percent,3,3.1,0.0076335877862595426
HHS Region 7,Season peak percentage,Bin,percent,3.1,3.2,0.0076335877862595426
HHS Region 7,Season peak percentage,Bin,percent,3.2,3.3,0.0076335877862595426
HHS Region 7,Season peak percentage,Bin,percent,3.3,3.4,0.0076335877862595426
HHS Region 7,Season peak percentage,Bin,percent,3.4,3.5,0.0076335877862595426
HHS Region 7,Season peak percentage,Bin,percent,3.5,3.6,0.0076335877862595426
HHS Region 7,Season peak percentage,Bin,percent,3.6,3.7,0.0076335877862595426
HHS Region 7,Season peak percentage,Bin,percent,3.7,3.8,0.0076335877862595426
HHS Region 7,Season peak percentage,Bin,percent,3.8,3.9,0.0076335877862595426
HHS Region 7,Season peak percentage,Bin,percent,3.9,4,0.0076335877862595426
HHS Region 7,Season peak percentage,Bin,percent,4,4.1,0.0076335877862595426
HHS Region 7,Season peak percentage,Bin,percent,4.1,4.2,0.0076335877862595426
HHS Region 7,Season peak percentage,Bin,percent,4.2,4.3,0.0076335877862595426
HHS Region 7,Season peak percentage,Bin,percent,4.3,4.4,0.0076335877862595426
HHS Region 7,Season peak percentage,Bin,percent,4.4,4.5,0.0076335877862595426
HHS Region 7,Season peak percentage,Bin,percent,4.5,4.6,0.0076335877862595426
HHS Region 7,Season peak percentage,Bin,percent,4.6,4.7,0.0076335877862595426
HHS Region 7,Season peak percentage,Bin,percent,4.7,4.8,0.0076335877862595426
HHS Region 7,Season peak percentage,Bin,percent,4.8,4.9,0.0076335877862595426
HHS Region 7,Season peak percentage,Bin,percent,4.9,5,0.0076335877862595426
HHS Region 7,Season peak percentage,Bin,percent,5,5.1,0.0076335877862595426
HHS Region 7,Season peak percentage,Bin,percent,5.1,5.2,0.0076335877862595426
HHS Region 7,Season peak percentage,Bin,percent,5.2,5.3,0.0076335877862595426
HHS Region 7,Season peak percentage,Bin,percent,5.3,5.4,0.0076335877862595426
HHS Region 7,Season peak percentage,Bin,percent,5.4,5.5,0.0076335877862595426
HHS Region 7,Season peak percentage,Bin,percent,5.5,5.6,0.0076335877862595426
HHS Region 7,Season peak percentage,Bin,percent,5.6,5.7,0.0076335877862595426
HHS Region 7,Season peak percentage,Bin,percent,5.7,5.8,0.0076335877862595426
HHS Region 7,Season peak percentage,Bin,percent,5.8,5.9,0.0076335877862595426
HHS Region 7,Season peak percentage,Bin,percent,5.9,6,0.0076335877862595426
HHS Region 7,Season peak percentage,Bin,percent,6,6.1,0.0076335877862595426
HHS Region 7,Season peak percentage,Bin,percent,6.1,6.2,0.0076335877862595426
HHS Region 7,Season peak percentage,Bin,percent,6.2,6.3,0.0076335877862595426
HHS Region 7,Season peak percentage,Bin,percent,6.3,6.4,0.0076335877862595426
HHS Region 7,Season peak percentage,Bin,percent,6.4,6.5,0.0076335877862595426
HHS Region 7,Season peak percentage,Bin,percent,6.5,6.6,0.0076335877862595426
HHS Region 7,Season peak percentage,Bin,percent,6.6,6.7,0.0076335877862595426
HHS Region 7,Season peak percentage,Bin,percent,6.7,6.8,0.0076335877862595426
HHS Region 7,Season peak percentage,Bin,percent,6.8,6.9,0.0076335877862595426
HHS Region 7,Season peak percentage,Bin,percent,6.9,7,0.0076335877862595426
HHS Region 7,Season peak percentage,Bin,percent,7,7.1,0.0076335877862595426
HHS Region 7,Season peak percentage,Bin,percent,7.1,7.2,0.0076335877862595426
HHS Region 7,Season peak percentage,Bin,percent,7.2,7.3,0.0076335877862595426
HHS Region 7,Season peak percentage,Bin,percent,7.3,7.4,0.0076335877862595426
HHS Region 7,Season peak percentage,Bin,percent,7.4,7.5,0.0076335877862595426
HHS Region 7,Season peak percentage,Bin,percent,7.5,7.6,0.0076335877862595426
HHS Region 7,Season peak percentage,Bin,percent,7.6,7.7,0.0076335877862595426
HHS Region 7,Season peak percentage,Bin,percent,7.7,7.8,0.0076335877862595426
HHS Region 7,Season peak percentage,Bin,percent,7.8,7.9,0.0076335877862595426
HHS Region 7,Season peak percentage,Bin,percent,7.9,8,0.0076335877862595426
HHS Region 7,Season peak percentage,Bin,percent,8,8.1,0.0076335877862595426
HHS Region 7,Season peak percentage,Bin,percent,8.1,8.2,0.0076335877862595426
HHS Region 7,Season peak percentage,Bin,percent,8.2,8.3,0.0076335877862595426
HHS Region 7,Season peak percentage,Bin,percent,8.3,8.4,0.0076335877862595426
HHS Region 7,Season peak percentage,Bin,percent,8.4,8.5,0.0076335877862595426
HHS Region 7,Season peak percentage,Bin,percent,8.5,8.6,0.0076335877862595426
HHS Region 7,Season peak percentage,Bin,percent,8.6,8.7,0.0076335877862595426
HHS Region 7,Season peak percentage,Bin,percent,8.7,8.8,0.0076335877862595426
HHS Region 7,Season peak percentage,Bin,percent,8.8,8.9,0.0076335877862595426
HHS Region 7,Season peak percentage,Bin,percent,8.9,9,0.0076335877862595426
HHS Region 7,Season peak percentage,Bin,percent,9,9.1,0.0076335877862595426
HHS Region 7,Season peak percentage,Bin,percent,9.1,9.2,0.0076335877862595426
HHS Region 7,Season peak percentage,Bin,percent,9.2,9.3,0.0076335877862595426
HHS Region 7,Season peak percentage,Bin,percent,9.3,9.4,0.0076335877862595426
HHS Region 7,Season peak percentage,Bin,percent,9.4,9.5,0.0076335877862595426
HHS Region 7,Season peak percentage,Bin,percent,9.5,9.6,0.0076335877862595426
HHS Region 7,Season peak percentage,Bin,percent,9.6,9.7,0.0076335877862595426
HHS Region 7,Season peak percentage,Bin,percent,9.7,9.8,0.0076335877862595426
HHS Region 7,Season peak percentage,Bin,percent,9.8,9.9,0.0076335877862595426
HHS Region 7,Season peak percentage,Bin,percent,9.9,10,0.0076335877862595426
HHS Region 7,Season peak percentage,Bin,percent,10,10.1,0.0076335877862595426
HHS Region 7,Season peak percentage,Bin,percent,10.1,10.2,0.0076335877862595426
HHS Region 7,Season peak percentage,Bin,percent,10.2,10.3,0.0076335877862595426
HHS Region 7,Season peak percentage,Bin,percent,10.3,10.4,0.0076335877862595426
HHS Region 7,Season peak percentage,Bin,percent,10.4,10.5,0.0076335877862595426
HHS Region 7,Season peak percentage,Bin,percent,10.5,10.6,0.0076335877862595426
HHS Region 7,Season peak percentage,Bin,percent,10.6,10.7,0.0076335877862595426
HHS Region 7,Season peak percentage,Bin,percent,10.7,10.8,0.0076335877862595426
HHS Region 7,Season peak percentage,Bin,percent,10.8,10.9,0.0076335877862595426
HHS Region 7,Season peak percentage,Bin,percent,10.9,11,0.0076335877862595426
HHS Region 7,Season peak percentage,Bin,percent,11,11.1,0.0076335877862595426
HHS Region 7,Season peak percentage,Bin,percent,11.1,11.2,0.0076335877862595426
HHS Region 7,Season peak percentage,Bin,percent,11.2,11.3,0.0076335877862595426
HHS Region 7,Season peak percentage,Bin,percent,11.3,11.4,0.0076335877862595426
HHS Region 7,Season peak percentage,Bin,percent,11.4,11.5,0.0076335877862595426
HHS Region 7,Season peak percentage,Bin,percent,11.5,11.6,0.0076335877862595426
HHS Region 7,Season peak percentage,Bin,percent,11.6,11.7,0.0076335877862595426
HHS Region 7,Season peak percentage,Bin,percent,11.7,11.8,0.0076335877862595426
HHS Region 7,Season peak percentage,Bin,percent,11.8,11.9,0.0076335877862595426
HHS Region 7,Season peak percentage,Bin,percent,11.9,12,0.0076335877862595426
HHS Region 7,Season peak percentage,Bin,percent,12,12.1,0.0076335877862595426
HHS Region 7,Season peak percentage,Bin,percent,12.1,12.2,0.0076335877862595426
HHS Region 7,Season peak percentage,Bin,percent,12.2,12.3,0.0076335877862595426
HHS Region 7,Season peak percentage,Bin,percent,12.3,12.4,0.0076335877862595426
HHS Region 7,Season peak percentage,Bin,percent,12.4,12.5,0.0076335877862595426
HHS Region 7,Season peak percentage,Bin,percent,12.5,12.6,0.0076335877862595426
HHS Region 7,Season peak percentage,Bin,percent,12.6,12.7,0.0076335877862595426
HHS Region 7,Season peak percentage,Bin,percent,12.7,12.8,0.0076335877862595426
HHS Region 7,Season peak percentage,Bin,percent,12.8,12.9,0.0076335877862595426
HHS Region 7,Season peak percentage,Bin,percent,12.9,13,0.0076335877862595426
HHS Region 7,Season peak percentage,Bin,percent,13,100,0.0076335877862595426
HHS Region 7,1 wk ahead,Point,percent,,,1.9459247217989435
HHS Region 7,1 wk ahead,Bin,percent,0,0.1,0.01130892112929346
HHS Region 7,1 wk ahead,Bin,percent,0.1,0.2,0.012536902230149407
HHS Region 7,1 wk ahead,Bin,percent,0.2,0.3,0.01382297041503575
HHS Region 7,1 wk ahead,Bin,percent,0.3,0.4,0.015158413746264743
HHS Region 7,1 wk ahead,Bin,percent,0.4,0.5,0.016532810358646927
HHS Region 7,1 wk ahead,Bin,percent,0.5,0.6,0.01793410011944943
HHS Region 7,1 wk ahead,Bin,percent,0.6,0.7,0.01934870938284984
HHS Region 7,1 wk ahead,Bin,percent,0.7,0.8,0.02076172941250029
HHS Region 7,1 wk ahead,Bin,percent,0.8,0.9,0.022157146977923314
HHS Region 7,1 wk ahead,Bin,percent,0.9,1,0.023518123455094183
HHS Region 7,1 wk ahead,Bin,percent,1,1.1,0.024827316579843568
HHS Region 7,1 wk ahead,Bin,percent,1.1,1.2,0.02606723692405157
HHS Region 7,1 wk ahead,Bin,percent,1.2,1.3,0.02722062930061947
HHS Region 7,1 wk ahead,Bin,percent,1.3,1.4,0.02827086776103086
HHS Region 7,1 wk ahead,Bin,percent,1.4,1.5,0.029202351724763487
HHS Region 7,1 wk ahead,Bin,percent,1.5,1.6,0.030000890150883683
HHS Region 7,1 wk ahead,Bin,percent,1.6,1.7,0.03065406058334632
HHS Region 7,1 wk ahead,Bin,percent,1.7,1.8,0.031151530399435363
HHS Region 7,1 wk ahead,Bin,percent,1.8,1.9,0.031485328661353694
HHS Region 7,1 wk ahead,Bin,percent,1.9,2,0.03165005857864398
HHS Region 7,1 wk ahead,Bin,percent,2,2.1,0.03164304266801765
HHS Region 7,1 wk ahead,Bin,percent,2.1,2.2,0.03146439515430936
HHS Region 7,1 wk ahead,Bin,percent,2.2,2.3,0.03111701887662568
HHS Region 7,1 wk ahead,Bin,percent,2.3,2.4,0.030606526816794544
HHS Region 7,1 wk ahead,Bin,percent,2.4,2.5,0.029941091214570694
HHS Region 7,1 wk ahead,Bin,percent,2.5,2.6,0.029131225937674712
HHS Region 7,1 wk ahead,Bin,percent,2.6,2.7,0.028189510205101288
HHS Region 7,1 wk ahead,Bin,percent,2.7,2.8,0.027130263805763496
HHS Region 7,1 wk ahead,Bin,percent,2.8,2.9,0.025969185520508014
HHS Region 7,1 wk ahead,Bin,percent,2.9,3,0.02472296748034365
HHS Region 7,1 wk ahead,Bin,percent,3,3.1,0.02340889864435822
HHS Region 7,1 wk ahead,Bin,percent,3.1,3.2,0.02204447045575815
HHS Region 7,1 wk ahead,Bin,percent,3.2,3.3,0.020646997062749143
HHS Region 7,1 wk ahead,Bin,percent,3.3,3.4,0.019233261329188768
HHS Region 7,1 wk ahead,Bin,percent,3.4,3.5,0.017819196287754403
HHS Region 7,1 wk ahead,Bin,percent,3.5,3.6,0.016419609802772833
HHS Region 7,1 wk ahead,Bin,percent,3.6,3.7,0.015047958118604982
HHS Region 7,1 wk ahead,Bin,percent,3.7,3.8,0.013716171784254931
HHS Region 7,1 wk ahead,Bin,percent,3.8,3.9,0.01243453527463198
HHS Region 7,1 wk ahead,Bin,percent,3.9,4,0.011211619573837059
HHS Region 7,1 wk ahead,Bin,percent,4,4.1,0.01005426513236617
HHS Region 7,1 wk ahead,Bin,percent,4.1,4.2,0.008967611027021613
HHS Region 7,1 wk ahead,Bin,percent,4.2,4.3,0.007955164888407605
HHS Region 7,1 wk ahead,Bin,percent,4.3,4.4,0.007018907244034282
HHS Region 7,1 wk ahead,Bin,percent,4.4,4.5,0.006159423362630434
HHS Region 7,1 wk ahead,Bin,percent,4.5,4.6,0.005376055465776796
HHS Region 7,1 wk ahead,Bin,percent,4.6,4.7,0.004667068268689384
HHS Region 7,1 wk ahead,Bin,percent,4.7,4.8,0.0040298211822860286
HHS Region 7,1 wk ahead,Bin,percent,4.8,4.9,0.003460941103787185
HHS Region 7,1 wk ahead,Bin,percent,4.9,5,0.0029564904879799928
HHS Region 7,1 wk ahead,Bin,percent,5,5.1,0.0025121262692840425
HHS Region 7,1 wk ahead,Bin,percent,5.1,5.2,0.0021232461410322753
HHS Region 7,1 wk ahead,Bin,percent,5.2,5.3,0.0017851196426108761
HHS Region 7,1 wk ahead,Bin,percent,5.3,5.4,0.0014930024136680204
HHS Region 7,1 wk ahead,Bin,percent,5.4,5.5,0.0012422328120135085
HHS Region 7,1 wk ahead,Bin,percent,5.5,5.6,0.0010283108314683646
HHS Region 7,1 wk ahead,Bin,percent,5.6,5.7,0.000846959880135895
HHS Region 7,1 wk ahead,Bin,percent,5.7,5.8,0.0006941724792285159
HHS Region 7,1 wk ahead,Bin,percent,5.8,5.9,0.0005662413162145424
HHS Region 7,1 wk ahead,Bin,percent,5.9,6,0.0004597773386172868
HHS Region 7,1 wk ahead,Bin,percent,6,6.1,0.00037171671636032833
HHS Region 7,1 wk ahead,Bin,percent,6.1,6.2,0.0002993185448149788
HHS Region 7,1 wk ahead,Bin,percent,6.2,6.3,0.00024015512363649965
HHS Region 7,1 wk ahead,Bin,percent,6.3,6.4,0.00019209654503006744
HHS Region 7,1 wk ahead,Bin,percent,6.4,6.5,0.0001532911761171827
HHS Region 7,1 wk ahead,Bin,percent,6.5,6.6,0.00012214343944661385
HHS Region 7,1 wk ahead,Bin,percent,6.6,6.7,9.729009764598696e-05
HHS Region 7,1 wk ahead,Bin,percent,6.7,6.8,7.757604491661659e-05
HHS Region 7,1 wk ahead,Bin,percent,6.8,6.9,6.203040943069275e-05
HHS Region 7,1 wk ahead,Bin,percent,6.9,7,4.9843584268850786e-05
HHS Region 7,1 wk ahead,Bin,percent,7,7.1,4.034563568574449e-05
HHS Region 7,1 wk ahead,Bin,percent,7.1,7.2,3.298638954089567e-05
HHS Region 7,1 wk ahead,Bin,percent,7.2,7.3,2.7317371267857714e-05
HHS Region 7,1 wk ahead,Bin,percent,7.3,7.4,2.2975671931945888e-05
HHS Region 7,1 wk ahead,Bin,percent,7.4,7.5,1.9669731792806868e-05
HHS Region 7,1 wk ahead,Bin,percent,7.5,7.6,1.7166971592424568e-05
HHS Region 7,1 wk ahead,Bin,percent,7.6,7.7,1.528315826517024e-05
HHS Region 7,1 wk ahead,Bin,percent,7.7,7.8,1.3873363374343111e-05
HHS Region 7,1 wk ahead,Bin,percent,7.8,7.9,1.2824356704799226e-05
HHS Region 7,1 wk ahead,Bin,percent,7.9,8,1.2048271547810656e-05
HHS Region 7,1 wk ahead,Bin,percent,8,8.1,1.1477379954902699e-05
HHS Region 7,1 wk ahead,Bin,percent,8.1,8.2,1.1059823524430046e-05
HHS Region 7,1 wk ahead,Bin,percent,8.2,8.3,1.0756156328175321e-05
HHS Region 7,1 wk ahead,Bin,percent,8.3,8.4,1.0536569904519354e-05
HHS Region 7,1 wk ahead,Bin,percent,8.4,8.5,1.0378684659321126e-05
HHS Region 7,1 wk ahead,Bin,percent,8.5,8.6,1.026580662248067e-05
HHS Region 7,1 wk ahead,Bin,percent,8.6,8.7,1.0185562649607793e-05
HHS Region 7,1 wk ahead,Bin,percent,8.7,8.8,1.0128840385668332e-05
HHS Region 7,1 wk ahead,Bin,percent,8.8,8.9,1.008897134383482e-05
HHS Region 7,1 wk ahead,Bin,percent,8.9,9,1.0061106156412873e-05
HHS Region 7,1 wk ahead,Bin,percent,9,9.1,1.0041740386633722e-05
HHS Region 7,1 wk ahead,Bin,percent,9.1,9.2,1.0028357285176287e-05
HHS Region 7,1 wk ahead,Bin,percent,9.2,9.3,1.0019160618193076e-05
HHS Region 7,1 wk ahead,Bin,percent,9.3,9.4,1.0012876299394352e-05
HHS Region 7,1 wk ahead,Bin,percent,9.4,9.5,1.0008606157671423e-05
HHS Region 7,1 wk ahead,Bin,percent,9.5,9.6,1.0005720898119604e-05
HHS Region 7,1 wk ahead,Bin,percent,9.6,9.7,1.0003782298600481e-05
HHS Region 7,1 wk ahead,Bin,percent,9.7,9.8,1.0002487047577079e-05
HHS Region 7,1 wk ahead,Bin,percent,9.8,9.9,1.0001626481237377e-05
HHS Region 7,1 wk ahead,Bin,percent,9.9,10,1.0001057914829932e-05
HHS Region 7,1 wk ahead,Bin,percent,10,10.1,1.0000684366961814e-05
HHS Region 7,1 wk ahead,Bin,percent,10.1,10.2,1.0000440315576293e-05
HHS Region 7,1 wk ahead,Bin,percent,10.2,10.3,1.000028175766888e-05
HHS Region 7,1 wk ahead,Bin,percent,10.3,10.4,1.0000179318098533e-05
HHS Region 7,1 wk ahead,Bin,percent,10.4,10.5,1.000011350348272e-05
HHS Region 7,1 wk ahead,Bin,percent,10.5,10.6,1.0000071454721867e-05
HHS Region 7,1 wk ahead,Bin,percent,10.6,10.7,1.0000044739318228e-05
HHS Region 7,1 wk ahead,Bin,percent,10.7,10.8,1.0000027860215624e-05
HHS Region 7,1 wk ahead,Bin,percent,10.8,10.9,1.0000017255051823e-05
HHS Region 7,1 wk ahead,Bin,percent,10.9,11,1.0000010628812494e-05
HHS Region 7,1 wk ahead,Bin,percent,11,11.1,1.0000006511632864e-05
HHS Region 7,1 wk ahead,Bin,percent,11.1,11.2,1.0000003967635342e-05
HHS Region 7,1 wk ahead,Bin,percent,11.2,11.3,1.0000002404419695e-05
HHS Region 7,1 wk ahead,Bin,percent,11.3,11.4,1.0000001449190527e-05
HHS Region 7,1 wk ahead,Bin,percent,11.4,11.5,1.0000000868715116e-05
HHS Region 7,1 wk ahead,Bin,percent,11.5,11.6,1.0000000517923904e-05
HHS Region 7,1 wk ahead,Bin,percent,11.6,11.7,1.0000000307108059e-05
HHS Region 7,1 wk ahead,Bin,percent,11.7,11.8,1.0000000181114473e-05
HHS Region 7,1 wk ahead,Bin,percent,11.8,11.9,1.0000000106231126e-05
HHS Region 7,1 wk ahead,Bin,percent,11.9,12,1.0000000061970798e-05
HHS Region 7,1 wk ahead,Bin,percent,12,12.1,1.0000000035954982e-05
HHS Region 7,1 wk ahead,Bin,percent,12.1,12.2,1.0000000020747597e-05
HHS Region 7,1 wk ahead,Bin,percent,12.2,12.3,1.0000000011907297e-05
HHS Region 7,1 wk ahead,Bin,percent,12.3,12.4,1.0000000006796654e-05
HHS Region 7,1 wk ahead,Bin,percent,12.4,12.5,1.000000000385846e-05
HHS Region 7,1 wk ahead,Bin,percent,12.5,12.6,1.000000000217856e-05
HHS Region 7,1 wk ahead,Bin,percent,12.6,12.7,1.0000000001223379e-05
HHS Region 7,1 wk ahead,Bin,percent,12.7,12.8,1.0000000000683267e-05
HHS Region 7,1 wk ahead,Bin,percent,12.8,12.9,1.000000000037954e-05
HHS Region 7,1 wk ahead,Bin,percent,12.9,13,1.000000000020968e-05
HHS Region 7,1 wk ahead,Bin,percent,13,100,1.0000000000115213e-05
HHS Region 7,2 wk ahead,Point,percent,,,2.0542845150090345
HHS Region 7,2 wk ahead,Bin,percent,0,0.1,0.011082915678292385
HHS Region 7,2 wk ahead,Bin,percent,0.1,0.2,0.012157461250888835
HHS Region 7,2 wk ahead,Bin,percent,0.2,0.3,0.013274844853590777
HHS Region 7,2 wk ahead,Bin,percent,0.3,0.4,0.014428230029498775
HHS Region 7,2 wk ahead,Bin,percent,0.4,0.5,0.0156096497668584
HHS Region 7,2 wk ahead,Bin,percent,0.5,0.6,0.016810061389397054
HHS Region 7,2 wk ahead,Bin,percent,0.6,0.7,0.01801943184950637
HHS Region 7,2 wk ahead,Bin,percent,0.7,0.8,0.019226853461517486
HHS Region 7,2 wk ahead,Bin,percent,0.8,0.9,0.020420689097997224
HHS Region 7,2 wk ahead,Bin,percent,0.9,1,0.02158874481711456
HHS Region 7,2 wk ahead,Bin,percent,1,1.1,0.02271846683582753
HHS Region 7,2 wk ahead,Bin,percent,1.1,1.2,0.023797158757007664
HHS Region 7,2 wk ahead,Bin,percent,1.2,1.3,0.0248122140445372
HHS Region 7,2 wk ahead,Bin,percent,1.3,1.4,0.025751357963239112
HHS Region 7,2 wk ahead,Bin,percent,1.4,1.5,0.026602892600659026
HHS Region 7,2 wk ahead,Bin,percent,1.5,1.6,0.02735593819941053
HHS Region 7,2 wk ahead,Bin,percent,1.6,1.7,0.02800066387791357
HHS Region 7,2 wk ahead,Bin,percent,1.7,1.8,0.028528500919779036
HHS Region 7,2 wk ahead,Bin,percent,1.8,1.9,0.028932332172472583
HHS Region 7,2 wk ahead,Bin,percent,1.9,2,0.029206651707010527
HHS Region 7,2 wk ahead,Bin,percent,2,2.1,0.02934768973322972
HHS Region 7,2 wk ahead,Bin,percent,2.1,2.2,0.029353498809363675
HHS Region 7,2 wk ahead,Bin,percent,2.2,2.3,0.029223998590100508
HHS Region 7,2 wk ahead,Bin,percent,2.3,2.4,0.028960977675829464
HHS Region 7,2 wk ahead,Bin,percent,2.4,2.5,0.028568052503580126
HHS Region 7,2 wk ahead,Bin,percent,2.5,2.6,0.028050584600411616
HHS Region 7,2 wk ahead,Bin,percent,2.6,2.7,0.02741555884578959
HHS Region 7,2 wk ahead,Bin,percent,2.7,2.8,0.026671426606605958
HHS Region 7,2 wk ahead,Bin,percent,2.8,2.9,0.025827918668205708
HHS Region 7,2 wk ahead,Bin,percent,2.9,3,0.024895833746168168
HHS Region 7,2 wk ahead,Bin,percent,3,3.1,0.02388680899547447
HHS Region 7,2 wk ahead,Bin,percent,3.1,3.2,0.02281307931601095
HHS Region 7,2 wk ahead,Bin,percent,3.2,3.3,0.02168723237787004
HHS Region 7,2 wk ahead,Bin,percent,3.3,3.4,0.020521966160264183
HHS Region 7,2 wk ahead,Bin,percent,3.4,3.5,0.019329855429023268
HHS Region 7,2 wk ahead,Bin,percent,3.5,3.6,0.0181231329946966
HHS Region 7,2 wk ahead,Bin,percent,3.6,3.7,0.016913490829789664
HHS Region 7,2 wk ahead,Bin,percent,3.7,3.8,0.01571190521961877
HHS Region 7,2 wk ahead,Bin,percent,3.8,3.9,0.014528489120771045
HHS Region 7,2 wk ahead,Bin,percent,3.9,4,0.013372373850065173
HHS Region 7,2 wk ahead,Bin,percent,4,4.1,0.012251621170458336
HHS Region 7,2 wk ahead,Bin,percent,4.1,4.2,0.01117316582100789
HHS Region 7,2 wk ahead,Bin,percent,4.2,4.3,0.010142787593593357
HHS Region 7,2 wk ahead,Bin,percent,4.3,4.4,0.009165111221310907
HHS Region 7,2 wk ahead,Bin,percent,4.4,4.5,0.00824363163674349
HHS Region 7,2 wk ahead,Bin,percent,4.5,4.6,0.007380761599358522
HHS Region 7,2 wk ahead,Bin,percent,4.6,4.7,0.006577898288830986
HHS Region 7,2 wk ahead,Bin,percent,4.7,4.8,0.005835505216230722
HHS Region 7,2 wk ahead,Bin,percent,4.8,4.9,0.005153205711868646
HHS Region 7,2 wk ahead,Bin,percent,4.9,5,0.004529884295279142
HHS Region 7,2 wk ahead,Bin,percent,5,5.1,0.0039637924026085965
HHS Region 7,2 wk ahead,Bin,percent,5.1,5.2,0.00345265521934874
HHS Region 7,2 wk ahead,Bin,percent,5.2,5.3,0.002993776719500345
HHS Region 7,2 wk ahead,Bin,percent,5.3,5.4,0.0025841404226215844
HHS Region 7,2 wk ahead,Bin,percent,5.4,5.5,0.0022205038248992747
HHS Region 7,2 wk ahead,Bin,percent,5.5,5.6,0.001899484917858595
HHS Region 7,2 wk ahead,Bin,percent,5.6,5.7,0.0016176396592998677
HHS Region 7,2 wk ahead,Bin,percent,5.7,5.8,0.0013715296890644186
HHS Region 7,2 wk ahead,Bin,percent,5.8,5.9,0.0011577799740579936
HHS Region 7,2 wk ahead,Bin,percent,5.9,6,0.000973126412774818
HHS Region 7,2 wk ahead,Bin,percent,6,6.1,0.0008144537229167963
HHS Region 7,2 wk ahead,Bin,percent,6.1,6.2,0.0006788241733194122
HHS Region 7,2 wk ahead,Bin,percent,6.2,6.3,0.0005634979028616902
HHS Region 7,2 wk ahead,Bin,percent,6.3,6.4,0.0004659456963663345
HHS Region 7,2 wk ahead,Bin,percent,6.4,6.5,0.0003838551646569962
HHS Region 7,2 wk ahead,Bin,percent,6.5,6.6,0.00031513130835462527
HHS Region 7,2 wk ahead,Bin,percent,6.6,6.7,0.00025789243904897384
HHS Region 7,2 wk ahead,Bin,percent,6.7,6.8,0.00021046239406499121
HHS Region 7,2 wk ahead,Bin,percent,6.8,6.9,0.0001713599191489644
HHS Region 7,2 wk ahead,Bin,percent,6.9,7,0.00013928601378152336
HHS Region 7,2 wk ahead,Bin,percent,7,7.1,0.00011310994273753057
HHS Region 7,2 wk ahead,Bin,percent,7.1,7.2,9.185452051582886e-05
HHS Region 7,2 wk ahead,Bin,percent,7.2,7.3,7.468117709841136e-05
HHS Region 7,2 wk ahead,Bin,percent,7.3,7.4,6.087521803829513e-05
HHS Region 7,2 wk ahead,Bin,percent,7.4,7.5,4.9831602110090523e-05
HHS Region 7,2 wk ahead,Bin,percent,7.5,7.6,4.104147784137733e-05
HHS Region 7,2 wk ahead,Bin,percent,7.6,7.7,3.407964756691593e-05
HHS Region 7,2 wk ahead,Bin,percent,7.7,7.8,2.8593064933593518e-05
HHS Region 7,2 wk ahead,Bin,percent,7.8,7.9,2.429041919420185e-05
HHS Region 7,2 wk ahead,Bin,percent,7.9,8,2.093281687807648e-05
HHS Region 7,2 wk ahead,Bin,percent,8,8.1,1.832553789489756e-05
HHS Region 7,2 wk ahead,Bin,percent,8.1,8.2,1.6310817958706296e-05
HHS Region 7,2 wk ahead,Bin,percent,8.2,8.3,1.4761591412998928e-05
HHS Region 7,2 wk ahead,Bin,percent,8.3,8.4,1.3576117028783725e-05
HHS Region 7,2 wk ahead,Bin,percent,8.4,8.5,1.2673403066127052e-05
HHS Region 7,2 wk ahead,Bin,percent,8.5,8.6,1.1989345810725112e-05
HHS Region 7,2 wk ahead,Bin,percent,8.6,8.7,1.1473496974118246e-05
HHS Region 7,2 wk ahead,Bin,percent,8.7,8.8,1.1086378934398337e-05
HHS Region 7,2 wk ahead,Bin,percent,8.8,8.9,1.0797272062231481e-05
HHS Region 7,2 wk ahead,Bin,percent,8.9,9,1.0582404710482567e-05
HHS Region 7,2 wk ahead,Bin,percent,9,9.1,1.0423483344786968e-05
HHS Region 7,2 wk ahead,Bin,percent,9.1,9.2,1.0306507363957092e-05
HHS Region 7,2 wk ahead,Bin,percent,9.2,9.3,1.0220820106148558e-05
HHS Region 7,2 wk ahead,Bin,percent,9.3,9.4,1.0158354145940075e-05
HHS Region 7,2 wk ahead,Bin,percent,9.4,9.5,1.0113035116194948e-05
HHS Region 7,2 wk ahead,Bin,percent,9.5,9.6,1.0080313851749414e-05
HHS Region 7,2 wk ahead,Bin,percent,9.6,9.7,1.00568016101655e-05
HHS Region 7,2 wk ahead,Bin,percent,9.7,9.8,1.0039987473195124e-05
HHS Region 7,2 wk ahead,Bin,percent,9.8,9.9,1.0028020791577974e-05
HHS Region 7,2 wk ahead,Bin,percent,9.9,10,1.001954474283153e-05
HHS Region 7,2 wk ahead,Bin,percent,10,10.1,1.0013569774907674e-05
HHS Region 7,2 wk ahead,Bin,percent,10.1,10.2,1.0009377961594887e-05
HHS Region 7,2 wk ahead,Bin,percent,10.2,10.3,1.0006451153545172e-05
HHS Region 7,2 wk ahead,Bin,percent,10.3,10.4,1.0004417325785263e-05
HHS Region 7,2 wk ahead,Bin,percent,10.4,10.5,1.0003010749374561e-05
HHS Region 7,2 wk ahead,Bin,percent,10.5,10.6,1.0002042597998352e-05
HHS Region 7,2 wk ahead,Bin,percent,10.6,10.7,1.0001379381261501e-05
HHS Region 7,2 wk ahead,Bin,percent,10.7,10.8,1.000092721161782e-05
HHS Region 7,2 wk ahead,Bin,percent,10.8,10.9,1.0000620392487387e-05
HHS Region 7,2 wk ahead,Bin,percent,10.9,11,1.0000413187636843e-05
HHS Region 7,2 wk ahead,Bin,percent,11,11.1,1.000027391841458e-05
HHS Region 7,2 wk ahead,Bin,percent,11.1,11.2,1.0000180754144133e-05
HHS Region 7,2 wk ahead,Bin,percent,11.2,11.3,1.0000118726706247e-05
HHS Region 7,2 wk ahead,Bin,percent,11.3,11.4,1.0000077625015327e-05
HHS Region 7,2 wk ahead,Bin,percent,11.4,11.5,1.000005051822711e-05
HHS Region 7,2 wk ahead,Bin,percent,11.5,11.6,1.0000032725600606e-05
HHS Region 7,2 wk ahead,Bin,percent,11.6,11.7,1.0000021101837457e-05
HHS Region 7,2 wk ahead,Bin,percent,11.7,11.8,1.000001354397189e-05
HHS Region 7,2 wk ahead,Bin,percent,11.8,11.9,1.0000008652964798e-05
HHS Region 7,2 wk ahead,Bin,percent,11.9,12,1.0000005502714149e-05
HHS Region 7,2 wk ahead,Bin,percent,12,12.1,1.0000003483229514e-05
HHS Region 7,2 wk ahead,Bin,percent,12.1,12.2,1.0000002194726223e-05
HHS Region 7,2 wk ahead,Bin,percent,12.2,12.3,1.0000001376485803e-05
HHS Region 7,2 wk ahead,Bin,percent,12.3,12.4,1.000000085932262e-05
HHS Region 7,2 wk ahead,Bin,percent,12.4,12.5,1.0000000533990924e-05
HHS Region 7,2 wk ahead,Bin,percent,12.5,12.6,1.0000000330297e-05
HHS Region 7,2 wk ahead,Bin,percent,12.6,12.7,1.000000020336139e-05
HHS Region 7,2 wk ahead,Bin,percent,12.7,12.8,1.0000000124630836e-05
HHS Region 7,2 wk ahead,Bin,percent,12.8,12.9,1.000000007602836e-05
HHS Region 7,2 wk ahead,Bin,percent,12.9,13,1.0000000046165641e-05
HHS Region 7,2 wk ahead,Bin,percent,13,100,1.000000002790328e-05
HHS Region 7,3 wk ahead,Point,percent,,,2.1759259984126675
HHS Region 7,3 wk ahead,Bin,percent,0,0.1,0.01096720611248554
HHS Region 7,3 wk ahead,Bin,percent,0.1,0.2,0.011884751704702528
HHS Region 7,3 wk ahead,Bin,percent,0.2,0.3,0.01283054372471897
HHS Region 7,3 wk ahead,Bin,percent,0.3,0.4,0.013799405761074732
HHS Region 7,3 wk ahead,Bin,percent,0.4,0.5,0.014785488845697924
HHS Region 7,3 wk ahead,Bin,percent,0.5,0.6,0.015782312233011554
HHS Region 7,3 wk ahead,Bin,percent,0.6,0.7,0.016782819512714497
HHS Region 7,3 wk ahead,Bin,percent,0.7,0.8,0.017779449837525788
HHS Region 7,3 wk ahead,Bin,percent,0.8,0.9,0.0187642236200238
HHS Region 7,3 wk ahead,Bin,percent,0.9,1,0.019728841616899664
HHS Region 7,3 wk ahead,Bin,percent,1,1.1,0.020664795889136188
HHS Region 7,3 wk ahead,Bin,percent,1.1,1.2,0.021563490718173584
HHS Region 7,3 wk ahead,Bin,percent,1.2,1.3,0.022416371186469112
HHS Region 7,3 wk ahead,Bin,percent,1.3,1.4,0.02321505681086849
HHS Region 7,3 wk ahead,Bin,percent,1.4,1.5,0.023951477362523267
HHS Region 7,3 wk ahead,Bin,percent,1.5,1.6,0.02461800782948574
HHS Region 7,3 wk ahead,Bin,percent,1.6,1.7,0.02520759938691711
HHS Region 7,3 wk ahead,Bin,percent,1.7,1.8,0.02571390324143959
HHS Region 7,3 wk ahead,Bin,percent,1.8,1.9,0.026131384313611183
HHS Region 7,3 wk ahead,Bin,percent,1.9,2,0.026455421915303045
HHS Region 7,3 wk ahead,Bin,percent,2,2.1,0.02668239486276761
HHS Region 7,3 wk ahead,Bin,percent,2.1,2.2,0.02680974883368804
HHS Region 7,3 wk ahead,Bin,percent,2.2,2.3,0.02683604421645846
HHS Region 7,3 wk ahead,Bin,percent,2.3,2.4,0.02676098319840146
HHS Region 7,3 wk ahead,Bin,percent,2.4,2.5,0.026585415380237856
HHS Region 7,3 wk ahead,Bin,percent,2.5,2.6,0.026311321768810826
HHS Region 7,3 wk ahead,Bin,percent,2.6,2.7,0.025941777569762736
HHS Region 7,3 wk ahead,Bin,percent,2.7,2.8,0.02548089475729365
HHS Region 7,3 wk ahead,Bin,percent,2.8,2.9,0.02493374592061027
HHS Region 7,3 wk ahead,Bin,percent,2.9,3,0.024306271358872467
HHS Region 7,3 wk ahead,Bin,percent,3,3.1,0.023605171803090918
HHS Region 7,3 wk ahead,Bin,percent,3.1,3.2,0.022837789471911053
HHS Region 7,3 wk ahead,Bin,percent,3.2,3.3,0.02201198040905953
HHS Region 7,3 wk ahead,Bin,percent,3.3,3.4,0.02113598119741249
HHS Region 7,3 wk ahead,Bin,percent,3.4,3.5,0.02021827319578047
HHS Region 7,3 wk ahead,Bin,percent,3.5,3.6,0.019267447400828776
HHS Region 7,3 wk ahead,Bin,percent,3.6,3.7,0.018292072902764352
HHS Region 7,3 wk ahead,Bin,percent,3.7,3.8,0.017300571687376688
HHS Region 7,3 wk ahead,Bin,percent,3.8,3.9,0.01630110224929422
HHS Region 7,3 wk ahead,Bin,percent,3.9,4,0.015301454134658703
HHS Region 7,3 wk ahead,Bin,percent,4,4.1,0.014308955140142937
HHS Region 7,3 wk ahead,Bin,percent,4.1,4.2,0.013330392474566858
HHS Region 7,3 wk ahead,Bin,percent,4.2,4.3,0.012371948754780695
HHS Region 7,3 wk ahead,Bin,percent,4.3,4.4,0.011439153274073313
HHS Region 7,3 wk ahead,Bin,percent,4.4,4.5,0.010536848563255784
HHS Region 7,3 wk ahead,Bin,percent,4.5,4.6,0.009669171874421135
HHS Region 7,3 wk ahead,Bin,percent,4.6,4.7,0.008839550865967837
HHS Region 7,3 wk ahead,Bin,percent,4.7,4.8,0.008050712463401347
HHS Region 7,3 wk ahead,Bin,percent,4.8,4.9,0.0073047036199366516
HHS Region 7,3 wk ahead,Bin,percent,4.9,5,0.006602922507836229
HHS Region 7,3 wk ahead,Bin,percent,5,5.1,0.005946158537169826
HHS Region 7,3 wk ahead,Bin,percent,5.1,5.2,0.005334639522474861
HHS Region 7,3 wk ahead,Bin,percent,5.2,5.3,0.004768084296818765
HHS Region 7,3 wk ahead,Bin,percent,5.3,5.4,0.004245759102487654
HHS Region 7,3 wk ahead,Bin,percent,5.4,5.5,0.003766536162042854
HHS Region 7,3 wk ahead,Bin,percent,5.5,5.6,0.003328952945879968
HHS Region 7,3 wk ahead,Bin,percent,5.6,5.7,0.002931270795136909
HHS Region 7,3 wk ahead,Bin,percent,5.7,5.8,0.0025715317239958643
HHS Region 7,3 wk ahead,Bin,percent,5.8,5.9,0.002247612405335459
HHS Region 7,3 wk ahead,Bin,percent,5.9,6,0.0019572745308962
HHS Region 7,3 wk ahead,Bin,percent,6,6.1,0.001698210924810844
HHS Region 7,3 wk ahead,Bin,percent,6.1,6.2,0.0014680869715042193
HHS Region 7,3 wk ahead,Bin,percent,6.2,6.3,0.0012645770905018124
HHS Region 7,3 wk ahead,Bin,percent,6.3,6.4,0.001085396147533334
HHS Region 7,3 wk ahead,Bin,percent,6.4,6.5,0.0009283258304500537
HHS Region 7,3 wk ahead,Bin,percent,6.5,6.6,0.0007912361378874317
HHS Region 7,3 wk ahead,Bin,percent,6.6,6.7,0.0006721022272542773
HHS Region 7,3 wk ahead,Bin,percent,6.7,6.8,0.0005690169463433133
HHS Region 7,3 wk ahead,Bin,percent,6.8,6.9,0.00048019943021570117
HHS Region 7,3 wk ahead,Bin,percent,6.9,7,0.00040400018321793687
HHS Region 7,3 wk ahead,Bin,percent,7,7.1,0.0003389030867327562
HHS Region 7,3 wk ahead,Bin,percent,7.1,7.2,0.00028352477858354047
HHS Region 7,3 wk ahead,Bin,percent,7.2,7.3,0.00023661184215892144
HHS Region 7,3 wk ahead,Bin,percent,7.3,7.4,0.0001970362246525059
HHS Region 7,3 wk ahead,Bin,percent,7.4,7.5,0.00016378927666665718
HHS Region 7,3 wk ahead,Bin,percent,7.5,7.6,0.000135974772058809
HHS Region 7,3 wk ahead,Bin,percent,7.6,7.7,0.0001128012293994837
HHS Region 7,3 wk ahead,Bin,percent,7.7,7.8,9.357381663400046e-05
HHS Region 7,3 wk ahead,Bin,percent,7.8,7.9,7.768608011729511e-05
HHS Region 7,3 wk ahead,Bin,percent,7.9,8,6.461169948039511e-05
HHS Region 7,3 wk ahead,Bin,percent,8,8.1,5.3896431875961656e-05
HHS Region 7,3 wk ahead,Bin,percent,8.1,8.2,4.5150373866121336e-05
HHS Region 7,3 wk ahead,Bin,percent,8.2,8.3,3.804063714237648e-05
HHS Region 7,3 wk ahead,Bin,percent,8.3,8.4,3.228450576894466e-05
HHS Region 7,3 wk ahead,Bin,percent,8.4,8.5,2.7643117890641804e-05
HHS Region 7,3 wk ahead,Bin,percent,8.5,8.6,2.3915693857091605e-05
HHS Region 7,3 wk ahead,Bin,percent,8.6,8.7,2.0934315370050366e-05
HHS Region 7,3 wk ahead,Bin,percent,8.7,8.8,1.8559246344292668e-05
HHS Region 7,3 wk ahead,Bin,percent,8.8,8.9,1.6674775398137774e-05
HHS Region 7,3 wk ahead,Bin,percent,8.9,9,1.5185551924828839e-05
HHS Region 7,3 wk ahead,Bin,percent,9,9.1,1.4013382184171188e-05
HHS Region 7,3 wk ahead,Bin,percent,9.1,9.2,1.3094448432862485e-05
HHS Region 7,3 wk ahead,Bin,percent,9.2,9.3,1.237691242832373e-05
HHS Region 7,3 wk ahead,Bin,percent,9.3,9.4,1.1818864360876132e-05
HHS Region 7,3 wk ahead,Bin,percent,9.4,9.5,1.1386579086720254e-05
HHS Region 7,3 wk ahead,Bin,percent,9.5,9.6,1.1053043175879016e-05
HHS Region 7,3 wk ahead,Bin,percent,9.6,9.7,1.0796718516749446e-05
HHS Region 7,3 wk ahead,Bin,percent,9.7,9.8,1.0600510829605563e-05
HHS Region 7,3 wk ahead,Bin,percent,9.8,9.9,1.045091426753059e-05
HHS Region 7,3 wk ahead,Bin,percent,9.9,10,1.0337306189727479e-05
HHS Region 7,3 wk ahead,Bin,percent,10,10.1,1.0251369073628712e-05
HHS Region 7,3 wk ahead,Bin,percent,10.1,10.2,1.0186619309755204e-05
HHS Region 7,3 wk ahead,Bin,percent,10.2,10.3,1.0138025240708883e-05
HHS Region 7,3 wk ahead,Bin,percent,10.3,10.4,1.0101699226055659e-05
HHS Region 7,3 wk ahead,Bin,percent,10.4,10.5,1.0074650716915885e-05
HHS Region 7,3 wk ahead,Bin,percent,10.5,10.6,1.0054589299089121e-05
HHS Region 7,3 wk ahead,Bin,percent,10.6,10.7,1.0039768412386314e-05
HHS Region 7,3 wk ahead,Bin,percent,10.7,10.8,1.0028861984522834e-05
HHS Region 7,3 wk ahead,Bin,percent,10.8,10.9,1.0020867543406466e-05
HHS Region 7,3 wk ahead,Bin,percent,10.9,11,1.0015030508097674e-05
HHS Region 7,3 wk ahead,Bin,percent,11,11.1,1.0010785324058403e-05
HHS Region 7,3 wk ahead,Bin,percent,11.1,11.2,1.0007709921131508e-05
HHS Region 7,3 wk ahead,Bin,percent,11.2,11.3,1.0005490651416657e-05
HHS Region 7,3 wk ahead,Bin,percent,11.3,11.4,1.0003895426461972e-05
HHS Region 7,3 wk ahead,Bin,percent,11.4,11.5,1.0002753235418886e-05
HHS Region 7,3 wk ahead,Bin,percent,11.5,11.6,1.0001938603024252e-05
HHS Region 7,3 wk ahead,Bin,percent,11.6,11.7,1.0001359851936977e-05
HHS Region 7,3 wk ahead,Bin,percent,11.7,11.8,1.0000950279942627e-05
HHS Region 7,3 wk ahead,Bin,percent,11.8,11.9,1.0000661559182179e-05
HHS Region 7,3 wk ahead,Bin,percent,11.9,12,1.0000458820739759e-05
HHS Region 7,3 wk ahead,Bin,percent,12,12.1,1.0000317011181092e-05
HHS Region 7,3 wk ahead,Bin,percent,12.1,12.2,1.0000218204307646e-05
HHS Region 7,3 wk ahead,Bin,percent,12.2,12.3,1.000014962675586e-05
HHS Region 7,3 wk ahead,Bin,percent,12.3,12.4,1.0000102214474476e-05
HHS Region 7,3 wk ahead,Bin,percent,12.4,12.5,1.000006956210901e-05
HHS Region 7,3 wk ahead,Bin,percent,12.5,12.6,1.000004716179014e-05
HHS Region 7,3 wk ahead,Bin,percent,12.6,12.7,1.000003185407678e-05
HHS Region 7,3 wk ahead,Bin,percent,12.7,12.8,1.0000021433690925e-05
HHS Region 7,3 wk ahead,Bin,percent,12.8,12.9,1.0000014367662095e-05
HHS Region 7,3 wk ahead,Bin,percent,12.9,13,1.000000959472314e-05
HHS Region 7,3 wk ahead,Bin,percent,13,100,1.0000006383163808e-05
HHS Region 7,4 wk ahead,Point,percent,,,1.685115909481114
HHS Region 7,4 wk ahead,Bin,percent,0,0.1,0.01711799000908992
HHS Region 7,4 wk ahead,Bin,percent,0.1,0.2,0.01804367929298146
HHS Region 7,4 wk ahead,Bin,percent,0.2,0.3,0.01895829246661039
HHS Region 7,4 wk ahead,Bin,percent,0.3,0.4,0.019855232907722103
HHS Region 7,4 wk ahead,Bin,percent,0.4,0.5,0.020727755546609
HHS Region 7,4 wk ahead,Bin,percent,0.5,0.6,0.021569048622379114
HHS Region 7,4 wk ahead,Bin,percent,0.6,0.7,0.022372320261985785
HHS Region 7,4 wk ahead,Bin,percent,0.7,0.8,0.023130888389057625
HHS Region 7,4 wk ahead,Bin,percent,0.8,0.9,0.02383827233017476
HHS Region 7,4 wk ahead,Bin,percent,0.9,1,0.02448828438393273
HHS Region 7,4 wk ahead,Bin,percent,1,1.1,0.025075119557369727
HHS Region 7,4 wk ahead,Bin,percent,1.1,1.2,0.025593441658363882
HHS Region 7,4 wk ahead,Bin,percent,1.2,1.3,0.02603846396334665
HHS Region 7,4 wk ahead,Bin,percent,1.3,1.4,0.0264060227575722
HHS Region 7,4 wk ahead,Bin,percent,1.4,1.5,0.026692642169162183
HHS Region 7,4 wk ahead,Bin,percent,1.5,1.6,0.02689558888561771
HHS Region 7,4 wk ahead,Bin,percent,1.6,1.7,0.027012915548404032
HHS Region 7,4 wk ahead,Bin,percent,1.7,1.8,0.0270434918621702
HHS Region 7,4 wk ahead,Bin,percent,1.8,1.9,0.026987022723593487
HHS Region 7,4 wk ahead,Bin,percent,1.9,2,0.02684405296320793
HHS Region 7,4 wk ahead,Bin,percent,2,2.1,0.02661595859366037
HHS Region 7,4 wk ahead,Bin,percent,2.1,2.2,0.02630492476099713
HHS Region 7,4 wk ahead,Bin,percent,2.2,2.3,0.02591391089307159
HHS Region 7,4 wk ahead,Bin,percent,2.3,2.4,0.025446603822429532
HHS Region 7,4 wk ahead,Bin,percent,2.4,2.5,0.024907359922028048
HHS Region 7,4 wk ahead,Bin,percent,2.5,2.6,0.02430113752360372
HHS Region 7,4 wk ahead,Bin,percent,2.6,2.7,0.023633421084185167
HHS Region 7,4 wk ahead,Bin,percent,2.7,2.8,0.02291013872112976
HHS Region 7,4 wk ahead,Bin,percent,2.8,2.9,0.02213757484652697
HHS Region 7,4 wk ahead,Bin,percent,2.9,3,0.02132227969571163
HHS Region 7,4 wk ahead,Bin,percent,3,3.1,0.020470977561349468
HHS Region 7,4 wk ahead,Bin,percent,3.1,3.2,0.0195904755149911
HHS Region 7,4 wk ahead,Bin,percent,3.2,3.3,0.018687574324460856
HHS Region 7,4 wk ahead,Bin,percent,3.3,3.4,0.017768983161587946
HHS Region 7,4 wk ahead,Bin,percent,3.4,3.5,0.01684123954536516
HHS Region 7,4 wk ahead,Bin,percent,3.5,3.6,0.015910635786329713
HHS Region 7,4 wk ahead,Bin,percent,3.6,3.7,0.0149831529951872
HHS Region 7,4 wk ahead,Bin,percent,3.7,3.8,0.014064403499271324
HHS Region 7,4 wk ahead,Bin,percent,3.8,3.9,0.013159582281361387
HHS Region 7,4 wk ahead,Bin,percent,3.9,4,0.012273427823615991
HHS Region 7,4 wk ahead,Bin,percent,4,4.1,0.011410192511573618
HHS Region 7,4 wk ahead,Bin,percent,4.1,4.2,0.010573622535458295
HHS Region 7,4 wk ahead,Bin,percent,4.2,4.3,0.009766947023862356
HHS Region 7,4 wk ahead,Bin,percent,4.3,4.4,0.008992875962875083
HHS Region 7,4 wk ahead,Bin,percent,4.4,4.5,0.008253606295570861
HHS Region 7,4 wk ahead,Bin,percent,4.5,4.6,0.007550835465150456
HHS Region 7,4 wk ahead,Bin,percent,4.6,4.7,0.006885781561616287
HHS Region 7,4 wk ahead,Bin,percent,4.7,4.8,0.006259209157333729
HHS Region 7,4 wk ahead,Bin,percent,4.8,4.9,0.005671459870918764
HHS Region 7,4 wk ahead,Bin,percent,4.9,5,0.005122486680474435
HHS Region 7,4 wk ahead,Bin,percent,5,5.1,0.004611891014404975
HHS Region 7,4 wk ahead,Bin,percent,5.1,5.2,0.004138961678374422
HHS Region 7,4 wk ahead,Bin,percent,5.2,5.3,0.003702714727477251
HHS Region 7,4 wk ahead,Bin,percent,5.3,5.4,0.0033019334600415838
HHS Region 7,4 wk ahead,Bin,percent,5.4,5.5,0.0029352077901913807
HHS Region 7,4 wk ahead,Bin,percent,5.5,5.6,0.0026009723467926658
HHS Region 7,4 wk ahead,Bin,percent,5.6,5.7,0.0022975427432090282
HHS Region 7,4 wk ahead,Bin,percent,5.7,5.8,0.002023149562078972
HHS Region 7,4 wk ahead,Bin,percent,5.8,5.9,0.001775969699055437
HHS Region 7,4 wk ahead,Bin,percent,5.9,6,0.0015541548064104047
HHS Region 7,4 wk ahead,Bin,percent,6,6.1,0.0013558566692905571
HHS Region 7,4 wk ahead,Bin,percent,6.1,6.2,0.0011792494323229286
HHS Region 7,4 wk ahead,Bin,percent,6.2,6.3,0.0010225486707575312
HHS Region 7,4 wk ahead,Bin,percent,6.3,6.4,0.0008840273673736131
HHS Region 7,4 wk ahead,Bin,percent,6.4,6.5,0.0007620289133555171
HHS Region 7,4 wk ahead,Bin,percent,6.5,6.6,0.0006549772980311422
HHS Region 7,4 wk ahead,Bin,percent,6.6,6.7,0.0005613846888662317
HHS Region 7,4 wk ahead,Bin,percent,6.7,6.8,0.00047985662981749055
HHS Region 7,4 wk ahead,Bin,percent,6.8,6.9,0.0004090951037001556
HHS Region 7,4 wk ahead,Bin,percent,6.9,7,0.00034789971343925877
HHS Region 7,4 wk ahead,Bin,percent,7,7.1,0.0002951672388979951
HHS Region 7,4 wk ahead,Bin,percent,7.1,7.2,0.0002498898214425944
HHS Region 7,4 wk ahead,Bin,percent,7.2,7.3,0.00021115201857861595
HHS Region 7,4 wk ahead,Bin,percent,7.3,7.4,0.0001781269569421152
HHS Region 7,4 wk ahead,Bin,percent,7.4,7.5,0.00015007179467658313
HHS Region 7,4 wk ahead,Bin,percent,7.5,7.6,0.00012632268473329044
HHS Region 7,4 wk ahead,Bin,percent,7.6,7.7,0.00010628940977299979
HHS Region 7,4 wk ahead,Bin,percent,7.7,7.8,8.944983789456183e-05
HHS Region 7,4 wk ahead,Bin,percent,7.8,7.9,7.534432703497733e-05
HHS Region 7,4 wk ahead,Bin,percent,7.9,8,6.357018512770795e-05
HHS Region 7,4 wk ahead,Bin,percent,8,8.1,5.377627341148323e-05
HHS Region 7,4 wk ahead,Bin,percent,8.1,8.2,4.5657821983981986e-05
HHS Region 7,4 wk ahead,Bin,percent,8.2,8.3,3.895151002812503e-05
HHS Region 7,4 wk ahead,Bin,percent,8.3,8.4,3.3430848248784584e-05
HHS Region 7,4 wk ahead,Bin,percent,8.4,8.5,2.890188801220379e-05
HHS Region 7,4 wk ahead,Bin,percent,8.5,8.6,2.5199270481131518e-05
HHS Region 7,4 wk ahead,Bin,percent,8.6,8.7,2.2182619633592054e-05
HHS Region 7,4 wk ahead,Bin,percent,8.7,8.8,1.973327534813438e-05
HHS Region 7,4 wk ahead,Bin,percent,8.8,8.9,1.7751356607967317e-05
HHS Region 7,4 wk ahead,Bin,percent,8.9,9,1.6153140173950612e-05
HHS Region 7,4 wk ahead,Bin,percent,9,9.1,1.4868736642872712e-05
HHS Region 7,4 wk ahead,Bin,percent,9.1,9.2,1.3840043478717066e-05
HHS Region 7,4 wk ahead,Bin,percent,9.2,9.3,1.3018953217789772e-05
HHS Region 7,4 wk ahead,Bin,percent,9.3,9.4,1.2365794446846754e-05
HHS Region 7,4 wk ahead,Bin,percent,9.4,9.5,1.184798318968068e-05
HHS Region 7,4 wk ahead,Bin,percent,9.5,9.6,1.1438862877362415e-05
HHS Region 7,4 wk ahead,Bin,percent,9.6,9.7,1.1116711999845053e-05
HHS Region 7,4 wk ahead,Bin,percent,9.7,9.8,1.0863899736125013e-05
HHS Region 7,4 wk ahead,Bin,percent,9.8,9.9,1.0666171245767084e-05
HHS Region 7,4 wk ahead,Bin,percent,9.9,10,1.0512045800041213e-05
HHS Region 7,4 wk ahead,Bin,percent,10,10.1,1.0392312473627517e-05
HHS Region 7,4 wk ahead,Bin,percent,10.1,10.2,1.0299609657897512e-05
HHS Region 7,4 wk ahead,Bin,percent,10.2,10.3,1.0228076155599313e-05
HHS Region 7,4 wk ahead,Bin,percent,10.3,10.4,1.0173063045761066e-05
HHS Region 7,4 wk ahead,Bin,percent,10.4,10.5,1.01308968467481e-05
HHS Region 7,4 wk ahead,Bin,percent,10.5,10.6,1.009868574183513e-05
HHS Region 7,4 wk ahead,Bin,percent,10.6,10.7,1.0074161758467376e-05
HHS Region 7,4 wk ahead,Bin,percent,10.7,10.8,1.0055552807386086e-05
HHS Region 7,4 wk ahead,Bin,percent,10.8,10.9,1.0041479392451613e-05
HHS Region 7,4 wk ahead,Bin,percent,10.9,11,1.003087160050454e-05
HHS Region 7,4 wk ahead,Bin,percent,11,11.1,1.0022902679093426e-05
HHS Region 7,4 wk ahead,Bin,percent,11.1,11.2,1.0016936115765103e-05
HHS Region 7,4 wk ahead,Bin,percent,11.2,11.3,1.0012483653986217e-05
HHS Region 7,4 wk ahead,Bin,percent,11.3,11.4,1.0009172126063311e-05
HHS Region 7,4 wk ahead,Bin,percent,11.4,11.5,1.0006717361037931e-05
HHS Region 7,4 wk ahead,Bin,percent,11.5,11.6,1.0004903743552856e-05
HHS Region 7,4 wk ahead,Bin,percent,11.6,11.7,1.0003568265760966e-05
HHS Region 7,4 wk ahead,Bin,percent,11.7,11.8,1.000258813555323e-05
HHS Region 7,4 wk ahead,Bin,percent,11.8,11.9,1.0001871187157173e-05
HHS Region 7,4 wk ahead,Bin,percent,11.9,12,1.0001348490281208e-05
HHS Region 7,4 wk ahead,Bin,percent,12,12.1,1.0000968676573486e-05
HHS Region 7,4 wk ahead,Bin,percent,12.1,12.2,1.000069360171187e-05
HHS Region 7,4 wk ahead,Bin,percent,12.2,12.3,1.0000495041831987e-05
HHS Region 7,4 wk ahead,Bin,percent,12.3,12.4,1.000035218757113e-05
HHS Region 7,4 wk ahead,Bin,percent,12.4,12.5,1.0000249750597017e-05
HHS Region 7,4 wk ahead,Bin,percent,12.5,12.6,1.000017653849832e-05
HHS Region 7,4 wk ahead,Bin,percent,12.6,12.7,1.000012438634438e-05
HHS Region 7,4 wk ahead,Bin,percent,12.7,12.8,1.0000087358740548e-05
HHS Region 7,4 wk ahead,Bin,percent,12.8,12.9,1.0000061156188035e-05
HHS Region 7,4 wk ahead,Bin,percent,12.9,13,1.0000042675128136e-05
HHS Region 7,4 wk ahead,Bin,percent,13,100,1.0000029683126556e-05
HHS Region 8,Season onset,Point,week,,,4.500000000000006
HHS Region 8,Season onset,Bin,week,40,41,0.029411764705882363
HHS Region 8,Season onset,Bin,week,41,42,0.029411764705882363
HHS Region 8,Season onset,Bin,week,42,43,0.029411764705882363
HHS Region 8,Season onset,Bin,week,43,44,0.029411764705882363
HHS Region 8,Season onset,Bin,week,44,45,0.029411764705882363
HHS Region 8,Season onset,Bin,week,45,46,0.029411764705882363
HHS Region 8,Season onset,Bin,week,46,47,0.029411764705882363
HHS Region 8,Season onset,Bin,week,47,48,0.029411764705882363
HHS Region 8,Season onset,Bin,week,48,49,0.029411764705882363
HHS Region 8,Season onset,Bin,week,49,50,0.029411764705882363
HHS Region 8,Season onset,Bin,week,50,51,0.029411764705882363
HHS Region 8,Season onset,Bin,week,51,52,0.029411764705882363
HHS Region 8,Season onset,Bin,week,52,53,0.029411764705882363
HHS Region 8,Season onset,Bin,week,1,2,0.029411764705882363
HHS Region 8,Season onset,Bin,week,2,3,0.029411764705882363
HHS Region 8,Season onset,Bin,week,3,4,0.029411764705882363
HHS Region 8,Season onset,Bin,week,4,5,0.029411764705882363
HHS Region 8,Season onset,Bin,week,5,6,0.029411764705882363
HHS Region 8,Season onset,Bin,week,6,7,0.029411764705882363
HHS Region 8,Season onset,Bin,week,7,8,0.029411764705882363
HHS Region 8,Season onset,Bin,week,8,9,0.029411764705882363
HHS Region 8,Season onset,Bin,week,9,10,0.029411764705882363
HHS Region 8,Season onset,Bin,week,10,11,0.029411764705882363
HHS Region 8,Season onset,Bin,week,11,12,0.029411764705882363
HHS Region 8,Season onset,Bin,week,12,13,0.029411764705882363
HHS Region 8,Season onset,Bin,week,13,14,0.029411764705882363
HHS Region 8,Season onset,Bin,week,14,15,0.029411764705882363
HHS Region 8,Season onset,Bin,week,15,16,0.029411764705882363
HHS Region 8,Season onset,Bin,week,16,17,0.029411764705882363
HHS Region 8,Season onset,Bin,week,17,18,0.029411764705882363
HHS Region 8,Season onset,Bin,week,18,19,0.029411764705882363
HHS Region 8,Season onset,Bin,week,19,20,0.029411764705882363
HHS Region 8,Season onset,Bin,week,20,21,0.029411764705882363
HHS Region 8,Season onset,Bin,week,none,none,0.029411764705882363
HHS Region 8,Season peak week,Point,week,,,4.4999999999999885
HHS Region 8,Season peak week,Bin,week,40,41,0.030303030303030307
HHS Region 8,Season peak week,Bin,week,41,42,0.030303030303030307
HHS Region 8,Season peak week,Bin,week,42,43,0.030303030303030307
HHS Region 8,Season peak week,Bin,week,43,44,0.030303030303030307
HHS Region 8,Season peak week,Bin,week,44,45,0.030303030303030307
HHS Region 8,Season peak week,Bin,week,45,46,0.030303030303030307
HHS Region 8,Season peak week,Bin,week,46,47,0.030303030303030307
HHS Region 8,Season peak week,Bin,week,47,48,0.030303030303030307
HHS Region 8,Season peak week,Bin,week,48,49,0.030303030303030307
HHS Region 8,Season peak week,Bin,week,49,50,0.030303030303030307
HHS Region 8,Season peak week,Bin,week,50,51,0.030303030303030307
HHS Region 8,Season peak week,Bin,week,51,52,0.030303030303030307
HHS Region 8,Season peak week,Bin,week,52,53,0.030303030303030307
HHS Region 8,Season peak week,Bin,week,1,2,0.030303030303030307
HHS Region 8,Season peak week,Bin,week,2,3,0.030303030303030307
HHS Region 8,Season peak week,Bin,week,3,4,0.030303030303030307
HHS Region 8,Season peak week,Bin,week,4,5,0.030303030303030307
HHS Region 8,Season peak week,Bin,week,5,6,0.030303030303030307
HHS Region 8,Season peak week,Bin,week,6,7,0.030303030303030307
HHS Region 8,Season peak week,Bin,week,7,8,0.030303030303030307
HHS Region 8,Season peak week,Bin,week,8,9,0.030303030303030307
HHS Region 8,Season peak week,Bin,week,9,10,0.030303030303030307
HHS Region 8,Season peak week,Bin,week,10,11,0.030303030303030307
HHS Region 8,Season peak week,Bin,week,11,12,0.030303030303030307
HHS Region 8,Season peak week,Bin,week,12,13,0.030303030303030307
HHS Region 8,Season peak week,Bin,week,13,14,0.030303030303030307
HHS Region 8,Season peak week,Bin,week,14,15,0.030303030303030307
HHS Region 8,Season peak week,Bin,week,15,16,0.030303030303030307
HHS Region 8,Season peak week,Bin,week,16,17,0.030303030303030307
HHS Region 8,Season peak week,Bin,week,17,18,0.030303030303030307
HHS Region 8,Season peak week,Bin,week,18,19,0.030303030303030307
HHS Region 8,Season peak week,Bin,week,19,20,0.030303030303030307
HHS Region 8,Season peak week,Bin,week,20,21,0.030303030303030307
HHS Region 8,Season peak percentage,Point,percent,,,6.5500000000000025
HHS Region 8,Season peak percentage,Bin,percent,0,0.1,0.0076335877862595426
HHS Region 8,Season peak percentage,Bin,percent,0.1,0.2,0.0076335877862595426
HHS Region 8,Season peak percentage,Bin,percent,0.2,0.3,0.0076335877862595426
HHS Region 8,Season peak percentage,Bin,percent,0.3,0.4,0.0076335877862595426
HHS Region 8,Season peak percentage,Bin,percent,0.4,0.5,0.0076335877862595426
HHS Region 8,Season peak percentage,Bin,percent,0.5,0.6,0.0076335877862595426
HHS Region 8,Season peak percentage,Bin,percent,0.6,0.7,0.0076335877862595426
HHS Region 8,Season peak percentage,Bin,percent,0.7,0.8,0.0076335877862595426
HHS Region 8,Season peak percentage,Bin,percent,0.8,0.9,0.0076335877862595426
HHS Region 8,Season peak percentage,Bin,percent,0.9,1,0.0076335877862595426
HHS Region 8,Season peak percentage,Bin,percent,1,1.1,0.0076335877862595426
HHS Region 8,Season peak percentage,Bin,percent,1.1,1.2,0.0076335877862595426
HHS Region 8,Season peak percentage,Bin,percent,1.2,1.3,0.0076335877862595426
HHS Region 8,Season peak percentage,Bin,percent,1.3,1.4,0.0076335877862595426
HHS Region 8,Season peak percentage,Bin,percent,1.4,1.5,0.0076335877862595426
HHS Region 8,Season peak percentage,Bin,percent,1.5,1.6,0.0076335877862595426
HHS Region 8,Season peak percentage,Bin,percent,1.6,1.7,0.0076335877862595426
HHS Region 8,Season peak percentage,Bin,percent,1.7,1.8,0.0076335877862595426
HHS Region 8,Season peak percentage,Bin,percent,1.8,1.9,0.0076335877862595426
HHS Region 8,Season peak percentage,Bin,percent,1.9,2,0.0076335877862595426
HHS Region 8,Season peak percentage,Bin,percent,2,2.1,0.0076335877862595426
HHS Region 8,Season peak percentage,Bin,percent,2.1,2.2,0.0076335877862595426
HHS Region 8,Season peak percentage,Bin,percent,2.2,2.3,0.0076335877862595426
HHS Region 8,Season peak percentage,Bin,percent,2.3,2.4,0.0076335877862595426
HHS Region 8,Season peak percentage,Bin,percent,2.4,2.5,0.0076335877862595426
HHS Region 8,Season peak percentage,Bin,percent,2.5,2.6,0.0076335877862595426
HHS Region 8,Season peak percentage,Bin,percent,2.6,2.7,0.0076335877862595426
HHS Region 8,Season peak percentage,Bin,percent,2.7,2.8,0.0076335877862595426
HHS Region 8,Season peak percentage,Bin,percent,2.8,2.9,0.0076335877862595426
HHS Region 8,Season peak percentage,Bin,percent,2.9,3,0.0076335877862595426
HHS Region 8,Season peak percentage,Bin,percent,3,3.1,0.0076335877862595426
HHS Region 8,Season peak percentage,Bin,percent,3.1,3.2,0.0076335877862595426
HHS Region 8,Season peak percentage,Bin,percent,3.2,3.3,0.0076335877862595426
HHS Region 8,Season peak percentage,Bin,percent,3.3,3.4,0.0076335877862595426
HHS Region 8,Season peak percentage,Bin,percent,3.4,3.5,0.0076335877862595426
HHS Region 8,Season peak percentage,Bin,percent,3.5,3.6,0.0076335877862595426
HHS Region 8,Season peak percentage,Bin,percent,3.6,3.7,0.0076335877862595426
HHS Region 8,Season peak percentage,Bin,percent,3.7,3.8,0.0076335877862595426
HHS Region 8,Season peak percentage,Bin,percent,3.8,3.9,0.0076335877862595426
HHS Region 8,Season peak percentage,Bin,percent,3.9,4,0.0076335877862595426
HHS Region 8,Season peak percentage,Bin,percent,4,4.1,0.0076335877862595426
HHS Region 8,Season peak percentage,Bin,percent,4.1,4.2,0.0076335877862595426
HHS Region 8,Season peak percentage,Bin,percent,4.2,4.3,0.0076335877862595426
HHS Region 8,Season peak percentage,Bin,percent,4.3,4.4,0.0076335877862595426
HHS Region 8,Season peak percentage,Bin,percent,4.4,4.5,0.0076335877862595426
HHS Region 8,Season peak percentage,Bin,percent,4.5,4.6,0.0076335877862595426
HHS Region 8,Season peak percentage,Bin,percent,4.6,4.7,0.0076335877862595426
HHS Region 8,Season peak percentage,Bin,percent,4.7,4.8,0.0076335877862595426
HHS Region 8,Season peak percentage,Bin,percent,4.8,4.9,0.0076335877862595426
HHS Region 8,Season peak percentage,Bin,percent,4.9,5,0.0076335877862595426
HHS Region 8,Season peak percentage,Bin,percent,5,5.1,0.0076335877862595426
HHS Region 8,Season peak percentage,Bin,percent,5.1,5.2,0.0076335877862595426
HHS Region 8,Season peak percentage,Bin,percent,5.2,5.3,0.0076335877862595426
HHS Region 8,Season peak percentage,Bin,percent,5.3,5.4,0.0076335877862595426
HHS Region 8,Season peak percentage,Bin,percent,5.4,5.5,0.0076335877862595426
HHS Region 8,Season peak percentage,Bin,percent,5.5,5.6,0.0076335877862595426
HHS Region 8,Season peak percentage,Bin,percent,5.6,5.7,0.0076335877862595426
HHS Region 8,Season peak percentage,Bin,percent,5.7,5.8,0.0076335877862595426
HHS Region 8,Season peak percentage,Bin,percent,5.8,5.9,0.0076335877862595426
HHS Region 8,Season peak percentage,Bin,percent,5.9,6,0.0076335877862595426
HHS Region 8,Season peak percentage,Bin,percent,6,6.1,0.0076335877862595426
HHS Region 8,Season peak percentage,Bin,percent,6.1,6.2,0.0076335877862595426
HHS Region 8,Season peak percentage,Bin,percent,6.2,6.3,0.0076335877862595426
HHS Region 8,Season peak percentage,Bin,percent,6.3,6.4,0.0076335877862595426
HHS Region 8,Season peak percentage,Bin,percent,6.4,6.5,0.0076335877862595426
HHS Region 8,Season peak percentage,Bin,percent,6.5,6.6,0.0076335877862595426
HHS Region 8,Season peak percentage,Bin,percent,6.6,6.7,0.0076335877862595426
HHS Region 8,Season peak percentage,Bin,percent,6.7,6.8,0.0076335877862595426
HHS Region 8,Season peak percentage,Bin,percent,6.8,6.9,0.0076335877862595426
HHS Region 8,Season peak percentage,Bin,percent,6.9,7,0.0076335877862595426
HHS Region 8,Season peak percentage,Bin,percent,7,7.1,0.0076335877862595426
HHS Region 8,Season peak percentage,Bin,percent,7.1,7.2,0.0076335877862595426
HHS Region 8,Season peak percentage,Bin,percent,7.2,7.3,0.0076335877862595426
HHS Region 8,Season peak percentage,Bin,percent,7.3,7.4,0.0076335877862595426
HHS Region 8,Season peak percentage,Bin,percent,7.4,7.5,0.0076335877862595426
HHS Region 8,Season peak percentage,Bin,percent,7.5,7.6,0.0076335877862595426
HHS Region 8,Season peak percentage,Bin,percent,7.6,7.7,0.0076335877862595426
HHS Region 8,Season peak percentage,Bin,percent,7.7,7.8,0.0076335877862595426
HHS Region 8,Season peak percentage,Bin,percent,7.8,7.9,0.0076335877862595426
HHS Region 8,Season peak percentage,Bin,percent,7.9,8,0.0076335877862595426
HHS Region 8,Season peak percentage,Bin,percent,8,8.1,0.0076335877862595426
HHS Region 8,Season peak percentage,Bin,percent,8.1,8.2,0.0076335877862595426
HHS Region 8,Season peak percentage,Bin,percent,8.2,8.3,0.0076335877862595426
HHS Region 8,Season peak percentage,Bin,percent,8.3,8.4,0.0076335877862595426
HHS Region 8,Season peak percentage,Bin,percent,8.4,8.5,0.0076335877862595426
HHS Region 8,Season peak percentage,Bin,percent,8.5,8.6,0.0076335877862595426
HHS Region 8,Season peak percentage,Bin,percent,8.6,8.7,0.0076335877862595426
HHS Region 8,Season peak percentage,Bin,percent,8.7,8.8,0.0076335877862595426
HHS Region 8,Season peak percentage,Bin,percent,8.8,8.9,0.0076335877862595426
HHS Region 8,Season peak percentage,Bin,percent,8.9,9,0.0076335877862595426
HHS Region 8,Season peak percentage,Bin,percent,9,9.1,0.0076335877862595426
HHS Region 8,Season peak percentage,Bin,percent,9.1,9.2,0.0076335877862595426
HHS Region 8,Season peak percentage,Bin,percent,9.2,9.3,0.0076335877862595426
HHS Region 8,Season peak percentage,Bin,percent,9.3,9.4,0.0076335877862595426
HHS Region 8,Season peak percentage,Bin,percent,9.4,9.5,0.0076335877862595426
HHS Region 8,Season peak percentage,Bin,percent,9.5,9.6,0.0076335877862595426
HHS Region 8,Season peak percentage,Bin,percent,9.6,9.7,0.0076335877862595426
HHS Region 8,Season peak percentage,Bin,percent,9.7,9.8,0.0076335877862595426
HHS Region 8,Season peak percentage,Bin,percent,9.8,9.9,0.0076335877862595426
HHS Region 8,Season peak percentage,Bin,percent,9.9,10,0.0076335877862595426
HHS Region 8,Season peak percentage,Bin,percent,10,10.1,0.0076335877862595426
HHS Region 8,Season peak percentage,Bin,percent,10.1,10.2,0.0076335877862595426
HHS Region 8,Season peak percentage,Bin,percent,10.2,10.3,0.0076335877862595426
HHS Region 8,Season peak percentage,Bin,percent,10.3,10.4,0.0076335877862595426
HHS Region 8,Season peak percentage,Bin,percent,10.4,10.5,0.0076335877862595426
HHS Region 8,Season peak percentage,Bin,percent,10.5,10.6,0.0076335877862595426
HHS Region 8,Season peak percentage,Bin,percent,10.6,10.7,0.0076335877862595426
HHS Region 8,Season peak percentage,Bin,percent,10.7,10.8,0.0076335877862595426
HHS Region 8,Season peak percentage,Bin,percent,10.8,10.9,0.0076335877862595426
HHS Region 8,Season peak percentage,Bin,percent,10.9,11,0.0076335877862595426
HHS Region 8,Season peak percentage,Bin,percent,11,11.1,0.0076335877862595426
HHS Region 8,Season peak percentage,Bin,percent,11.1,11.2,0.0076335877862595426
HHS Region 8,Season peak percentage,Bin,percent,11.2,11.3,0.0076335877862595426
HHS Region 8,Season peak percentage,Bin,percent,11.3,11.4,0.0076335877862595426
HHS Region 8,Season peak percentage,Bin,percent,11.4,11.5,0.0076335877862595426
HHS Region 8,Season peak percentage,Bin,percent,11.5,11.6,0.0076335877862595426
HHS Region 8,Season peak percentage,Bin,percent,11.6,11.7,0.0076335877862595426
HHS Region 8,Season peak percentage,Bin,percent,11.7,11.8,0.0076335877862595426
HHS Region 8,Season peak percentage,Bin,percent,11.8,11.9,0.0076335877862595426
HHS Region 8,Season peak percentage,Bin,percent,11.9,12,0.0076335877862595426
HHS Region 8,Season peak percentage,Bin,percent,12,12.1,0.0076335877862595426
HHS Region 8,Season peak percentage,Bin,percent,12.1,12.2,0.0076335877862595426
HHS Region 8,Season peak percentage,Bin,percent,12.2,12.3,0.0076335877862595426
HHS Region 8,Season peak percentage,Bin,percent,12.3,12.4,0.0076335877862595426
HHS Region 8,Season peak percentage,Bin,percent,12.4,12.5,0.0076335877862595426
HHS Region 8,Season peak percentage,Bin,percent,12.5,12.6,0.0076335877862595426
HHS Region 8,Season peak percentage,Bin,percent,12.6,12.7,0.0076335877862595426
HHS Region 8,Season peak percentage,Bin,percent,12.7,12.8,0.0076335877862595426
HHS Region 8,Season peak percentage,Bin,percent,12.8,12.9,0.0076335877862595426
HHS Region 8,Season peak percentage,Bin,percent,12.9,13,0.0076335877862595426
HHS Region 8,Season peak percentage,Bin,percent,13,100,0.0076335877862595426
HHS Region 8,1 wk ahead,Point,percent,,,2.573834980801096
HHS Region 8,1 wk ahead,Bin,percent,0,0.1,0.0009015808365980524
HHS Region 8,1 wk ahead,Bin,percent,0.1,0.2,0.0012085137692684708
HHS Region 8,1 wk ahead,Bin,percent,0.2,0.3,0.0016023354854058927
HHS Region 8,1 wk ahead,Bin,percent,0.3,0.4,0.002100910109062384
HHS Region 8,1 wk ahead,Bin,percent,0.4,0.5,0.002723597273924889
HHS Region 8,1 wk ahead,Bin,percent,0.5,0.6,0.0034906845809118377
HHS Region 8,1 wk ahead,Bin,percent,0.6,0.7,0.004422586049173436
HHS Region 8,1 wk ahead,Bin,percent,0.7,0.8,0.005538800878193939
HHS Region 8,1 wk ahead,Bin,percent,0.8,0.9,0.00685664725824245
HHS Region 8,1 wk ahead,Bin,percent,0.9,1,0.008389810565590794
HHS Region 8,1 wk ahead,Bin,percent,1,1.1,0.010146772315694629
HHS Region 8,1 wk ahead,Bin,percent,1.1,1.2,0.012129213202991871
HHS Region 8,1 wk ahead,Bin,percent,1.2,1.3,0.014330507291363566
HHS Region 8,1 wk ahead,Bin,percent,1.3,1.4,0.016734441467692568
HHS Region 8,1 wk ahead,Bin,percent,1.4,1.5,0.0193143012476468
HHS Region 8,1 wk ahead,Bin,percent,1.5,1.6,0.02203245811399686
HHS Region 8,1 wk ahead,Bin,percent,1.6,1.7,0.02484057303408737
HHS Region 8,1 wk ahead,Bin,percent,1.7,1.8,0.027680495419054846
HHS Region 8,1 wk ahead,Bin,percent,1.8,1.9,0.030485888133742676
HHS Region 8,1 wk ahead,Bin,percent,1.9,2,0.033184550702650376
HHS Region 8,1 wk ahead,Bin,percent,2,2.1,0.035701349728901224
HHS Region 8,1 wk ahead,Bin,percent,2.1,2.2,0.037961604113556605
HHS Region 8,1 wk ahead,Bin,percent,2.2,2.3,0.03989471980948395
HHS Region 8,1 wk ahead,Bin,percent,2.3,2.4,0.04143783110176175
HHS Region 8,1 wk ahead,Bin,percent,2.4,2.5,0.04253918807188477
HHS Region 8,1 wk ahead,Bin,percent,2.5,2.6,0.04316103623939578
HHS Region 8,1 wk ahead,Bin,percent,2.6,2.7,0.04328176504716299
HHS Region 8,1 wk ahead,Bin,percent,2.7,2.8,0.04289715469906075
HHS Region 8,1 wk ahead,Bin,percent,2.8,2.9,0.042020621027298526
HHS Region 8,1 wk ahead,Bin,percent,2.9,3,0.0406824385735676
HHS Region 8,1 wk ahead,Bin,percent,3,3.1,0.03892800462889034
HHS Region 8,1 wk ahead,Bin,percent,3.1,3.2,0.036815283047752764
HHS Region 8,1 wk ahead,Bin,percent,3.2,3.3,0.034411628506280975
HHS Region 8,1 wk ahead,Bin,percent,3.3,3.4,0.031790233558002465
HHS Region 8,1 wk ahead,Bin,percent,3.4,3.5,0.029026458867946626
HHS Region 8,1 wk ahead,Bin,percent,3.5,3.6,0.0261943006978154
HHS Region 8,1 wk ahead,Bin,percent,3.6,3.7,0.02336322114863558
HHS Region 8,1 wk ahead,Bin,percent,3.7,3.8,0.020595520258076896
HHS Region 8,1 wk ahead,Bin,percent,3.8,3.9,0.01794437085050207
HHS Region 8,1 wk ahead,Bin,percent,3.9,4,0.015452573875205163
HHS Region 8,1 wk ahead,Bin,percent,4,4.1,0.013152030550488795
HHS Region 8,1 wk ahead,Bin,percent,4.1,4.2,0.011063873758413143
HHS Region 8,1 wk ahead,Bin,percent,4.2,4.3,0.009199159111647832
HHS Region 8,1 wk ahead,Bin,percent,4.3,4.4,0.007559988422844508
HHS Region 8,1 wk ahead,Bin,percent,4.4,4.5,0.006140925559426719
HHS Region 8,1 wk ahead,Bin,percent,4.5,4.6,0.004930565797305337
HHS Region 8,1 wk ahead,Bin,percent,4.6,4.7,0.003913132433315199
HHS Region 8,1 wk ahead,Bin,percent,4.7,4.8,0.0030699954020058525
HHS Region 8,1 wk ahead,Bin,percent,4.8,4.9,0.002381032482843492
HHS Region 8,1 wk ahead,Bin,percent,4.9,5,0.0018257810393782425
HHS Region 8,1 wk ahead,Bin,percent,5,5.1,0.001384354260169712
HHS Region 8,1 wk ahead,Bin,percent,5.1,5.2,0.0010381184487681461
HHS Region 8,1 wk ahead,Bin,percent,5.2,5.3,0.0007701457202992885
HHS Region 8,1 wk ahead,Bin,percent,5.3,5.4,0.0005654689664209827
HHS Region 8,1 wk ahead,Bin,percent,5.4,5.5,0.0004111732704937304
HHS Region 8,1 wk ahead,Bin,percent,5.5,5.6,0.0002963607036049004
HHS Region 8,1 wk ahead,Bin,percent,5.6,5.7,0.000212024525689347
HHS Region 8,1 wk ahead,Bin,percent,5.7,5.8,0.00015086529656149826
HHS Region 8,1 wk ahead,Bin,percent,5.8,5.9,0.00010707629106732381
HHS Region 8,1 wk ahead,Bin,percent,5.9,6,7.611980735328891e-05
HHS Region 8,1 wk ahead,Bin,percent,6,6.1,5.451016734000001e-05
HHS Region 8,1 wk ahead,Bin,percent,6.1,6.2,3.961393492444287e-05
HHS Region 8,1 wk ahead,Bin,percent,6.2,6.3,2.9473420929721282e-05
HHS Region 8,1 wk ahead,Bin,percent,6.3,6.4,2.265603386992155e-05
HHS Region 8,1 wk ahead,Bin,percent,6.4,6.5,1.8129470294495983e-05
HHS Region 8,1 wk ahead,Bin,percent,6.5,6.6,1.5161026768962353e-05
HHS Region 8,1 wk ahead,Bin,percent,6.6,6.7,1.323831594295899e-05
HHS Region 8,1 wk ahead,Bin,percent,6.7,6.8,1.2008221292467402e-05
HHS Region 8,1 wk ahead,Bin,percent,6.8,6.9,1.1230872758454027e-05
HHS Region 8,1 wk ahead,Bin,percent,6.9,7,1.0745631068711698e-05
HHS Region 8,1 wk ahead,Bin,percent,7,7.1,1.0446420443544666e-05
HHS Region 8,1 wk ahead,Bin,percent,7.1,7.2,1.0264163856770832e-05
HHS Region 8,1 wk ahead,Bin,percent,7.2,7.3,1.0154494122421595e-05
HHS Region 8,1 wk ahead,Bin,percent,7.3,7.4,1.0089301708961367e-05
HHS Region 8,1 wk ahead,Bin,percent,7.4,7.5,1.0051017223740147e-05
HHS Region 8,1 wk ahead,Bin,percent,7.5,7.6,1.0028806010587896e-05
HHS Region 8,1 wk ahead,Bin,percent,7.6,7.7,1.0016075283976598e-05
HHS Region 8,1 wk ahead,Bin,percent,7.7,7.8,1.0008866320670103e-05
HHS Region 8,1 wk ahead,Bin,percent,7.8,7.9,1.0004833229954537e-05
HHS Region 8,1 wk ahead,Bin,percent,7.9,8,1.0002603998474632e-05
HHS Region 8,1 wk ahead,Bin,percent,8,8.1,1.0001386606512774e-05
HHS Region 8,1 wk ahead,Bin,percent,8.1,8.2,1.0000729751487753e-05
HHS Region 8,1 wk ahead,Bin,percent,8.2,8.3,1.000037958232846e-05
HHS Region 8,1 wk ahead,Bin,percent,8.3,8.4,1.0000195139966085e-05
HHS Region 8,1 wk ahead,Bin,percent,8.4,8.5,1.0000099150682484e-05
HHS Region 8,1 wk ahead,Bin,percent,8.5,8.6,1.0000049791411028e-05
HHS Region 8,1 wk ahead,Bin,percent,8.6,8.7,1.0000024712825516e-05
HHS Region 8,1 wk ahead,Bin,percent,8.7,8.8,1.000001212270718e-05
HHS Region 8,1 wk ahead,Bin,percent,8.8,8.9,1.0000005877411121e-05
HHS Region 8,1 wk ahead,Bin,percent,8.9,9,1.0000002816318506e-05
HHS Region 8,1 wk ahead,Bin,percent,9,9.1,1.0000001333787707e-05
HHS Region 8,1 wk ahead,Bin,percent,9.1,9.2,1.0000000624310871e-05
HHS Region 8,1 wk ahead,Bin,percent,9.2,9.3,1.0000000288818044e-05
HHS Region 8,1 wk ahead,Bin,percent,9.3,9.4,1.0000000132055653e-05
HHS Region 8,1 wk ahead,Bin,percent,9.4,9.5,1.0000000059675893e-05
HHS Region 8,1 wk ahead,Bin,percent,9.5,9.6,1.0000000026653244e-05
HHS Region 8,1 wk ahead,Bin,percent,9.6,9.7,1.0000000011765505e-05
HHS Region 8,1 wk ahead,Bin,percent,9.7,9.8,1.0000000005133103e-05
HHS Region 8,1 wk ahead,Bin,percent,9.8,9.9,1.0000000002213396e-05
HHS Region 8,1 wk ahead,Bin,percent,9.9,10,1.0000000000943297e-05
HHS Region 8,1 wk ahead,Bin,percent,10,10.1,1.0000000000397324e-05
HHS Region 8,1 wk ahead,Bin,percent,10.1,10.2,1.0000000000165406e-05
HHS Region 8,1 wk ahead,Bin,percent,10.2,10.3,1.0000000000068057e-05
HHS Region 8,1 wk ahead,Bin,percent,10.3,10.4,1.0000000000027677e-05
HHS Region 8,1 wk ahead,Bin,percent,10.4,10.5,1.0000000000011124e-05
HHS Region 8,1 wk ahead,Bin,percent,10.5,10.6,1.000000000000442e-05
HHS Region 8,1 wk ahead,Bin,percent,10.6,10.7,1.0000000000001737e-05
HHS Region 8,1 wk ahead,Bin,percent,10.7,10.8,1.0000000000000673e-05
HHS Region 8,1 wk ahead,Bin,percent,10.8,10.9,1.0000000000000258e-05
HHS Region 8,1 wk ahead,Bin,percent,10.9,11,1.00000000000001e-05
HHS Region 8,1 wk ahead,Bin,percent,11,11.1,1.0000000000000038e-05
HHS Region 8,1 wk ahead,Bin,percent,11.1,11.2,1.0000000000000014e-05
HHS Region 8,1 wk ahead,Bin,percent,11.2,11.3,1.0000000000000006e-05
HHS Region 8,1 wk ahead,Bin,percent,11.3,11.4,1.0000000000000003e-05
HHS Region 8,1 wk ahead,Bin,percent,11.4,11.5,1e-05
HHS Region 8,1 wk ahead,Bin,percent,11.5,11.6,1e-05
HHS Region 8,1 wk ahead,Bin,percent,11.6,11.7,1e-05
HHS Region 8,1 wk ahead,Bin,percent,11.7,11.8,1e-05
HHS Region 8,1 wk ahead,Bin,percent,11.8,11.9,1e-05
HHS Region 8,1 wk ahead,Bin,percent,11.9,12,1e-05
HHS Region 8,1 wk ahead,Bin,percent,12,12.1,1e-05
HHS Region 8,1 wk ahead,Bin,percent,12.1,12.2,1e-05
HHS Region 8,1 wk ahead,Bin,percent,12.2,12.3,1e-05
HHS Region 8,1 wk ahead,Bin,percent,12.3,12.4,1e-05
HHS Region 8,1 wk ahead,Bin,percent,12.4,12.5,1e-05
HHS Region 8,1 wk ahead,Bin,percent,12.5,12.6,1e-05
HHS Region 8,1 wk ahead,Bin,percent,12.6,12.7,1e-05
HHS Region 8,1 wk ahead,Bin,percent,12.7,12.8,1e-05
HHS Region 8,1 wk ahead,Bin,percent,12.8,12.9,1e-05
HHS Region 8,1 wk ahead,Bin,percent,12.9,13,1e-05
HHS Region 8,1 wk ahead,Bin,percent,13,100,1e-05
HHS Region 8,2 wk ahead,Point,percent,,,2.7497873542576965
HHS Region 8,2 wk ahead,Bin,percent,0,0.1,0.0017654871607103895
HHS Region 8,2 wk ahead,Bin,percent,0.1,0.2,0.00218750332620156
HHS Region 8,2 wk ahead,Bin,percent,0.2,0.3,0.002689504527814149
HHS Region 8,2 wk ahead,Bin,percent,0.3,0.4,0.003281031014833723
HHS Region 8,2 wk ahead,Bin,percent,0.4,0.5,0.0039714057467954925
HHS Region 8,2 wk ahead,Bin,percent,0.5,0.6,0.0047693592862423145
HHS Region 8,2 wk ahead,Bin,percent,0.6,0.7,0.005682599907460885
HHS Region 8,2 wk ahead,Bin,percent,0.7,0.8,0.006717339890569538
HHS Region 8,2 wk ahead,Bin,percent,0.8,0.9,0.007877793885113192
HHS Region 8,2 wk ahead,Bin,percent,0.9,1,0.009165670026371664
HHS Region 8,2 wk ahead,Bin,percent,1,1.1,0.010579678775698651
HHS Region 8,2 wk ahead,Bin,percent,1.1,1.2,0.01211508780681117
HHS Region 8,2 wk ahead,Bin,percent,1.2,1.3,0.013763353249495331
HHS Region 8,2 wk ahead,Bin,percent,1.3,1.4,0.015511857850445931
HHS Region 8,2 wk ahead,Bin,percent,1.4,1.5,0.017343784823763846
HHS Region 8,2 wk ahead,Bin,percent,1.5,1.6,0.019238152173909114
HHS Region 8,2 wk ahead,Bin,percent,1.6,1.7,0.021170026076003944
HHS Region 8,2 wk ahead,Bin,percent,1.7,1.8,0.023110923671163363
HHS Region 8,2 wk ahead,Bin,percent,1.8,1.9,0.02502940574901835
HHS Region 8,2 wk ahead,Bin,percent,1.9,2,0.026891848798357064
HHS Region 8,2 wk ahead,Bin,percent,2,2.1,0.02866337451403473
HHS Region 8,2 wk ahead,Bin,percent,2.1,2.2,0.03030890386159321
HHS Region 8,2 wk ahead,Bin,percent,2.2,2.3,0.03179429306816259
HHS Region 8,2 wk ahead,Bin,percent,2.3,2.4,0.033087501244201116
HHS Region 8,2 wk ahead,Bin,percent,2.4,2.5,0.03415973445197889
HHS Region 8,2 wk ahead,Bin,percent,2.5,2.6,0.03498650945070012
HHS Region 8,2 wk ahead,Bin,percent,2.6,2.7,0.03554858235490303
HHS Region 8,2 wk ahead,Bin,percent,2.7,2.8,0.03583269305695006
HHS Region 8,2 wk ahead,Bin,percent,2.8,2.9,0.03583208521172289
HHS Region 8,2 wk ahead,Bin,percent,2.9,3,0.0355467733124265
HHS Region 8,2 wk ahead,Bin,percent,3,3.1,0.0349835421161652
HHS Region 8,2 wk ahead,Bin,percent,3.1,3.2,0.03415567845107997
HHS Region 8,2 wk ahead,Bin,percent,3.2,3.3,0.0330824502077061
HHS Region 8,2 wk ahead,Bin,percent,3.3,3.4,0.031788361040396784
HHS Region 8,2 wk ahead,Bin,percent,3.4,3.5,0.03030222102512465
HHS Region 8,2 wk ahead,Bin,percent,3.5,3.6,0.028656082454077542
HHS Region 8,2 wk ahead,Bin,percent,3.6,3.7,0.026884095546675344
HHS Region 8,2 wk ahead,Bin,percent,3.7,3.8,0.02502134084786219
HHS Region 8,2 wk ahead,Bin,percent,3.8,3.9,0.023102693483674438
HHS Region 8,2 wk ahead,Bin,percent,3.9,4,0.021161769542363228
HHS Region 8,2 wk ahead,Bin,percent,4,4.1,0.01922999717493708
HHS Region 8,2 wk ahead,Bin,percent,4.1,4.2,0.017335845269012634
HHS Region 8,2 wk ahead,Bin,percent,4.2,4.3,0.015504231559633838
HHS Region 8,2 wk ahead,Bin,percent,4.3,4.4,0.013756120647995366
HHS Region 8,2 wk ahead,Bin,percent,4.4,4.5,0.012108311411070648
HHS Region 8,2 wk ahead,Bin,percent,4.5,4.6,0.010573403405636284
HHS Region 8,2 wk ahead,Bin,percent,4.6,4.7,0.009159923650947184
HHS Region 8,2 wk ahead,Bin,percent,4.7,4.8,0.007872588985562352
HHS Region 8,2 wk ahead,Bin,percent,4.8,4.9,0.006712675213598293
HHS Region 8,2 wk ahead,Bin,percent,4.9,5,0.0056784624776074115
HHS Region 8,2 wk ahead,Bin,percent,5,5.1,0.004765726551635271
HHS Region 8,2 wk ahead,Bin,percent,5.1,5.2,0.003968247744195421
HHS Region 8,2 wk ahead,Bin,percent,5.2,5.3,0.0032783124564033125
HHS Region 8,2 wk ahead,Bin,percent,5.3,5.4,0.0026871867316865788
HHS Region 8,2 wk ahead,Bin,percent,5.4,5.5,0.002185545933835958
HHS Region 8,2 wk ahead,Bin,percent,5.5,5.6,0.0017638496046664218
HHS Region 8,2 wk ahead,Bin,percent,5.6,5.7,0.0014126552438342116
HHS Region 8,2 wk ahead,Bin,percent,5.7,5.8,0.0011228689584684508
HHS Region 8,2 wk ahead,Bin,percent,5.8,5.9,0.0008859344682661018
HHS Region 8,2 wk ahead,Bin,percent,5.9,6,0.0006939647227554341
HHS Region 8,2 wk ahead,Bin,percent,6,6.1,0.0005398223653080095
HHS Region 8,2 wk ahead,Bin,percent,6.1,6.2,0.0004171564981263547
HHS Region 8,2 wk ahead,Bin,percent,6.2,6.3,0.00032040374493613413
HHS Region 8,2 wk ahead,Bin,percent,6.3,6.4,0.0002447615848129237
HHS Region 8,2 wk ahead,Bin,percent,6.4,6.5,0.0001861414680370007
HHS Region 8,2 wk ahead,Bin,percent,6.5,6.6,0.0001411084518299429
HHS Region 8,2 wk ahead,Bin,percent,6.6,6.7,0.00010681313088722892
HHS Region 8,2 wk ahead,Bin,percent,6.7,6.8,8.092058999053996e-05
HHS Region 8,2 wk ahead,Bin,percent,6.8,6.9,6.154005919992174e-05
HHS Region 8,2 wk ahead,Bin,percent,6.9,7,4.7157970432683975e-05
HHS Region 8,2 wk ahead,Bin,percent,7,7.1,3.6576241105514036e-05
HHS Region 8,2 wk ahead,Bin,percent,7.1,7.2,2.885687073763174e-05
HHS Region 8,2 wk ahead,Bin,percent,7.2,7.3,2.3273339155552616e-05
HHS Region 8,2 wk ahead,Bin,percent,7.3,7.4,1.926883727044145e-05
HHS Region 8,2 wk ahead,Bin,percent,7.4,7.5,1.642103181908686e-05
HHS Region 8,2 wk ahead,Bin,percent,7.5,7.6,1.4412847153478891e-05
HHS Region 8,2 wk ahead,Bin,percent,7.6,7.7,1.3008620752918194e-05
HHS Region 8,2 wk ahead,Bin,percent,7.7,7.8,1.2034934838766035e-05
HHS Region 8,2 wk ahead,Bin,percent,7.8,7.9,1.1365425678173171e-05
HHS Region 8,2 wk ahead,Bin,percent,7.9,8,1.09089084129175e-05
HHS Region 8,2 wk ahead,Bin,percent,8,8.1,1.060021477132329e-05
HHS Region 8,2 wk ahead,Bin,percent,8.1,8.2,1.0393212878801813e-05
HHS Region 8,2 wk ahead,Bin,percent,8.2,8.3,1.0255554355266594e-05
HHS Region 8,2 wk ahead,Bin,percent,8.3,8.4,1.0164768177653177e-05
HHS Region 8,2 wk ahead,Bin,percent,8.4,8.5,1.0105389632130963e-05
HHS Region 8,2 wk ahead,Bin,percent,8.5,8.6,1.006687394402171e-05
HHS Region 8,2 wk ahead,Bin,percent,8.6,8.7,1.0042096935757457e-05
HHS Region 8,2 wk ahead,Bin,percent,8.7,8.8,1.002628927022352e-05
HHS Region 8,2 wk ahead,Bin,percent,8.8,8.9,1.0016286999194902e-05
HHS Region 8,2 wk ahead,Bin,percent,8.9,9,1.001001009312739e-05
HHS Region 8,2 wk ahead,Bin,percent,9,9.1,1.0006103369448743e-05
HHS Region 8,2 wk ahead,Bin,percent,9.1,9.2,1.0003691779037973e-05
HHS Region 8,2 wk ahead,Bin,percent,9.2,9.3,1.0002215318826083e-05
HHS Region 8,2 wk ahead,Bin,percent,9.3,9.4,1.0001318776730259e-05
HHS Region 8,2 wk ahead,Bin,percent,9.4,9.5,1.0000778826663224e-05
HHS Region 8,2 wk ahead,Bin,percent,9.5,9.6,1.0000456294091918e-05
HHS Region 8,2 wk ahead,Bin,percent,9.6,9.7,1.0000265206020274e-05
HHS Region 8,2 wk ahead,Bin,percent,9.7,9.8,1.0000152917225604e-05
HHS Region 8,2 wk ahead,Bin,percent,9.8,9.9,1.0000087470969472e-05
HHS Region 8,2 wk ahead,Bin,percent,9.9,10,1.0000049637050655e-05
HHS Region 8,2 wk ahead,Bin,percent,10,10.1,1.0000027943608997e-05
HHS Region 8,2 wk ahead,Bin,percent,10.1,10.2,1.0000015606068955e-05
HHS Region 8,2 wk ahead,Bin,percent,10.2,10.3,1.0000008646474117e-05
HHS Region 8,2 wk ahead,Bin,percent,10.3,10.4,1.0000004752466549e-05
HHS Region 8,2 wk ahead,Bin,percent,10.4,10.5,1.0000002591394842e-05
HHS Region 8,2 wk ahead,Bin,percent,10.5,10.6,1.000000140178888e-05
HHS Region 8,2 wk ahead,Bin,percent,10.6,10.7,1.0000000752256814e-05
HHS Region 8,2 wk ahead,Bin,percent,10.7,10.8,1.0000000400483057e-05
HHS Region 8,2 wk ahead,Bin,percent,10.8,10.9,1.0000000211512803e-05
HHS Region 8,2 wk ahead,Bin,percent,10.9,11,1.0000000110821412e-05
HHS Region 8,2 wk ahead,Bin,percent,11,11.1,1.0000000057603012e-05
HHS Region 8,2 wk ahead,Bin,percent,11.1,11.2,1.000000002970306e-05
HHS Region 8,2 wk ahead,Bin,percent,11.2,11.3,1.0000000015194688e-05
HHS Region 8,2 wk ahead,Bin,percent,11.3,11.4,1.0000000007711108e-05
HHS Region 8,2 wk ahead,Bin,percent,11.4,11.5,1.0000000003882187e-05
HHS Region 8,2 wk ahead,Bin,percent,11.5,11.6,1.0000000001938968e-05
HHS Region 8,2 wk ahead,Bin,percent,11.6,11.7,1.0000000000960724e-05
HHS Region 8,2 wk ahead,Bin,percent,11.7,11.8,1.000000000047224e-05
HHS Region 8,2 wk ahead,Bin,percent,11.8,11.9,1.0000000000230282e-05
HHS Region 8,2 wk ahead,Bin,percent,11.9,12,1.0000000000111404e-05
HHS Region 8,2 wk ahead,Bin,percent,12,12.1,1.0000000000053464e-05
HHS Region 8,2 wk ahead,Bin,percent,12.1,12.2,1.0000000000025452e-05
HHS Region 8,2 wk ahead,Bin,percent,12.2,12.3,1.0000000000012024e-05
HHS Region 8,2 wk ahead,Bin,percent,12.3,12.4,1.0000000000005634e-05
HHS Region 8,2 wk ahead,Bin,percent,12.4,12.5,1.000000000000262e-05
HHS Region 8,2 wk ahead,Bin,percent,12.5,12.6,1.0000000000001207e-05
HHS Region 8,2 wk ahead,Bin,percent,12.6,12.7,1.0000000000000553e-05
HHS Region 8,2 wk ahead,Bin,percent,12.7,12.8,1.0000000000000252e-05
HHS Region 8,2 wk ahead,Bin,percent,12.8,12.9,1.0000000000000114e-05
HHS Region 8,2 wk ahead,Bin,percent,12.9,13,1.0000000000000052e-05
HHS Region 8,2 wk ahead,Bin,percent,13,100,1.0000000000000025e-05
HHS Region 8,3 wk ahead,Point,percent,,,2.6575214517332384
HHS Region 8,3 wk ahead,Bin,percent,0,0.1,0.003140117739021161
HHS Region 8,3 wk ahead,Bin,percent,0.1,0.2,0.003735040927498544
HHS Region 8,3 wk ahead,Bin,percent,0.2,0.3,0.004413553274722429
HHS Region 8,3 wk ahead,Bin,percent,0.3,0.4,0.005181032794834226
HHS Region 8,3 wk ahead,Bin,percent,0.4,0.5,0.006041886492856058
HHS Region 8,3 wk ahead,Bin,percent,0.5,0.6,0.006999254583648283
HHS Region 8,3 wk ahead,Bin,percent,0.6,0.7,0.008054709954182622
HHS Region 8,3 wk ahead,Bin,percent,0.7,0.8,0.009207964992587013
HHS Region 8,3 wk ahead,Bin,percent,0.8,0.9,0.010456599502122393
HHS Region 8,3 wk ahead,Bin,percent,0.9,1,0.011795824483466852
HHS Region 8,3 wk ahead,Bin,percent,1,1.1,0.013218296954787169
HHS Region 8,3 wk ahead,Bin,percent,1.1,1.2,0.014714000562068202
HHS Region 8,3 wk ahead,Bin,percent,1.2,1.3,0.016270205427037405
HHS Region 8,3 wk ahead,Bin,percent,1.3,1.4,0.01787151845273274
HHS Region 8,3 wk ahead,Bin,percent,1.4,1.5,0.019500032183574302
HHS Region 8,3 wk ahead,Bin,percent,1.5,1.6,0.02113557638969113
HHS Region 8,3 wk ahead,Bin,percent,1.6,1.7,0.02275607197251769
HHS Region 8,3 wk ahead,Bin,percent,1.7,1.8,0.024337981790046537
HHS Region 8,3 wk ahead,Bin,percent,1.8,1.9,0.025856847846300414
HHS Region 8,3 wk ahead,Bin,percent,1.9,2,0.02728789928649888
HHS Region 8,3 wk ahead,Bin,percent,2,2.1,0.028606711108141218
HHS Region 8,3 wk ahead,Bin,percent,2.1,2.2,0.029789889752105256
HHS Region 8,3 wk ahead,Bin,percent,2.2,2.3,0.0308157590582726
HHS Region 8,3 wk ahead,Bin,percent,2.3,2.4,0.031665018683492696
HHS Region 8,3 wk ahead,Bin,percent,2.4,2.5,0.032321347137105765
HHS Region 8,3 wk ahead,Bin,percent,2.5,2.6,0.03277192315171566
HHS Region 8,3 wk ahead,Bin,percent,2.6,2.7,0.033007842136600164
HHS Region 8,3 wk ahead,Bin,percent,2.7,2.8,0.033024408820507695
HHS Region 8,3 wk ahead,Bin,percent,2.8,2.9,0.03282129264938191
HHS Region 8,3 wk ahead,Bin,percent,2.9,3,0.03240253875453357
HHS Region 8,3 wk ahead,Bin,percent,3,3.1,0.03177643398287632
HHS Region 8,3 wk ahead,Bin,percent,3.1,3.2,0.03095523418716943
HHS Region 8,3 wk ahead,Bin,percent,3.2,3.3,0.029954765312685167
HHS Region 8,3 wk ahead,Bin,percent,3.3,3.4,0.028793916415885745
HHS Region 8,3 wk ahead,Bin,percent,3.4,3.5,0.02749404729226711
HHS Region 8,3 wk ahead,Bin,percent,3.5,3.6,0.02607833663142337
HHS Region 8,3 wk ahead,Bin,percent,3.6,3.7,0.0245710984054593
HHS Region 8,3 wk ahead,Bin,percent,3.7,3.8,0.022997094479156054
HHS Region 8,3 wk ahead,Bin,percent,3.8,3.9,0.021380870253238808
HHS Region 8,3 wk ahead,Bin,percent,3.9,4,0.01974613765416383
HHS Region 8,3 wk ahead,Bin,percent,4,4.1,0.018115226181272724
HHS Region 8,3 wk ahead,Bin,percent,4.1,4.2,0.016508618289503608
HHS Region 8,3 wk ahead,Bin,percent,4.2,4.3,0.014944580433140788
HHS Region 8,3 wk ahead,Bin,percent,4.3,4.4,0.013438895944770685
HHS Region 8,3 wk ahead,Bin,percent,4.4,4.5,0.012004700883274455
HHS Region 8,3 wk ahead,Bin,percent,4.5,4.6,0.010652419332449491
HHS Region 8,3 wk ahead,Bin,percent,4.6,4.7,0.009389790595917723
HHS Region 8,3 wk ahead,Bin,percent,4.7,4.8,0.008221977482337226
HHS Region 8,3 wk ahead,Bin,percent,4.8,4.9,0.007151742509626529
HHS Region 8,3 wk ahead,Bin,percent,4.9,5,0.006179677413845364
HHS Region 8,3 wk ahead,Bin,percent,5,5.1,0.005304470802075552
HHS Region 8,3 wk ahead,Bin,percent,5.1,5.2,0.004523199061054126
HHS Region 8,3 wk ahead,Bin,percent,5.2,5.3,0.003831626605456802
HHS Region 8,3 wk ahead,Bin,percent,5.3,5.4,0.003224503074970089
HHS Region 8,3 wk ahead,Bin,percent,5.4,5.5,0.0026958470068880447
HHS Region 8,3 wk ahead,Bin,percent,5.5,5.6,0.002239207658864332
HHS Region 8,3 wk ahead,Bin,percent,5.6,5.7,0.0018478988823261316
HHS Region 8,3 wk ahead,Bin,percent,5.7,5.8,0.0015152011170800513
HHS Region 8,3 wk ahead,Bin,percent,5.8,5.9,0.0012345295825136745
HHS Region 8,3 wk ahead,Bin,percent,5.9,6,0.000999568499083526
HHS Region 8,3 wk ahead,Bin,percent,6,6.1,0.0008043726326666105
HHS Region 8,3 wk ahead,Bin,percent,6.1,6.2,0.0006434385882169509
HHS Region 8,3 wk ahead,Bin,percent,6.2,6.3,0.00051174908644918
HHS Region 8,3 wk ahead,Bin,percent,6.3,6.4,0.0004047939561705629
HHS Region 8,3 wk ahead,Bin,percent,6.4,6.5,0.0003185717984594364
HHS Region 8,3 wk ahead,Bin,percent,6.5,6.6,0.000249576270025174
HHS Region 8,3 wk ahead,Bin,percent,6.6,6.7,0.000194770739749304
HHS Region 8,3 wk ahead,Bin,percent,6.7,6.8,0.00015155474350423258
HHS Region 8,3 wk ahead,Bin,percent,6.8,6.9,0.00011772524436238315
HHS Region 8,3 wk ahead,Bin,percent,6.9,7,9.143523983998074e-05
HHS Region 8,3 wk ahead,Bin,percent,7,7.1,7.115177997557142e-05
HHS Region 8,3 wk ahead,Bin,percent,7.1,7.2,5.56149976596679e-05
HHS Region 8,3 wk ahead,Bin,percent,7.2,7.3,4.379932616990292e-05
HHS Region 8,3 wk ahead,Bin,percent,7.3,7.4,3.48777018455055e-05
HHS Region 8,3 wk ahead,Bin,percent,7.4,7.5,2.818922964522989e-05
HHS Region 8,3 wk ahead,Bin,percent,7.5,7.6,2.321052826970463e-05
HHS Region 8,3 wk ahead,Bin,percent,7.6,7.7,1.9530767924629865e-05
HHS Region 8,3 wk ahead,Bin,percent,7.7,7.8,1.6830263140171145e-05
HHS Region 8,3 wk ahead,Bin,percent,7.8,7.9,1.486237900497837e-05
HHS Region 8,3 wk ahead,Bin,percent,7.9,8,1.3438444436061294e-05
HHS Region 8,3 wk ahead,Bin,percent,8,8.1,1.2415333166691535e-05
HHS Region 8,3 wk ahead,Bin,percent,8.1,8.2,1.1685364766303936e-05
HHS Region 8,3 wk ahead,Bin,percent,8.2,8.3,1.1168187640415159e-05
HHS Region 8,3 wk ahead,Bin,percent,8.3,8.4,1.0804327902317873e-05
HHS Region 8,3 wk ahead,Bin,percent,8.4,8.5,1.055011754166854e-05
HHS Region 8,3 wk ahead,Bin,percent,8.5,8.6,1.037374869380469e-05
HHS Region 8,3 wk ahead,Bin,percent,8.6,8.7,1.0252235206611293e-05
HHS Region 8,3 wk ahead,Bin,percent,8.7,8.8,1.0169096086621553e-05
HHS Region 8,3 wk ahead,Bin,percent,8.8,8.9,1.011260644299628e-05
HHS Region 8,3 wk ahead,Bin,percent,8.9,9,1.0074489447785362e-05
HHS Region 8,3 wk ahead,Bin,percent,9,9.1,1.0048947227848192e-05
HHS Region 8,3 wk ahead,Bin,percent,9.1,9.2,1.0031949441965187e-05
HHS Region 8,3 wk ahead,Bin,percent,9.2,9.3,1.0020715732051269e-05
HHS Region 8,3 wk ahead,Bin,percent,9.3,9.4,1.0013342558756914e-05
HHS Region 8,3 wk ahead,Bin,percent,9.4,9.5,1.0008536499006848e-05
HHS Region 8,3 wk ahead,Bin,percent,9.5,9.6,1.0005425281727323e-05
HHS Region 8,3 wk ahead,Bin,percent,9.6,9.7,1.000342504772849e-05
HHS Region 8,3 wk ahead,Bin,percent,9.7,9.8,1.000214789373553e-05
HHS Region 8,3 wk ahead,Bin,percent,9.8,9.9,1.000133801439569e-05
HHS Region 8,3 wk ahead,Bin,percent,9.9,10,1.0000827962394428e-05
HHS Region 8,3 wk ahead,Bin,percent,10,10.1,1.000050893494137e-05
HHS Region 8,3 wk ahead,Bin,percent,10.1,10.2,1.0000310753305408e-05
HHS Region 8,3 wk ahead,Bin,percent,10.2,10.3,1.0000188482518427e-05
HHS Region 8,3 wk ahead,Bin,percent,10.3,10.4,1.000011356074326e-05
HHS Region 8,3 wk ahead,Bin,percent,10.4,10.5,1.000006796529524e-05
HHS Region 8,3 wk ahead,Bin,percent,10.5,10.6,1.0000040406201043e-05
HHS Region 8,3 wk ahead,Bin,percent,10.6,10.7,1.0000023862210037e-05
HHS Region 8,3 wk ahead,Bin,percent,10.7,10.8,1.0000013998294915e-05
HHS Region 8,3 wk ahead,Bin,percent,10.8,10.9,1.000000815720628e-05
HHS Region 8,3 wk ahead,Bin,percent,10.9,11,1.0000004721821684e-05
HHS Region 8,3 wk ahead,Bin,percent,11,11.1,1.0000002715060743e-05
HHS Region 8,3 wk ahead,Bin,percent,11.1,11.2,1.0000001550784136e-05
HHS Region 8,3 wk ahead,Bin,percent,11.2,11.3,1.0000000879883107e-05
HHS Region 8,3 wk ahead,Bin,percent,11.3,11.4,1.0000000495907232e-05
HHS Region 8,3 wk ahead,Bin,percent,11.4,11.5,1.0000000277637253e-05
HHS Region 8,3 wk ahead,Bin,percent,11.5,11.6,1.0000000154403399e-05
HHS Region 8,3 wk ahead,Bin,percent,11.6,11.7,1.0000000085297797e-05
HHS Region 8,3 wk ahead,Bin,percent,11.7,11.8,1.0000000046808056e-05
HHS Region 8,3 wk ahead,Bin,percent,11.8,11.9,1.0000000025515567e-05
HHS Region 8,3 wk ahead,Bin,percent,11.9,12,1.0000000013816296e-05
HHS Region 8,3 wk ahead,Bin,percent,12,12.1,1.000000000743156e-05
HHS Region 8,3 wk ahead,Bin,percent,12.1,12.2,1.0000000003970727e-05
HHS Region 8,3 wk ahead,Bin,percent,12.2,12.3,1.0000000002107473e-05
HHS Region 8,3 wk ahead,Bin,percent,12.3,12.4,1.0000000001111106e-05
HHS Region 8,3 wk ahead,Bin,percent,12.4,12.5,1.0000000000581906e-05
HHS Region 8,3 wk ahead,Bin,percent,12.5,12.6,1.0000000000302727e-05
HHS Region 8,3 wk ahead,Bin,percent,12.6,12.7,1.0000000000156441e-05
HHS Region 8,3 wk ahead,Bin,percent,12.7,12.8,1.0000000000080306e-05
HHS Region 8,3 wk ahead,Bin,percent,12.8,12.9,1.0000000000040953e-05
HHS Region 8,3 wk ahead,Bin,percent,12.9,13,1.0000000000020745e-05
HHS Region 8,3 wk ahead,Bin,percent,13,100,1.0000000000010436e-05
HHS Region 8,4 wk ahead,Point,percent,,,2.404156988155465
HHS Region 8,4 wk ahead,Bin,percent,0,0.1,0.004974453902089526
HHS Region 8,4 wk ahead,Bin,percent,0.1,0.2,0.005804088073966584
HHS Region 8,4 wk ahead,Bin,percent,0.2,0.3,0.0067281213961532475
HHS Region 8,4 wk ahead,Bin,percent,0.3,0.4,0.007748552739020293
HHS Region 8,4 wk ahead,Bin,percent,0.4,0.5,0.008865657078199612
HHS Region 8,4 wk ahead,Bin,percent,0.5,0.6,0.010077716545476088
HHS Region 8,4 wk ahead,Bin,percent,0.6,0.7,0.011380781467615052
HHS Region 8,4 wk ahead,Bin,percent,0.7,0.8,0.01276847570918002
HHS Region 8,4 wk ahead,Bin,percent,0.8,0.9,0.014231860482632103
HHS Region 8,4 wk ahead,Bin,percent,0.9,1,0.015759369829384633
HHS Region 8,4 wk ahead,Bin,percent,1,1.1,0.017336829161896366
HHS Region 8,4 wk ahead,Bin,percent,1.1,1.2,0.01894756559505553
HHS Region 8,4 wk ahead,Bin,percent,1.2,1.3,0.020572615349785352
HHS Region 8,4 wk ahead,Bin,percent,1.3,1.4,0.02219102940881673
HHS Region 8,4 wk ahead,Bin,percent,1.4,1.5,0.02378027402811009
HHS Region 8,4 wk ahead,Bin,percent,1.5,1.6,0.02531671789222464
HHS Region 8,4 wk ahead,Bin,percent,1.6,1.7,0.026776192920686802
HHS Region 8,4 wk ahead,Bin,percent,1.7,1.8,0.028134611278724225
HHS Region 8,4 wk ahead,Bin,percent,1.8,1.9,0.029368617314134145
HHS Region 8,4 wk ahead,Bin,percent,1.9,2,0.03045625020626109
HHS Region 8,4 wk ahead,Bin,percent,2,2.1,0.03137759130439444
HHS Region 8,4 wk ahead,Bin,percent,2.1,2.2,0.03211536962073051
HHS Region 8,4 wk ahead,Bin,percent,2.2,2.3,0.03265549981904802
HHS Region 8,4 wk ahead,Bin,percent,2.3,2.4,0.032987529308054285
HHS Region 8,4 wk ahead,Bin,percent,2.4,2.5,0.03310497461976564
HHS Region 8,4 wk ahead,Bin,percent,2.5,2.6,0.03300553195155942
HHS Region 8,4 wk ahead,Bin,percent,2.6,2.7,0.03269115232083684
HHS Region 8,4 wk ahead,Bin,percent,2.7,2.8,0.032167977907393966
HHS Region 8,4 wk ahead,Bin,percent,2.8,2.9,0.031446142484992334
HHS Region 8,4 wk ahead,Bin,percent,2.9,3,0.03053944500034882
HHS Region 8,4 wk ahead,Bin,percent,3,3.1,0.029464910987029462
HHS Region 8,4 wk ahead,Bin,percent,3.1,3.2,0.028242261283190018
HHS Region 8,4 wk ahead,Bin,percent,3.2,3.3,0.026893311195097004
HHS Region 8,4 wk ahead,Bin,percent,3.3,3.4,0.025441325629174862
HHS Region 8,4 wk ahead,Bin,percent,3.4,3.5,0.02391035670816257
HHS Region 8,4 wk ahead,Bin,percent,3.5,3.6,0.022324589987875045
HHS Region 8,4 wk ahead,Bin,percent,3.6,3.7,0.0207077236847141
HHS Region 8,4 wk ahead,Bin,percent,3.7,3.8,0.01908240247390433
HHS Region 8,4 wk ahead,Bin,percent,3.8,3.9,0.017469723651319886
HHS Region 8,4 wk ahead,Bin,percent,3.9,4,0.015888829038718806
HHS Region 8,4 wk ahead,Bin,percent,4,4.1,0.014356591246846
HHS Region 8,4 wk ahead,Bin,percent,4.1,4.2,0.012887398087700704
HHS Region 8,4 wk ahead,Bin,percent,4.2,4.3,0.011493034321388495
HHS Region 8,4 wk ahead,Bin,percent,4.3,4.4,0.010182655772846678
HHS Region 8,4 wk ahead,Bin,percent,4.4,4.5,0.00896284734810157
HHS Region 8,4 wk ahead,Bin,percent,4.5,4.6,0.007837753749439173
HHS Region 8,4 wk ahead,Bin,percent,4.6,4.7,0.006809269803757217
HHS Region 8,4 wk ahead,Bin,percent,4.7,4.8,0.0058772762888732654
HHS Region 8,4 wk ahead,Bin,percent,4.8,4.9,0.0050399069256446
HHS Region 8,4 wk ahead,Bin,percent,4.9,5,0.004293832711982592
HHS Region 8,4 wk ahead,Bin,percent,5,5.1,0.003634550887666572
HHS Region 8,4 wk ahead,Bin,percent,5.1,5.2,0.003056667394875576
HHS Region 8,4 wk ahead,Bin,percent,5.2,5.3,0.0025541635884836684
HHS Region 8,4 wk ahead,Bin,percent,5.3,5.4,0.0021206400047962177
HHS Region 8,4 wk ahead,Bin,percent,5.4,5.5,0.0017495320817908233
HHS Region 8,4 wk ahead,Bin,percent,5.5,5.6,0.0014342947213246793
HHS Region 8,4 wk ahead,Bin,percent,5.6,5.7,0.0011685544011417151
HHS Region 8,4 wk ahead,Bin,percent,5.7,5.8,0.0009462291147852668
HHS Region 8,4 wk ahead,Bin,percent,5.8,5.9,0.0007616176996280901
HHS Region 8,4 wk ahead,Bin,percent,5.9,6,0.0006094610903027085
HHS Region 8,4 wk ahead,Bin,percent,6,6.1,0.0004849787109759892
HHS Region 8,4 wk ahead,Bin,percent,6.1,6.2,0.00038388361617437537
HHS Region 8,4 wk ahead,Bin,percent,6.2,6.3,0.00030238013959923754
HHS Region 8,4 wk ahead,Bin,percent,6.3,6.4,0.00023714775476794527
HHS Region 8,4 wk ahead,Bin,percent,6.4,6.5,0.00018531463520328264
HHS Region 8,4 wk ahead,Bin,percent,6.5,6.6,0.00014442407013420534
HHS Region 8,4 wk ahead,Bin,percent,6.6,6.7,0.00011239648630347875
HHS Region 8,4 wk ahead,Bin,percent,6.7,6.8,8.748938465894645e-05
HHS Region 8,4 wk ahead,Bin,percent,6.8,6.9,6.825705343321371e-05
HHS Region 8,4 wk ahead,Bin,percent,6.9,7,5.351149066195423e-05
HHS Region 8,4 wk ahead,Bin,percent,7,7.1,4.228557711718714e-05
HHS Region 8,4 wk ahead,Bin,percent,7.1,7.2,3.3799196268853166e-05
HHS Region 8,4 wk ahead,Bin,percent,7.2,7.3,2.742870711889161e-05
HHS Region 8,4 wk ahead,Bin,percent,7.3,7.4,2.26799399783066e-05
HHS Region 8,4 wk ahead,Bin,percent,7.4,7.5,1.9164702430142746e-05
HHS Region 8,4 wk ahead,Bin,percent,7.5,7.6,1.658064834373274e-05
HHS Region 8,4 wk ahead,Bin,percent,7.6,7.7,1.4694270846018882e-05
HHS Region 8,4 wk ahead,Bin,percent,7.7,7.8,1.3326723822133127e-05
HHS Region 8,4 wk ahead,Bin,percent,7.8,7.9,1.2342148877727581e-05
HHS Region 8,4 wk ahead,Bin,percent,7.9,8,1.1638179139227064e-05
HHS Region 8,4 wk ahead,Bin,percent,8,8.1,1.113830181898851e-05
HHS Region 8,4 wk ahead,Bin,percent,8.1,8.2,1.0785782971481886e-05
HHS Region 8,4 wk ahead,Bin,percent,8.2,8.3,1.053888604964029e-05
HHS Region 8,4 wk ahead,Bin,percent,8.3,8.4,1.0367147363231695e-05
HHS Region 8,4 wk ahead,Bin,percent,8.4,8.5,1.0248503798077313e-05
HHS Region 8,4 wk ahead,Bin,percent,8.5,8.6,1.0167099362366645e-05
HHS Region 8,4 wk ahead,Bin,percent,8.6,8.7,1.0111626086540907e-05
HHS Region 8,4 wk ahead,Bin,percent,8.7,8.8,1.0074080814806314e-05
HHS Region 8,4 wk ahead,Bin,percent,8.8,8.9,1.0048842169488053e-05
HHS Region 8,4 wk ahead,Bin,percent,8.9,9,1.003199140301279e-05
HHS Region 8,4 wk ahead,Bin,percent,9,9.1,1.0020817126058915e-05
HHS Region 8,4 wk ahead,Bin,percent,9.1,9.2,1.0013457283510654e-05
HHS Region 8,4 wk ahead,Bin,percent,9.2,9.3,1.0008642575388062e-05
HHS Region 8,4 wk ahead,Bin,percent,9.3,9.4,1.0005514143903006e-05
HHS Region 8,4 wk ahead,Bin,percent,9.4,9.5,1.0003495120550293e-05
HHS Region 8,4 wk ahead,Bin,percent,9.5,9.6,1.0002200874953861e-05
HHS Region 8,4 wk ahead,Bin,percent,9.6,9.7,1.0001376821760467e-05
HHS Region 8,4 wk ahead,Bin,percent,9.7,9.8,1.000085567574018e-05
HHS Region 8,4 wk ahead,Bin,percent,9.8,9.9,1.0000528311253597e-05
HHS Region 8,4 wk ahead,Bin,percent,9.9,10,1.0000324055688066e-05
HHS Region 8,4 wk ahead,Bin,percent,10,10.1,1.0000197468842633e-05
HHS Region 8,4 wk ahead,Bin,percent,10.1,10.2,1.0000119543690016e-05
HHS Region 8,4 wk ahead,Bin,percent,10.2,10.3,1.0000071895859254e-05
HHS Region 8,4 wk ahead,Bin,percent,10.3,10.4,1.0000042956634078e-05
HHS Region 8,4 wk ahead,Bin,percent,10.4,10.5,1.0000025497978751e-05
HHS Region 8,4 wk ahead,Bin,percent,10.5,10.6,1.0000015035933977e-05
HHS Region 8,4 wk ahead,Bin,percent,10.6,10.7,1.000000880854566e-05
HHS Region 8,4 wk ahead,Bin,percent,10.7,10.8,1.00000051265731e-05
HHS Region 8,4 wk ahead,Bin,percent,10.8,10.9,1.0000002964143627e-05
HHS Region 8,4 wk ahead,Bin,percent,10.9,11,1.0000001702630767e-05
HHS Region 8,4 wk ahead,Bin,percent,11,11.1,1.0000000971607496e-05
HHS Region 8,4 wk ahead,Bin,percent,11.1,11.2,1.0000000550820861e-05
HHS Region 8,4 wk ahead,Bin,percent,11.2,11.3,1.000000031022661e-05
HHS Region 8,4 wk ahead,Bin,percent,11.3,11.4,1.0000000173578873e-05
HHS Region 8,4 wk ahead,Bin,percent,11.4,11.5,1.0000000096485893e-05
HHS Region 8,4 wk ahead,Bin,percent,11.5,11.6,1.0000000053281927e-05
HHS Region 8,4 wk ahead,Bin,percent,11.6,11.7,1.0000000029231101e-05
HHS Region 8,4 wk ahead,Bin,percent,11.7,11.8,1.0000000015931606e-05
HHS Region 8,4 wk ahead,Bin,percent,11.8,11.9,1.0000000008626272e-05
HHS Region 8,4 wk ahead,Bin,percent,11.9,12,1.0000000004640193e-05
HHS Region 8,4 wk ahead,Bin,percent,12,12.1,1.0000000002479691e-05
HHS Region 8,4 wk ahead,Bin,percent,12.1,12.2,1.0000000001316465e-05
HHS Region 8,4 wk ahead,Bin,percent,12.2,12.3,1.0000000000694336e-05
HHS Region 8,4 wk ahead,Bin,percent,12.3,12.4,1.0000000000363812e-05
HHS Region 8,4 wk ahead,Bin,percent,12.4,12.5,1.0000000000189382e-05
HHS Region 8,4 wk ahead,Bin,percent,12.5,12.6,1.0000000000097936e-05
HHS Region 8,4 wk ahead,Bin,percent,12.6,12.7,1.0000000000050316e-05
HHS Region 8,4 wk ahead,Bin,percent,12.7,12.8,1.0000000000025681e-05
HHS Region 8,4 wk ahead,Bin,percent,12.8,12.9,1.0000000000013023e-05
HHS Region 8,4 wk ahead,Bin,percent,12.9,13,1.000000000000656e-05
HHS Region 8,4 wk ahead,Bin,percent,13,100,1.0000000000003284e-05
HHS Region 9,Season onset,Point,week,,,4.500000000000006
HHS Region 9,Season onset,Bin,week,40,41,0.029411764705882363
HHS Region 9,Season onset,Bin,week,41,42,0.029411764705882363
HHS Region 9,Season onset,Bin,week,42,43,0.029411764705882363
HHS Region 9,Season onset,Bin,week,43,44,0.029411764705882363
HHS Region 9,Season onset,Bin,week,44,45,0.029411764705882363
HHS Region 9,Season onset,Bin,week,45,46,0.029411764705882363
HHS Region 9,Season onset,Bin,week,46,47,0.029411764705882363
HHS Region 9,Season onset,Bin,week,47,48,0.029411764705882363
HHS Region 9,Season onset,Bin,week,48,49,0.029411764705882363
HHS Region 9,Season onset,Bin,week,49,50,0.029411764705882363
HHS Region 9,Season onset,Bin,week,50,51,0.029411764705882363
HHS Region 9,Season onset,Bin,week,51,52,0.029411764705882363
HHS Region 9,Season onset,Bin,week,52,53,0.029411764705882363
HHS Region 9,Season onset,Bin,week,1,2,0.029411764705882363
HHS Region 9,Season onset,Bin,week,2,3,0.029411764705882363
HHS Region 9,Season onset,Bin,week,3,4,0.029411764705882363
HHS Region 9,Season onset,Bin,week,4,5,0.029411764705882363
HHS Region 9,Season onset,Bin,week,5,6,0.029411764705882363
HHS Region 9,Season onset,Bin,week,6,7,0.029411764705882363
HHS Region 9,Season onset,Bin,week,7,8,0.029411764705882363
HHS Region 9,Season onset,Bin,week,8,9,0.029411764705882363
HHS Region 9,Season onset,Bin,week,9,10,0.029411764705882363
HHS Region 9,Season onset,Bin,week,10,11,0.029411764705882363
HHS Region 9,Season onset,Bin,week,11,12,0.029411764705882363
HHS Region 9,Season onset,Bin,week,12,13,0.029411764705882363
HHS Region 9,Season onset,Bin,week,13,14,0.029411764705882363
HHS Region 9,Season onset,Bin,week,14,15,0.029411764705882363
HHS Region 9,Season onset,Bin,week,15,16,0.029411764705882363
HHS Region 9,Season onset,Bin,week,16,17,0.029411764705882363
HHS Region 9,Season onset,Bin,week,17,18,0.029411764705882363
HHS Region 9,Season onset,Bin,week,18,19,0.029411764705882363
HHS Region 9,Season onset,Bin,week,19,20,0.029411764705882363
HHS Region 9,Season onset,Bin,week,20,21,0.029411764705882363
HHS Region 9,Season onset,Bin,week,none,none,0.029411764705882363
HHS Region 9,Season peak week,Point,week,,,4.4999999999999885
HHS Region 9,Season peak week,Bin,week,40,41,0.030303030303030307
HHS Region 9,Season peak week,Bin,week,41,42,0.030303030303030307
HHS Region 9,Season peak week,Bin,week,42,43,0.030303030303030307
HHS Region 9,Season peak week,Bin,week,43,44,0.030303030303030307
HHS Region 9,Season peak week,Bin,week,44,45,0.030303030303030307
HHS Region 9,Season peak week,Bin,week,45,46,0.030303030303030307
HHS Region 9,Season peak week,Bin,week,46,47,0.030303030303030307
HHS Region 9,Season peak week,Bin,week,47,48,0.030303030303030307
HHS Region 9,Season peak week,Bin,week,48,49,0.030303030303030307
HHS Region 9,Season peak week,Bin,week,49,50,0.030303030303030307
HHS Region 9,Season peak week,Bin,week,50,51,0.030303030303030307
HHS Region 9,Season peak week,Bin,week,51,52,0.030303030303030307
HHS Region 9,Season peak week,Bin,week,52,53,0.030303030303030307
HHS Region 9,Season peak week,Bin,week,1,2,0.030303030303030307
HHS Region 9,Season peak week,Bin,week,2,3,0.030303030303030307
HHS Region 9,Season peak week,Bin,week,3,4,0.030303030303030307
HHS Region 9,Season peak week,Bin,week,4,5,0.030303030303030307
HHS Region 9,Season peak week,Bin,week,5,6,0.030303030303030307
HHS Region 9,Season peak week,Bin,week,6,7,0.030303030303030307
HHS Region 9,Season peak week,Bin,week,7,8,0.030303030303030307
HHS Region 9,Season peak week,Bin,week,8,9,0.030303030303030307
HHS Region 9,Season peak week,Bin,week,9,10,0.030303030303030307
HHS Region 9,Season peak week,Bin,week,10,11,0.030303030303030307
HHS Region 9,Season peak week,Bin,week,11,12,0.030303030303030307
HHS Region 9,Season peak week,Bin,week,12,13,0.030303030303030307
HHS Region 9,Season peak week,Bin,week,13,14,0.030303030303030307
HHS Region 9,Season peak week,Bin,week,14,15,0.030303030303030307
HHS Region 9,Season peak week,Bin,week,15,16,0.030303030303030307
HHS Region 9,Season peak week,Bin,week,16,17,0.030303030303030307
HHS Region 9,Season peak week,Bin,week,17,18,0.030303030303030307
HHS Region 9,Season peak week,Bin,week,18,19,0.030303030303030307
HHS Region 9,Season peak week,Bin,week,19,20,0.030303030303030307
HHS Region 9,Season peak week,Bin,week,20,21,0.030303030303030307
HHS Region 9,Season peak percentage,Point,percent,,,6.5500000000000025
HHS Region 9,Season peak percentage,Bin,percent,0,0.1,0.0076335877862595426
HHS Region 9,Season peak percentage,Bin,percent,0.1,0.2,0.0076335877862595426
HHS Region 9,Season peak percentage,Bin,percent,0.2,0.3,0.0076335877862595426
HHS Region 9,Season peak percentage,Bin,percent,0.3,0.4,0.0076335877862595426
HHS Region 9,Season peak percentage,Bin,percent,0.4,0.5,0.0076335877862595426
HHS Region 9,Season peak percentage,Bin,percent,0.5,0.6,0.0076335877862595426
HHS Region 9,Season peak percentage,Bin,percent,0.6,0.7,0.0076335877862595426
HHS Region 9,Season peak percentage,Bin,percent,0.7,0.8,0.0076335877862595426
HHS Region 9,Season peak percentage,Bin,percent,0.8,0.9,0.0076335877862595426
HHS Region 9,Season peak percentage,Bin,percent,0.9,1,0.0076335877862595426
HHS Region 9,Season peak percentage,Bin,percent,1,1.1,0.0076335877862595426
HHS Region 9,Season peak percentage,Bin,percent,1.1,1.2,0.0076335877862595426
HHS Region 9,Season peak percentage,Bin,percent,1.2,1.3,0.0076335877862595426
HHS Region 9,Season peak percentage,Bin,percent,1.3,1.4,0.0076335877862595426
HHS Region 9,Season peak percentage,Bin,percent,1.4,1.5,0.0076335877862595426
HHS Region 9,Season peak percentage,Bin,percent,1.5,1.6,0.0076335877862595426
HHS Region 9,Season peak percentage,Bin,percent,1.6,1.7,0.0076335877862595426
HHS Region 9,Season peak percentage,Bin,percent,1.7,1.8,0.0076335877862595426
HHS Region 9,Season peak percentage,Bin,percent,1.8,1.9,0.0076335877862595426
HHS Region 9,Season peak percentage,Bin,percent,1.9,2,0.0076335877862595426
HHS Region 9,Season peak percentage,Bin,percent,2,2.1,0.0076335877862595426
HHS Region 9,Season peak percentage,Bin,percent,2.1,2.2,0.0076335877862595426
HHS Region 9,Season peak percentage,Bin,percent,2.2,2.3,0.0076335877862595426
HHS Region 9,Season peak percentage,Bin,percent,2.3,2.4,0.0076335877862595426
HHS Region 9,Season peak percentage,Bin,percent,2.4,2.5,0.0076335877862595426
HHS Region 9,Season peak percentage,Bin,percent,2.5,2.6,0.0076335877862595426
HHS Region 9,Season peak percentage,Bin,percent,2.6,2.7,0.0076335877862595426
HHS Region 9,Season peak percentage,Bin,percent,2.7,2.8,0.0076335877862595426
HHS Region 9,Season peak percentage,Bin,percent,2.8,2.9,0.0076335877862595426
HHS Region 9,Season peak percentage,Bin,percent,2.9,3,0.0076335877862595426
HHS Region 9,Season peak percentage,Bin,percent,3,3.1,0.0076335877862595426
HHS Region 9,Season peak percentage,Bin,percent,3.1,3.2,0.0076335877862595426
HHS Region 9,Season peak percentage,Bin,percent,3.2,3.3,0.0076335877862595426
HHS Region 9,Season peak percentage,Bin,percent,3.3,3.4,0.0076335877862595426
HHS Region 9,Season peak percentage,Bin,percent,3.4,3.5,0.0076335877862595426
HHS Region 9,Season peak percentage,Bin,percent,3.5,3.6,0.0076335877862595426
HHS Region 9,Season peak percentage,Bin,percent,3.6,3.7,0.0076335877862595426
HHS Region 9,Season peak percentage,Bin,percent,3.7,3.8,0.0076335877862595426
HHS Region 9,Season peak percentage,Bin,percent,3.8,3.9,0.0076335877862595426
HHS Region 9,Season peak percentage,Bin,percent,3.9,4,0.0076335877862595426
HHS Region 9,Season peak percentage,Bin,percent,4,4.1,0.0076335877862595426
HHS Region 9,Season peak percentage,Bin,percent,4.1,4.2,0.0076335877862595426
HHS Region 9,Season peak percentage,Bin,percent,4.2,4.3,0.0076335877862595426
HHS Region 9,Season peak percentage,Bin,percent,4.3,4.4,0.0076335877862595426
HHS Region 9,Season peak percentage,Bin,percent,4.4,4.5,0.0076335877862595426
HHS Region 9,Season peak percentage,Bin,percent,4.5,4.6,0.0076335877862595426
HHS Region 9,Season peak percentage,Bin,percent,4.6,4.7,0.0076335877862595426
HHS Region 9,Season peak percentage,Bin,percent,4.7,4.8,0.0076335877862595426
HHS Region 9,Season peak percentage,Bin,percent,4.8,4.9,0.0076335877862595426
HHS Region 9,Season peak percentage,Bin,percent,4.9,5,0.0076335877862595426
HHS Region 9,Season peak percentage,Bin,percent,5,5.1,0.0076335877862595426
HHS Region 9,Season peak percentage,Bin,percent,5.1,5.2,0.0076335877862595426
HHS Region 9,Season peak percentage,Bin,percent,5.2,5.3,0.0076335877862595426
HHS Region 9,Season peak percentage,Bin,percent,5.3,5.4,0.0076335877862595426
HHS Region 9,Season peak percentage,Bin,percent,5.4,5.5,0.0076335877862595426
HHS Region 9,Season peak percentage,Bin,percent,5.5,5.6,0.0076335877862595426
HHS Region 9,Season peak percentage,Bin,percent,5.6,5.7,0.0076335877862595426
HHS Region 9,Season peak percentage,Bin,percent,5.7,5.8,0.0076335877862595426
HHS Region 9,Season peak percentage,Bin,percent,5.8,5.9,0.0076335877862595426
HHS Region 9,Season peak percentage,Bin,percent,5.9,6,0.0076335877862595426
HHS Region 9,Season peak percentage,Bin,percent,6,6.1,0.0076335877862595426
HHS Region 9,Season peak percentage,Bin,percent,6.1,6.2,0.0076335877862595426
HHS Region 9,Season peak percentage,Bin,percent,6.2,6.3,0.0076335877862595426
HHS Region 9,Season peak percentage,Bin,percent,6.3,6.4,0.0076335877862595426
HHS Region 9,Season peak percentage,Bin,percent,6.4,6.5,0.0076335877862595426
HHS Region 9,Season peak percentage,Bin,percent,6.5,6.6,0.0076335877862595426
HHS Region 9,Season peak percentage,Bin,percent,6.6,6.7,0.0076335877862595426
HHS Region 9,Season peak percentage,Bin,percent,6.7,6.8,0.0076335877862595426
HHS Region 9,Season peak percentage,Bin,percent,6.8,6.9,0.0076335877862595426
HHS Region 9,Season peak percentage,Bin,percent,6.9,7,0.0076335877862595426
HHS Region 9,Season peak percentage,Bin,percent,7,7.1,0.0076335877862595426
HHS Region 9,Season peak percentage,Bin,percent,7.1,7.2,0.0076335877862595426
HHS Region 9,Season peak percentage,Bin,percent,7.2,7.3,0.0076335877862595426
HHS Region 9,Season peak percentage,Bin,percent,7.3,7.4,0.0076335877862595426
HHS Region 9,Season peak percentage,Bin,percent,7.4,7.5,0.0076335877862595426
HHS Region 9,Season peak percentage,Bin,percent,7.5,7.6,0.0076335877862595426
HHS Region 9,Season peak percentage,Bin,percent,7.6,7.7,0.0076335877862595426
HHS Region 9,Season peak percentage,Bin,percent,7.7,7.8,0.0076335877862595426
HHS Region 9,Season peak percentage,Bin,percent,7.8,7.9,0.0076335877862595426
HHS Region 9,Season peak percentage,Bin,percent,7.9,8,0.0076335877862595426
HHS Region 9,Season peak percentage,Bin,percent,8,8.1,0.0076335877862595426
HHS Region 9,Season peak percentage,Bin,percent,8.1,8.2,0.0076335877862595426
HHS Region 9,Season peak percentage,Bin,percent,8.2,8.3,0.0076335877862595426
HHS Region 9,Season peak percentage,Bin,percent,8.3,8.4,0.0076335877862595426
HHS Region 9,Season peak percentage,Bin,percent,8.4,8.5,0.0076335877862595426
HHS Region 9,Season peak percentage,Bin,percent,8.5,8.6,0.0076335877862595426
HHS Region 9,Season peak percentage,Bin,percent,8.6,8.7,0.0076335877862595426
HHS Region 9,Season peak percentage,Bin,percent,8.7,8.8,0.0076335877862595426
HHS Region 9,Season peak percentage,Bin,percent,8.8,8.9,0.0076335877862595426
HHS Region 9,Season peak percentage,Bin,percent,8.9,9,0.0076335877862595426
HHS Region 9,Season peak percentage,Bin,percent,9,9.1,0.0076335877862595426
HHS Region 9,Season peak percentage,Bin,percent,9.1,9.2,0.0076335877862595426
HHS Region 9,Season peak percentage,Bin,percent,9.2,9.3,0.0076335877862595426
HHS Region 9,Season peak percentage,Bin,percent,9.3,9.4,0.0076335877862595426
HHS Region 9,Season peak percentage,Bin,percent,9.4,9.5,0.0076335877862595426
HHS Region 9,Season peak percentage,Bin,percent,9.5,9.6,0.0076335877862595426
HHS Region 9,Season peak percentage,Bin,percent,9.6,9.7,0.0076335877862595426
HHS Region 9,Season peak percentage,Bin,percent,9.7,9.8,0.0076335877862595426
HHS Region 9,Season peak percentage,Bin,percent,9.8,9.9,0.0076335877862595426
HHS Region 9,Season peak percentage,Bin,percent,9.9,10,0.0076335877862595426
HHS Region 9,Season peak percentage,Bin,percent,10,10.1,0.0076335877862595426
HHS Region 9,Season peak percentage,Bin,percent,10.1,10.2,0.0076335877862595426
HHS Region 9,Season peak percentage,Bin,percent,10.2,10.3,0.0076335877862595426
HHS Region 9,Season peak percentage,Bin,percent,10.3,10.4,0.0076335877862595426
HHS Region 9,Season peak percentage,Bin,percent,10.4,10.5,0.0076335877862595426
HHS Region 9,Season peak percentage,Bin,percent,10.5,10.6,0.0076335877862595426
HHS Region 9,Season peak percentage,Bin,percent,10.6,10.7,0.0076335877862595426
HHS Region 9,Season peak percentage,Bin,percent,10.7,10.8,0.0076335877862595426
HHS Region 9,Season peak percentage,Bin,percent,10.8,10.9,0.0076335877862595426
HHS Region 9,Season peak percentage,Bin,percent,10.9,11,0.0076335877862595426
HHS Region 9,Season peak percentage,Bin,percent,11,11.1,0.0076335877862595426
HHS Region 9,Season peak percentage,Bin,percent,11.1,11.2,0.0076335877862595426
HHS Region 9,Season peak percentage,Bin,percent,11.2,11.3,0.0076335877862595426
HHS Region 9,Season peak percentage,Bin,percent,11.3,11.4,0.0076335877862595426
HHS Region 9,Season peak percentage,Bin,percent,11.4,11.5,0.0076335877862595426
HHS Region 9,Season peak percentage,Bin,percent,11.5,11.6,0.0076335877862595426
HHS Region 9,Season peak percentage,Bin,percent,11.6,11.7,0.0076335877862595426
HHS Region 9,Season peak percentage,Bin,percent,11.7,11.8,0.0076335877862595426
HHS Region 9,Season peak percentage,Bin,percent,11.8,11.9,0.0076335877862595426
HHS Region 9,Season peak percentage,Bin,percent,11.9,12,0.0076335877862595426
HHS Region 9,Season peak percentage,Bin,percent,12,12.1,0.0076335877862595426
HHS Region 9,Season peak percentage,Bin,percent,12.1,12.2,0.0076335877862595426
HHS Region 9,Season peak percentage,Bin,percent,12.2,12.3,0.0076335877862595426
HHS Region 9,Season peak percentage,Bin,percent,12.3,12.4,0.0076335877862595426
HHS Region 9,Season peak percentage,Bin,percent,12.4,12.5,0.0076335877862595426
HHS Region 9,Season peak percentage,Bin,percent,12.5,12.6,0.0076335877862595426
HHS Region 9,Season peak percentage,Bin,percent,12.6,12.7,0.0076335877862595426
HHS Region 9,Season peak percentage,Bin,percent,12.7,12.8,0.0076335877862595426
HHS Region 9,Season peak percentage,Bin,percent,12.8,12.9,0.0076335877862595426
HHS Region 9,Season peak percentage,Bin,percent,12.9,13,0.0076335877862595426
HHS Region 9,Season peak percentage,Bin,percent,13,100,0.0076335877862595426
HHS Region 9,1 wk ahead,Point,percent,,,2.2132510540236705
HHS Region 9,1 wk ahead,Bin,percent,0,0.1,1.3075470544721923e-05
HHS Region 9,1 wk ahead,Bin,percent,0.1,0.2,1.755986916092828e-05
HHS Region 9,1 wk ahead,Bin,percent,0.2,0.3,2.7826279214971145e-05
HHS Region 9,1 wk ahead,Bin,percent,0.3,0.4,5.032281545952313e-05
HHS Region 9,1 wk ahead,Bin,percent,0.4,0.5,9.749529706005565e-05
HHS Region 9,1 wk ahead,Bin,percent,0.5,0.6,0.00019212194924176772
HHS Region 9,1 wk ahead,Bin,percent,0.6,0.7,0.00037364999669210606
HHS Region 9,1 wk ahead,Bin,percent,0.7,0.8,0.000706544077942099
HHS Region 9,1 wk ahead,Bin,percent,0.8,0.9,0.0012898448893194979
HHS Region 9,1 wk ahead,Bin,percent,0.9,1,0.002265847780517781
HHS Region 9,1 wk ahead,Bin,percent,1,1.1,0.003824221956146481
HHS Region 9,1 wk ahead,Bin,percent,1.1,1.2,0.0061965118714475895
HHS Region 9,1 wk ahead,Bin,percent,1.2,1.3,0.009635636512885013
HHS Region 9,1 wk ahead,Bin,percent,1.3,1.4,0.0143766920518272
HHS Region 9,1 wk ahead,Bin,percent,1.4,1.5,0.02057969376661973
HHS Region 9,1 wk ahead,Bin,percent,1.5,1.6,0.028261570008107296
HHS Region 9,1 wk ahead,Bin,percent,1.6,1.7,0.037232116773415286
HHS Region 9,1 wk ahead,Bin,percent,1.7,1.8,0.04705389425051051
HHS Region 9,1 wk ahead,Bin,percent,1.8,1.9,0.057046015847208885
HHS Region 9,1 wk ahead,Bin,percent,1.9,2,0.06634440150544631
HHS Region 9,1 wk ahead,Bin,percent,2,2.1,0.07401689224970502
HHS Region 9,1 wk ahead,Bin,percent,2.1,2.2,0.07921438712855532
HHS Region 9,1 wk ahead,Bin,percent,2.2,2.3,0.08132488018117083
HHS Region 9,1 wk ahead,Bin,percent,2.3,2.4,0.08009193035114529
HHS Region 9,1 wk ahead,Bin,percent,2.4,2.5,0.07566589234288905
HHS Region 9,1 wk ahead,Bin,percent,2.5,2.6,0.06857377184748761
HHS Region 9,1 wk ahead,Bin,percent,2.6,2.7,0.059616052681473
HHS Region 9,1 wk ahead,Bin,percent,2.7,2.8,0.049718395107712955
HHS Region 9,1 wk ahead,Bin,percent,2.8,2.9,0.03977608524874801
HHS Region 9,1 wk ahead,Bin,percent,2.9,3,0.030526846619170774
HHS Region 9,1 wk ahead,Bin,percent,3,3.1,0.02247519479639846
HHS Region 9,1 wk ahead,Bin,percent,3.1,3.2,0.015874428829756485
HHS Region 9,1 wk ahead,Bin,percent,3.2,3.3,0.01075688028022833
HHS Region 9,1 wk ahead,Bin,percent,3.3,3.4,0.006993676267722132
HHS Region 9,1 wk ahead,Bin,percent,3.4,3.5,0.004363409349887773
HHS Region 9,1 wk ahead,Bin,percent,3.5,3.6,0.0026132665035031475
HHS Region 9,1 wk ahead,Bin,percent,3.6,3.7,0.001503315156721221
HHS Region 9,1 wk ahead,Bin,percent,3.7,3.8,0.0008317279024042847
HHS Region 9,1 wk ahead,Bin,percent,3.8,3.9,0.0004437588143552801
HHS Region 9,1 wk ahead,Bin,percent,3.9,4,0.00022964044269997347
HHS Region 9,1 wk ahead,Bin,percent,4,4.1,0.000116689093673908
HHS Region 9,1 wk ahead,Bin,percent,4.1,4.2,5.9713170254191756e-05
HHS Region 9,1 wk ahead,Bin,percent,4.2,4.3,3.222115409828318e-05
HHS Region 9,1 wk ahead,Bin,percent,4.3,4.4,1.952808188825549e-05
HHS Region 9,1 wk ahead,Bin,percent,4.4,4.5,1.391911555694604e-05
HHS Region 9,1 wk ahead,Bin,percent,4.5,4.6,1.1546373416709649e-05
HHS Region 9,1 wk ahead,Bin,percent,4.6,4.7,1.0585307918470741e-05
HHS Region 9,1 wk ahead,Bin,percent,4.7,4.8,1.0212519185185354e-05
HHS Region 9,1 wk ahead,Bin,percent,4.8,4.9,1.007402111160739e-05
HHS Region 9,1 wk ahead,Bin,percent,4.9,5,1.0024731860126083e-05
HHS Region 9,1 wk ahead,Bin,percent,5,5.1,1.0007926868955272e-05
HHS Region 9,1 wk ahead,Bin,percent,5.1,5.2,1.0002437195085788e-05
HHS Region 9,1 wk ahead,Bin,percent,5.2,5.3,1.0000718824096376e-05
HHS Region 9,1 wk ahead,Bin,percent,5.3,5.4,1.0000203375521015e-05
HHS Region 9,1 wk ahead,Bin,percent,5.4,5.5,1.0000055197377989e-05
HHS Region 9,1 wk ahead,Bin,percent,5.5,5.6,1.000001437083278e-05
HHS Region 9,1 wk ahead,Bin,percent,5.6,5.7,1.0000003589129611e-05
HHS Region 9,1 wk ahead,Bin,percent,5.7,5.8,1.0000000859884393e-05
HHS Region 9,1 wk ahead,Bin,percent,5.8,5.9,1.0000000197621735e-05
HHS Region 9,1 wk ahead,Bin,percent,5.9,6,1.0000000043568547e-05
HHS Region 9,1 wk ahead,Bin,percent,6,6.1,1.0000000009214149e-05
HHS Region 9,1 wk ahead,Bin,percent,6.1,6.2,1.000000000186931e-05
HHS Region 9,1 wk ahead,Bin,percent,6.2,6.3,1.0000000000363791e-05
HHS Region 9,1 wk ahead,Bin,percent,6.3,6.4,1.0000000000067916e-05
HHS Region 9,1 wk ahead,Bin,percent,6.4,6.5,1.0000000000012163e-05
HHS Region 9,1 wk ahead,Bin,percent,6.5,6.6,1.000000000000209e-05
HHS Region 9,1 wk ahead,Bin,percent,6.6,6.7,1.0000000000000345e-05
HHS Region 9,1 wk ahead,Bin,percent,6.7,6.8,1.0000000000000055e-05
HHS Region 9,1 wk ahead,Bin,percent,6.8,6.9,1.000000000000001e-05
HHS Region 9,1 wk ahead,Bin,percent,6.9,7,1.0000000000000003e-05
HHS Region 9,1 wk ahead,Bin,percent,7,7.1,1e-05
HHS Region 9,1 wk ahead,Bin,percent,7.1,7.2,1e-05
HHS Region 9,1 wk ahead,Bin,percent,7.2,7.3,1e-05
HHS Region 9,1 wk ahead,Bin,percent,7.3,7.4,1e-05
HHS Region 9,1 wk ahead,Bin,percent,7.4,7.5,1e-05
HHS Region 9,1 wk ahead,Bin,percent,7.5,7.6,1e-05
HHS Region 9,1 wk ahead,Bin,percent,7.6,7.7,1e-05
HHS Region 9,1 wk ahead,Bin,percent,7.7,7.8,1e-05
HHS Region 9,1 wk ahead,Bin,percent,7.8,7.9,1e-05
HHS Region 9,1 wk ahead,Bin,percent,7.9,8,1e-05
HHS Region 9,1 wk ahead,Bin,percent,8,8.1,1e-05
HHS Region 9,1 wk ahead,Bin,percent,8.1,8.2,1e-05
HHS Region 9,1 wk ahead,Bin,percent,8.2,8.3,1e-05
HHS Region 9,1 wk ahead,Bin,percent,8.3,8.4,1e-05
HHS Region 9,1 wk ahead,Bin,percent,8.4,8.5,1e-05
HHS Region 9,1 wk ahead,Bin,percent,8.5,8.6,1e-05
HHS Region 9,1 wk ahead,Bin,percent,8.6,8.7,1e-05
HHS Region 9,1 wk ahead,Bin,percent,8.7,8.8,1e-05
HHS Region 9,1 wk ahead,Bin,percent,8.8,8.9,1e-05
HHS Region 9,1 wk ahead,Bin,percent,8.9,9,1e-05
HHS Region 9,1 wk ahead,Bin,percent,9,9.1,1e-05
HHS Region 9,1 wk ahead,Bin,percent,9.1,9.2,1e-05
HHS Region 9,1 wk ahead,Bin,percent,9.2,9.3,1e-05
HHS Region 9,1 wk ahead,Bin,percent,9.3,9.4,1e-05
HHS Region 9,1 wk ahead,Bin,percent,9.4,9.5,1e-05
HHS Region 9,1 wk ahead,Bin,percent,9.5,9.6,1e-05
HHS Region 9,1 wk ahead,Bin,percent,9.6,9.7,1e-05
HHS Region 9,1 wk ahead,Bin,percent,9.7,9.8,1e-05
HHS Region 9,1 wk ahead,Bin,percent,9.8,9.9,1e-05
HHS Region 9,1 wk ahead,Bin,percent,9.9,10,1e-05
HHS Region 9,1 wk ahead,Bin,percent,10,10.1,1e-05
HHS Region 9,1 wk ahead,Bin,percent,10.1,10.2,1e-05
HHS Region 9,1 wk ahead,Bin,percent,10.2,10.3,1e-05
HHS Region 9,1 wk ahead,Bin,percent,10.3,10.4,1e-05
HHS Region 9,1 wk ahead,Bin,percent,10.4,10.5,1e-05
HHS Region 9,1 wk ahead,Bin,percent,10.5,10.6,1e-05
HHS Region 9,1 wk ahead,Bin,percent,10.6,10.7,1e-05
HHS Region 9,1 wk ahead,Bin,percent,10.7,10.8,1e-05
HHS Region 9,1 wk ahead,Bin,percent,10.8,10.9,1e-05
HHS Region 9,1 wk ahead,Bin,percent,10.9,11,1e-05
HHS Region 9,1 wk ahead,Bin,percent,11,11.1,1e-05
HHS Region 9,1 wk ahead,Bin,percent,11.1,11.2,1e-05
HHS Region 9,1 wk ahead,Bin,percent,11.2,11.3,1e-05
HHS Region 9,1 wk ahead,Bin,percent,11.3,11.4,1e-05
HHS Region 9,1 wk ahead,Bin,percent,11.4,11.5,1e-05
HHS Region 9,1 wk ahead,Bin,percent,11.5,11.6,1e-05
HHS Region 9,1 wk ahead,Bin,percent,11.6,11.7,1e-05
HHS Region 9,1 wk ahead,Bin,percent,11.7,11.8,1e-05
HHS Region 9,1 wk ahead,Bin,percent,11.8,11.9,1e-05
HHS Region 9,1 wk ahead,Bin,percent,11.9,12,1e-05
HHS Region 9,1 wk ahead,Bin,percent,12,12.1,1e-05
HHS Region 9,1 wk ahead,Bin,percent,12.1,12.2,1e-05
HHS Region 9,1 wk ahead,Bin,percent,12.2,12.3,1e-05
HHS Region 9,1 wk ahead,Bin,percent,12.3,12.4,1e-05
HHS Region 9,1 wk ahead,Bin,percent,12.4,12.5,1e-05
HHS Region 9,1 wk ahead,Bin,percent,12.5,12.6,1e-05
HHS Region 9,1 wk ahead,Bin,percent,12.6,12.7,1e-05
HHS Region 9,1 wk ahead,Bin,percent,12.7,12.8,1e-05
HHS Region 9,1 wk ahead,Bin,percent,12.8,12.9,1e-05
HHS Region 9,1 wk ahead,Bin,percent,12.9,13,1e-05
HHS Region 9,1 wk ahead,Bin,percent,13,100,1e-05
HHS Region 9,2 wk ahead,Point,percent,,,2.824548801536281
HHS Region 9,2 wk ahead,Bin,percent,0,0.1,1.6512044375727496e-05
HHS Region 9,2 wk ahead,Bin,percent,0.1,0.2,2.2292676965729224e-05
HHS Region 9,2 wk ahead,Bin,percent,0.2,0.3,3.2679348690983866e-05
HHS Region 9,2 wk ahead,Bin,percent,0.3,0.4,5.089494973972175e-05
HHS Region 9,2 wk ahead,Bin,percent,0.4,0.5,8.207153479595173e-05
HHS Region 9,2 wk ahead,Bin,percent,0.5,0.6,0.00013414031810234813
HHS Region 9,2 wk ahead,Bin,percent,0.6,0.7,0.00021898587242410815
HHS Region 9,2 wk ahead,Bin,percent,0.7,0.8,0.00035385551520136386
HHS Region 9,2 wk ahead,Bin,percent,0.8,0.9,0.0005629553341240463
HHS Region 9,2 wk ahead,Bin,percent,0.9,1,0.0008790786890800198
HHS Region 9,2 wk ahead,Bin,percent,1,1.1,0.00134500576365428
HHS Region 9,2 wk ahead,Bin,percent,1.1,1.2,0.002014297441813147
HHS Region 9,2 wk ahead,Bin,percent,1.2,1.3,0.0029510079264568746
HHS Region 9,2 wk ahead,Bin,percent,1.3,1.4,0.004227792490067328
HHS Region 9,2 wk ahead,Bin,percent,1.4,1.5,0.005921929069006251
HHS Region 9,2 wk ahead,Bin,percent,1.5,1.6,0.008108940562448524
HHS Region 9,2 wk ahead,Bin,percent,1.6,1.7,0.010853817504567303
HHS Region 9,2 wk ahead,Bin,percent,1.7,1.8,0.014200287017032263
HHS Region 9,2 wk ahead,Bin,percent,1.8,1.9,0.018159102390190543
HHS Region 9,2 wk ahead,Bin,percent,1.9,2,0.022696845485908022
HHS Region 9,2 wk ahead,Bin,percent,2,2.1,0.02772711775938217
HHS Region 9,2 wk ahead,Bin,percent,2.1,2.2,0.03310611463410012
HHS Region 9,2 wk ahead,Bin,percent,2.2,2.3,0.03863432908391052
HHS Region 9,2 wk ahead,Bin,percent,2.3,2.4,0.04406547383009759
HHS Region 9,2 wk ahead,Bin,percent,2.4,2.5,0.04912269835530987
HHS Region 9,2 wk ahead,Bin,percent,2.5,2.6,0.053520955574828645
HHS Region 9,2 wk ahead,Bin,percent,2.6,2.7,0.05699317038199363
HHS Region 9,2 wk ahead,Bin,percent,2.7,2.8,0.05931693796616325
HHS Region 9,2 wk ahead,Bin,percent,2.8,2.9,0.06033806373667202
HHS Region 9,2 wk ahead,Bin,percent,2.9,3,0.059987486648214426
HHS Region 9,2 wk ahead,Bin,percent,3,3.1,0.058289005239173255
HHS Region 9,2 wk ahead,Bin,percent,3.1,3.2,0.05535660537845984
HHS Region 9,2 wk ahead,Bin,percent,3.2,3.3,0.051381806647626996
HHS Region 9,2 wk ahead,Bin,percent,3.3,3.4,0.04661297920663983
HHS Region 9,2 wk ahead,Bin,percent,3.4,3.5,0.04132973369651928
HHS Region 9,2 wk ahead,Bin,percent,3.5,3.6,0.035816043767079156
HHS Region 9,2 wk ahead,Bin,percent,3.6,3.7,0.03033565248448357
HHS Region 9,2 wk ahead,Bin,percent,3.7,3.8,0.025112614746625416
HHS Region 9,2 wk ahead,Bin,percent,3.8,3.9,0.020318729701361046
HHS Region 9,2 wk ahead,Bin,percent,3.9,4,0.016068373289394196
HHS Region 9,2 wk ahead,Bin,percent,4,4.1,0.012420101410279667
HHS Region 9,2 wk ahead,Bin,percent,4.1,4.2,0.009383550056440374
HHS Region 9,2 wk ahead,Bin,percent,4.2,4.3,0.0069297095695732185
HHS Region 9,2 wk ahead,Bin,percent,4.3,4.4,0.005002598272781829
HHS Region 9,2 wk ahead,Bin,percent,4.4,4.5,0.003530629865753345
HHS Region 9,2 wk ahead,Bin,percent,4.5,4.6,0.002436437486379631
HHS Region 9,2 wk ahead,Bin,percent,4.6,4.7,0.001644454503946078
HHS Region 9,2 wk ahead,Bin,percent,4.7,4.8,0.0010860477828672334
HHS Region 9,2 wk ahead,Bin,percent,4.8,4.9,0.0007023812032245855
HHS Region 9,2 wk ahead,Bin,percent,4.9,5,0.00044542561371697486
HHS Region 9,2 wk ahead,Bin,percent,5,5.1,0.0002776317707249474
HHS Region 9,2 wk ahead,Bin,percent,5.1,5.2,0.00017077419870764032
HHS Region 9,2 wk ahead,Bin,percent,5.2,5.3,0.00010439522616936348
HHS Region 9,2 wk ahead,Bin,percent,5.3,5.4,6.416748856917116e-05
HHS Region 9,2 wk ahead,Bin,percent,5.4,5.5,4.0379621641315146e-05
HHS Region 9,2 wk ahead,Bin,percent,5.5,5.6,2.6652560203482535e-05
HHS Region 9,2 wk ahead,Bin,percent,5.6,5.7,1.8921433764909114e-05
HHS Region 9,2 wk ahead,Bin,percent,5.7,5.8,1.4671359487361016e-05
HHS Region 9,2 wk ahead,Bin,percent,5.8,5.9,1.2390600003501393e-05
HHS Region 9,2 wk ahead,Bin,percent,5.9,6,1.1195709095947765e-05
HHS Region 9,2 wk ahead,Bin,percent,6,6.1,1.0584519684994728e-05
HHS Region 9,2 wk ahead,Bin,percent,6.1,6.2,1.0279272222678543e-05
HHS Region 9,2 wk ahead,Bin,percent,6.2,6.3,1.0130410131495088e-05
HHS Region 9,2 wk ahead,Bin,percent,6.3,6.4,1.0059518217413293e-05
HHS Region 9,2 wk ahead,Bin,percent,6.4,6.5,1.0026548714031623e-05
HHS Region 9,2 wk ahead,Bin,percent,6.5,6.6,1.001157422857848e-05
HHS Region 9,2 wk ahead,Bin,percent,6.6,6.7,1.000493168820787e-05
HHS Region 9,2 wk ahead,Bin,percent,6.7,6.8,1.0002053781132962e-05
HHS Region 9,2 wk ahead,Bin,percent,6.8,6.9,1.0000835925742117e-05
HHS Region 9,2 wk ahead,Bin,percent,6.9,7,1.0000332534133145e-05
HHS Region 9,2 wk ahead,Bin,percent,7,7.1,1.0000129288457062e-05
HHS Region 9,2 wk ahead,Bin,percent,7.1,7.2,1.0000049129038674e-05
HHS Region 9,2 wk ahead,Bin,percent,7.2,7.3,1.0000018246172284e-05
HHS Region 9,2 wk ahead,Bin,percent,7.3,7.4,1.0000006623084067e-05
HHS Region 9,2 wk ahead,Bin,percent,7.4,7.5,1.0000002349653139e-05
HHS Region 9,2 wk ahead,Bin,percent,7.5,7.6,1.0000000814708477e-05
HHS Region 9,2 wk ahead,Bin,percent,7.6,7.7,1.0000000276093197e-05
HHS Region 9,2 wk ahead,Bin,percent,7.7,7.8,1.0000000091445886e-05
HHS Region 9,2 wk ahead,Bin,percent,7.8,7.9,1.0000000029602449e-05
HHS Region 9,2 wk ahead,Bin,percent,7.9,8,1.0000000009365827e-05
HHS Region 9,2 wk ahead,Bin,percent,8,8.1,1.000000000289614e-05
HHS Region 9,2 wk ahead,Bin,percent,8.1,8.2,1.0000000000875282e-05
HHS Region 9,2 wk ahead,Bin,percent,8.2,8.3,1.0000000000258542e-05
HHS Region 9,2 wk ahead,Bin,percent,8.3,8.4,1.000000000007464e-05
HHS Region 9,2 wk ahead,Bin,percent,8.4,8.5,1.0000000000021061e-05
HHS Region 9,2 wk ahead,Bin,percent,8.5,8.6,1.0000000000005808e-05
HHS Region 9,2 wk ahead,Bin,percent,8.6,8.7,1.0000000000001566e-05
HHS Region 9,2 wk ahead,Bin,percent,8.7,8.8,1.0000000000000412e-05
HHS Region 9,2 wk ahead,Bin,percent,8.8,8.9,1.0000000000000108e-05
HHS Region 9,2 wk ahead,Bin,percent,8.9,9,1.0000000000000028e-05
HHS Region 9,2 wk ahead,Bin,percent,9,9.1,1.0000000000000008e-05
HHS Region 9,2 wk ahead,Bin,percent,9.1,9.2,1.0000000000000003e-05
HHS Region 9,2 wk ahead,Bin,percent,9.2,9.3,1e-05
HHS Region 9,2 wk ahead,Bin,percent,9.3,9.4,1e-05
HHS Region 9,2 wk ahead,Bin,percent,9.4,9.5,1e-05
HHS Region 9,2 wk ahead,Bin,percent,9.5,9.6,1e-05
HHS Region 9,2 wk ahead,Bin,percent,9.6,9.7,1e-05
HHS Region 9,2 wk ahead,Bin,percent,9.7,9.8,1e-05
HHS Region 9,2 wk ahead,Bin,percent,9.8,9.9,1e-05
HHS Region 9,2 wk ahead,Bin,percent,9.9,10,1e-05
HHS Region 9,2 wk ahead,Bin,percent,10,10.1,1e-05
HHS Region 9,2 wk ahead,Bin,percent,10.1,10.2,1e-05
HHS Region 9,2 wk ahead,Bin,percent,10.2,10.3,1e-05
HHS Region 9,2 wk ahead,Bin,percent,10.3,10.4,1e-05
HHS Region 9,2 wk ahead,Bin,percent,10.4,10.5,1e-05
HHS Region 9,2 wk ahead,Bin,percent,10.5,10.6,1e-05
HHS Region 9,2 wk ahead,Bin,percent,10.6,10.7,1e-05
HHS Region 9,2 wk ahead,Bin,percent,10.7,10.8,1e-05
HHS Region 9,2 wk ahead,Bin,percent,10.8,10.9,1e-05
HHS Region 9,2 wk ahead,Bin,percent,10.9,11,1e-05
HHS Region 9,2 wk ahead,Bin,percent,11,11.1,1e-05
HHS Region 9,2 wk ahead,Bin,percent,11.1,11.2,1e-05
HHS Region 9,2 wk ahead,Bin,percent,11.2,11.3,1e-05
HHS Region 9,2 wk ahead,Bin,percent,11.3,11.4,1e-05
HHS Region 9,2 wk ahead,Bin,percent,11.4,11.5,1e-05
HHS Region 9,2 wk ahead,Bin,percent,11.5,11.6,1e-05
HHS Region 9,2 wk ahead,Bin,percent,11.6,11.7,1e-05
HHS Region 9,2 wk ahead,Bin,percent,11.7,11.8,1e-05
HHS Region 9,2 wk ahead,Bin,percent,11.8,11.9,1e-05
HHS Region 9,2 wk ahead,Bin,percent,11.9,12,1e-05
HHS Region 9,2 wk ahead,Bin,percent,12,12.1,1e-05
HHS Region 9,2 wk ahead,Bin,percent,12.1,12.2,1e-05
HHS Region 9,2 wk ahead,Bin,percent,12.2,12.3,1e-05
HHS Region 9,2 wk ahead,Bin,percent,12.3,12.4,1e-05
HHS Region 9,2 wk ahead,Bin,percent,12.4,12.5,1e-05
HHS Region 9,2 wk ahead,Bin,percent,12.5,12.6,1e-05
HHS Region 9,2 wk ahead,Bin,percent,12.6,12.7,1e-05
HHS Region 9,2 wk ahead,Bin,percent,12.7,12.8,1e-05
HHS Region 9,2 wk ahead,Bin,percent,12.8,12.9,1e-05
HHS Region 9,2 wk ahead,Bin,percent,12.9,13,1e-05
HHS Region 9,2 wk ahead,Bin,percent,13,100,1e-05
HHS Region 9,3 wk ahead,Point,percent,,,2.991434501158714
HHS Region 9,3 wk ahead,Bin,percent,0,0.1,2.0544696623251317e-05
HHS Region 9,3 wk ahead,Bin,percent,0.1,0.2,2.851440682231331e-05
HHS Region 9,3 wk ahead,Bin,percent,0.2,0.3,4.18914356561106e-05
HHS Region 9,3 wk ahead,Bin,percent,0.3,0.4,6.389232165174338e-05
HHS Region 9,3 wk ahead,Bin,percent,0.4,0.5,9.934459221016547e-05
HHS Region 9,3 wk ahead,Bin,percent,0.5,0.6,0.00015531090368817816
HHS Region 9,3 wk ahead,Bin,percent,0.6,0.7,0.00024185512028384034
HHS Region 9,3 wk ahead,Bin,percent,0.7,0.8,0.0003729307229703318
HHS Region 9,3 wk ahead,Bin,percent,0.8,0.9,0.0005673388681870311
HHS Region 9,3 wk ahead,Bin,percent,0.9,1,0.0008496600369469257
HHS Region 9,3 wk ahead,Bin,percent,1,1.1,0.0012510126003968261
HHS Region 9,3 wk ahead,Bin,percent,1.1,1.2,0.0018094403441471863
HHS Region 9,3 wk ahead,Bin,percent,1.2,1.3,0.002569689402929844
HHS Region 9,3 wk ahead,Bin,percent,1.3,1.4,0.0035821167317048614
HHS Region 9,3 wk ahead,Bin,percent,1.4,1.5,0.0049004921890262
HHS Region 9,3 wk ahead,Bin,percent,1.5,1.6,0.006578527939561499
HHS Region 9,3 wk ahead,Bin,percent,1.6,1.7,0.008665099967878889
HHS Region 9,3 wk ahead,Bin,percent,1.7,1.8,0.01119831487246584
HHS Region 9,3 wk ahead,Bin,percent,1.8,1.9,0.014198805221808383
HHS Region 9,3 wk ahead,Bin,percent,1.9,2,0.017662878357034992
HHS Region 9,3 wk ahead,Bin,percent,2,2.1,0.021556353714441808
HHS Region 9,3 wk ahead,Bin,percent,2.1,2.2,0.025810052911531337
HHS Region 9,3 wk ahead,Bin,percent,2.2,2.3,0.030317908193266848
HHS Region 9,3 wk ahead,Bin,percent,2.3,2.4,0.034938495903487736
HHS Region 9,3 wk ahead,Bin,percent,2.4,2.5,0.03950047528076333
HHS Region 9,3 wk ahead,Bin,percent,2.5,2.6,0.043811944627138756
HHS Region 9,3 wk ahead,Bin,percent,2.6,2.7,0.04767317600865679
HHS Region 9,3 wk ahead,Bin,percent,2.7,2.8,0.05089164211762055
HHS Region 9,3 wk ahead,Bin,percent,2.8,2.9,0.05329780297884854
HHS Region 9,3 wk ahead,Bin,percent,2.9,3,0.054759866660055306
HHS Region 9,3 wk ahead,Bin,percent,3,3.1,0.055195740143360046
HHS Region 9,3 wk ahead,Bin,percent,3.1,3.2,0.05458066326718761
HHS Region 9,3 wk ahead,Bin,percent,3.2,3.3,0.05294953813230619
HHS Region 9,3 wk ahead,Bin,percent,3.3,3.4,0.05039364909448632
HHS Region 9,3 wk ahead,Bin,percent,3.4,3.5,0.04705220217748405
HHS Region 9,3 wk ahead,Bin,percent,3.5,3.6,0.043099774817021326
HHS Region 9,3 wk ahead,Bin,percent,3.6,3.7,0.038731249206465354
HHS Region 9,3 wk ahead,Bin,percent,3.7,3.8,0.034146033034984806
HHS Region 9,3 wk ahead,Bin,percent,3.8,3.9,0.02953332690092605
HHS Region 9,3 wk ahead,Bin,percent,3.9,4,0.02505990570847957
HHS Region 9,3 wk ahead,Bin,percent,4,4.1,0.020861411086642936
HHS Region 9,3 wk ahead,Bin,percent,4.1,4.2,0.017037596901812422
HHS Region 9,3 wk ahead,Bin,percent,4.2,4.3,0.013651427693254607
HHS Region 9,3 wk ahead,Bin,percent,4.3,4.4,0.010731482602067162
HHS Region 9,3 wk ahead,Bin,percent,4.4,4.5,0.008276818828098284
HHS Region 9,3 wk ahead,Bin,percent,4.5,4.6,0.00626331850645865
HHS Region 9,3 wk ahead,Bin,percent,4.6,4.7,0.004650568996389021
HHS Region 9,3 wk ahead,Bin,percent,4.7,4.8,0.0033884731649813965
HHS Region 9,3 wk ahead,Bin,percent,4.8,4.9,0.0024230052573771957
HHS Region 9,3 wk ahead,Bin,percent,4.9,5,0.0017007703275362972
HHS Region 9,3 wk ahead,Bin,percent,5,5.1,0.0011722499114965536
HHS Region 9,3 wk ahead,Bin,percent,5.1,5.2,0.0007937958884864727
HHS Region 9,3 wk ahead,Bin,percent,5.2,5.3,0.0005285552017468237
HHS Region 9,3 wk ahead,Bin,percent,5.3,5.4,0.000346570125116206
HHS Region 9,3 wk ahead,Bin,percent,5.4,5.5,0.00022431111122837662
HHS Region 9,3 wk ahead,Bin,percent,5.5,5.6,0.0001438758887844416
HHS Region 9,3 wk ahead,Bin,percent,5.6,5.7,9.204433531339322e-05
HHS Region 9,3 wk ahead,Bin,percent,5.7,5.8,5.932685082273515e-05
HHS Region 9,3 wk ahead,Bin,percent,5.8,5.9,3.9094220994489915e-05
HHS Region 9,3 wk ahead,Bin,percent,5.9,6,2.683521363810241e-05
HHS Region 9,3 wk ahead,Bin,percent,6,6.1,1.955694497361605e-05
HHS Region 9,3 wk ahead,Bin,percent,6.1,6.2,1.5322407150639558e-05
HHS Region 9,3 wk ahead,Bin,percent,6.2,6.3,1.29079414454509e-05
HHS Region 9,3 wk ahead,Bin,percent,6.3,6.4,1.155866138305141e-05
HHS Region 9,3 wk ahead,Bin,percent,6.4,6.5,1.0819608490693726e-05
HHS Region 9,3 wk ahead,Bin,percent,6.5,6.6,1.042281430953643e-05
HHS Region 9,3 wk ahead,Bin,percent,6.6,6.7,1.0213984078095591e-05
HHS Region 9,3 wk ahead,Bin,percent,6.7,6.8,1.0106243360242095e-05
HHS Region 9,3 wk ahead,Bin,percent,6.8,6.9,1.0051750040132928e-05
HHS Region 9,3 wk ahead,Bin,percent,6.9,7,1.0024729090206022e-05
HHS Region 9,3 wk ahead,Bin,percent,7,7.1,1.0011592954771952e-05
HHS Region 9,3 wk ahead,Bin,percent,7.1,7.2,1.0005331736760798e-05
HHS Region 9,3 wk ahead,Bin,percent,7.2,7.3,1.0002405646510868e-05
HHS Region 9,3 wk ahead,Bin,percent,7.3,7.4,1.0001064837848779e-05
HHS Region 9,3 wk ahead,Bin,percent,7.4,7.5,1.0000462406256766e-05
HHS Region 9,3 wk ahead,Bin,percent,7.5,7.6,1.0000196993764362e-05
HHS Region 9,3 wk ahead,Bin,percent,7.6,7.7,1.0000082332217286e-05
HHS Region 9,3 wk ahead,Bin,percent,7.7,7.8,1.0000033757921487e-05
HHS Region 9,3 wk ahead,Bin,percent,7.8,7.9,1.0000013579073559e-05
HHS Region 9,3 wk ahead,Bin,percent,7.9,8,1.0000005358622189e-05
HHS Region 9,3 wk ahead,Bin,percent,8,8.1,1.0000002074553744e-05
HHS Region 9,3 wk ahead,Bin,percent,8.1,8.2,1.000000078792485e-05
HHS Region 9,3 wk ahead,Bin,percent,8.2,8.3,1.0000000293584727e-05
HHS Region 9,3 wk ahead,Bin,percent,8.3,8.4,1.0000000107317532e-05
HHS Region 9,3 wk ahead,Bin,percent,8.4,8.5,1.000000003848544e-05
HHS Region 9,3 wk ahead,Bin,percent,8.5,8.6,1.0000000013539755e-05
HHS Region 9,3 wk ahead,Bin,percent,8.6,8.7,1.0000000004673193e-05
HHS Region 9,3 wk ahead,Bin,percent,8.7,8.8,1.000000000158236e-05
HHS Region 9,3 wk ahead,Bin,percent,8.8,8.9,1.0000000000525637e-05
HHS Region 9,3 wk ahead,Bin,percent,8.9,9,1.00000000001713e-05
HHS Region 9,3 wk ahead,Bin,percent,9,9.1,1.0000000000054767e-05
HHS Region 9,3 wk ahead,Bin,percent,9.1,9.2,1.0000000000017179e-05
HHS Region 9,3 wk ahead,Bin,percent,9.2,9.3,1.0000000000005286e-05
HHS Region 9,3 wk ahead,Bin,percent,9.3,9.4,1.0000000000001597e-05
HHS Region 9,3 wk ahead,Bin,percent,9.4,9.5,1.0000000000000473e-05
HHS Region 9,3 wk ahead,Bin,percent,9.5,9.6,1.0000000000000138e-05
HHS Region 9,3 wk ahead,Bin,percent,9.6,9.7,1.000000000000004e-05
HHS Region 9,3 wk ahead,Bin,percent,9.7,9.8,1.0000000000000011e-05
HHS Region 9,3 wk ahead,Bin,percent,9.8,9.9,1.0000000000000004e-05
HHS Region 9,3 wk ahead,Bin,percent,9.9,10,1e-05
HHS Region 9,3 wk ahead,Bin,percent,10,10.1,1e-05
HHS Region 9,3 wk ahead,Bin,percent,10.1,10.2,1e-05
HHS Region 9,3 wk ahead,Bin,percent,10.2,10.3,1e-05
HHS Region 9,3 wk ahead,Bin,percent,10.3,10.4,1e-05
HHS Region 9,3 wk ahead,Bin,percent,10.4,10.5,1e-05
HHS Region 9,3 wk ahead,Bin,percent,10.5,10.6,1e-05
HHS Region 9,3 wk ahead,Bin,percent,10.6,10.7,1e-05
HHS Region 9,3 wk ahead,Bin,percent,10.7,10.8,1e-05
HHS Region 9,3 wk ahead,Bin,percent,10.8,10.9,1e-05
HHS Region 9,3 wk ahead,Bin,percent,10.9,11,1e-05
HHS Region 9,3 wk ahead,Bin,percent,11,11.1,1e-05
HHS Region 9,3 wk ahead,Bin,percent,11.1,11.2,1e-05
HHS Region 9,3 wk ahead,Bin,percent,11.2,11.3,1e-05
HHS Region 9,3 wk ahead,Bin,percent,11.3,11.4,1e-05
HHS Region 9,3 wk ahead,Bin,percent,11.4,11.5,1e-05
HHS Region 9,3 wk ahead,Bin,percent,11.5,11.6,1e-05
HHS Region 9,3 wk ahead,Bin,percent,11.6,11.7,1e-05
HHS Region 9,3 wk ahead,Bin,percent,11.7,11.8,1e-05
HHS Region 9,3 wk ahead,Bin,percent,11.8,11.9,1e-05
HHS Region 9,3 wk ahead,Bin,percent,11.9,12,1e-05
HHS Region 9,3 wk ahead,Bin,percent,12,12.1,1e-05
HHS Region 9,3 wk ahead,Bin,percent,12.1,12.2,1e-05
HHS Region 9,3 wk ahead,Bin,percent,12.2,12.3,1e-05
HHS Region 9,3 wk ahead,Bin,percent,12.3,12.4,1e-05
HHS Region 9,3 wk ahead,Bin,percent,12.4,12.5,1e-05
HHS Region 9,3 wk ahead,Bin,percent,12.5,12.6,1e-05
HHS Region 9,3 wk ahead,Bin,percent,12.6,12.7,1e-05
HHS Region 9,3 wk ahead,Bin,percent,12.7,12.8,1e-05
HHS Region 9,3 wk ahead,Bin,percent,12.8,12.9,1e-05
HHS Region 9,3 wk ahead,Bin,percent,12.9,13,1e-05
HHS Region 9,3 wk ahead,Bin,percent,13,100,1e-05
HHS Region 9,4 wk ahead,Point,percent,,,2.9199678105779046
HHS Region 9,4 wk ahead,Bin,percent,0,0.1,4.5473052429219125e-05
HHS Region 9,4 wk ahead,Bin,percent,0.1,0.2,6.796255898505963e-05
HHS Region 9,4 wk ahead,Bin,percent,0.2,0.3,0.00010310353679972204
HHS Region 9,4 wk ahead,Bin,percent,0.3,0.4,0.000157012561881522
HHS Region 9,4 wk ahead,Bin,percent,0.4,0.5,0.00023819827157202714
HHS Region 9,4 wk ahead,Bin,percent,0.5,0.6,0.00035820892128652694
HHS Region 9,4 wk ahead,Bin,percent,0.6,0.7,0.0005323205045899433
HHS Region 9,4 wk ahead,Bin,percent,0.7,0.8,0.0007802006748122989
HHS Region 9,4 wk ahead,Bin,percent,0.8,0.9,0.001126452762643285
HHS Region 9,4 wk ahead,Bin,percent,0.9,1,0.0016009130667589116
HHS Region 9,4 wk ahead,Bin,percent,1,1.1,0.0022385489783173047
HHS Region 9,4 wk ahead,Bin,percent,1.1,1.2,0.0030787927254873563
HHS Region 9,4 wk ahead,Bin,percent,1.2,1.3,0.004164153756990208
HHS Region 9,4 wk ahead,Bin,percent,1.3,1.4,0.005537989585660011
HHS Region 9,4 wk ahead,Bin,percent,1.4,1.5,0.007241385326696809
HHS Region 9,4 wk ahead,Bin,percent,1.5,1.6,0.009309196598405827
HHS Region 9,4 wk ahead,Bin,percent,1.6,1.7,0.011765442821780134
HHS Region 9,4 wk ahead,Bin,percent,1.7,1.8,0.014618384651829656
HHS Region 9,4 wk ahead,Bin,percent,1.8,1.9,0.017855759514718805
HHS Region 9,4 wk ahead,Bin,percent,1.9,2,0.02144075715358907
HHS Region 9,4 wk ahead,Bin,percent,2,2.1,0.02530936566034863
HHS Region 9,4 wk ahead,Bin,percent,2.1,2.2,0.02936968470914794
HHS Region 9,4 wk ahead,Bin,percent,2.2,2.3,0.033503673388504206
HHS Region 9,4 wk ahead,Bin,percent,2.3,2.4,0.03757157659273069
HHS Region 9,4 wk ahead,Bin,percent,2.4,2.5,0.04141897523494756
HHS Region 9,4 wk ahead,Bin,percent,2.5,2.6,0.04488606737119724
HHS Region 9,4 wk ahead,Bin,percent,2.6,2.7,0.04781845818356953
HHS Region 9,4 wk ahead,Bin,percent,2.7,2.8,0.05007847029032036
HHS Region 9,4 wk ahead,Bin,percent,2.8,2.9,0.051555831061381646
HHS Region 9,4 wk ahead,Bin,percent,2.9,3,0.052176585023368395
HHS Region 9,4 wk ahead,Bin,percent,3,3.1,0.051909229121482936
HHS Region 9,4 wk ahead,Bin,percent,3.1,3.2,0.05076736230179542
HHS Region 9,4 wk ahead,Bin,percent,3.2,3.3,0.04880853918561358
HHS Region 9,4 wk ahead,Bin,percent,3.3,3.4,0.04612946235558863
HHS Region 9,4 wk ahead,Bin,percent,3.4,3.5,0.04285807233918409
HHS Region 9,4 wk ahead,Bin,percent,3.5,3.6,0.03914343581756499
HHS Region 9,4 wk ahead,Bin,percent,3.6,3.7,0.03514454298593902
HHS Region 9,4 wk ahead,Bin,percent,3.7,3.8,0.0310191795953579
HHS Region 9,4 wk ahead,Bin,percent,3.8,3.9,0.026913939774533626
HHS Region 9,4 wk ahead,Bin,percent,3.9,4,0.022956218576084764
HHS Region 9,4 wk ahead,Bin,percent,4,4.1,0.019248712669573797
HHS Region 9,4 wk ahead,Bin,percent,4.1,4.2,0.015866616732743498
HHS Region 9,4 wk ahead,Bin,percent,4.2,4.3,0.01285738349158061
HHS Region 9,4 wk ahead,Bin,percent,4.3,4.4,0.010242658608098521
HHS Region 9,4 wk ahead,Bin,percent,4.4,4.5,0.008021833593508628
HHS Region 9,4 wk ahead,Bin,percent,4.5,4.6,0.006176588859762735
HHS Region 9,4 wk ahead,Bin,percent,4.6,4.7,0.004675817051124569
HHS Region 9,4 wk ahead,Bin,percent,4.7,4.8,0.003480404166337576
HHS Region 9,4 wk ahead,Bin,percent,4.8,4.9,0.0025474765911920956
HHS Region 9,4 wk ahead,Bin,percent,4.9,5,0.0018338691234110174
HHS Region 9,4 wk ahead,Bin,percent,5,5.1,0.0012987092212748273
HHS Region 9,4 wk ahead,Bin,percent,5.1,5.2,0.000905129436668101
HHS Region 9,4 wk ahead,Bin,percent,5.2,5.3,0.0006212042715746044
HHS Region 9,4 wk ahead,Bin,percent,5.3,5.4,0.00042025752954558045
HHS Region 9,4 wk ahead,Bin,percent,5.4,5.5,0.000280705063019568
HHS Region 9,4 wk ahead,Bin,percent,5.5,5.6,0.00018559244848961626
HHS Region 9,4 wk ahead,Bin,percent,5.6,5.7,0.00012196568186375192
HHS Region 9,4 wk ahead,Bin,percent,5.7,5.8,8.018328016798027e-05
HHS Region 9,4 wk ahead,Bin,percent,5.8,5.9,5.324660634356605e-05
HHS Region 9,4 wk ahead,Bin,percent,5.9,6,3.619630525231845e-05
HHS Region 9,4 wk ahead,Bin,percent,6,6.1,2.5599033471971922e-05
HHS Region 9,4 wk ahead,Bin,percent,6.1,6.2,1.9131139459719076e-05
HHS Region 9,4 wk ahead,Bin,percent,6.2,6.3,1.5254385104031594e-05
HHS Region 9,4 wk ahead,Bin,percent,6.3,6.4,1.297227139760483e-05
HHS Region 9,4 wk ahead,Bin,percent,6.4,6.5,1.1652816588045707e-05
HHS Region 9,4 wk ahead,Bin,percent,6.5,6.6,1.0903504878231643e-05
HHS Region 9,4 wk ahead,Bin,percent,6.6,6.7,1.0485518719302765e-05
HHS Region 9,4 wk ahead,Bin,percent,6.7,6.8,1.02564785763265e-05
HHS Region 9,4 wk ahead,Bin,percent,6.8,6.9,1.013318823017423e-05
HHS Region 9,4 wk ahead,Bin,percent,6.9,7,1.0067990813882863e-05
HHS Region 9,4 wk ahead,Bin,percent,7,7.1,1.0034119626635188e-05
HHS Region 9,4 wk ahead,Bin,percent,7.1,7.2,1.0016831698321318e-05
HHS Region 9,4 wk ahead,Bin,percent,7.2,7.3,1.0008162463369207e-05
HHS Region 9,4 wk ahead,Bin,percent,7.3,7.4,1.0003891205707651e-05
HHS Region 9,4 wk ahead,Bin,percent,7.4,7.5,1.0001823546211684e-05
HHS Region 9,4 wk ahead,Bin,percent,7.5,7.6,1.0000840076807488e-05
HHS Region 9,4 wk ahead,Bin,percent,7.6,7.7,1.0000380444101269e-05
HHS Region 9,4 wk ahead,Bin,percent,7.7,7.8,1.000016936838753e-05
HHS Region 9,4 wk ahead,Bin,percent,7.8,7.9,1.0000074121378752e-05
HHS Region 9,4 wk ahead,Bin,percent,7.9,8,1.0000031887778431e-05
HHS Region 9,4 wk ahead,Bin,percent,8,8.1,1.0000013485736713e-05
HHS Region 9,4 wk ahead,Bin,percent,8.1,8.2,1.0000005606537454e-05
HHS Region 9,4 wk ahead,Bin,percent,8.2,8.3,1.0000002291312989e-05
HHS Region 9,4 wk ahead,Bin,percent,8.3,8.4,1.000000092054229e-05
HHS Region 9,4 wk ahead,Bin,percent,8.4,8.5,1.0000000363557167e-05
HHS Region 9,4 wk ahead,Bin,percent,8.5,8.6,1.0000000141146891e-05
HHS Region 9,4 wk ahead,Bin,percent,8.6,8.7,1.000000005386908e-05
HHS Region 9,4 wk ahead,Bin,percent,8.7,8.8,1.0000000020210519e-05
HHS Region 9,4 wk ahead,Bin,percent,8.8,8.9,1.0000000007453925e-05
HHS Region 9,4 wk ahead,Bin,percent,8.9,9,1.0000000002702478e-05
HHS Region 9,4 wk ahead,Bin,percent,9,9.1,1.0000000000963184e-05
HHS Region 9,4 wk ahead,Bin,percent,9.1,9.2,1.0000000000337464e-05
HHS Region 9,4 wk ahead,Bin,percent,9.2,9.3,1.0000000000116229e-05
HHS Region 9,4 wk ahead,Bin,percent,9.3,9.4,1.0000000000039352e-05
HHS Region 9,4 wk ahead,Bin,percent,9.4,9.5,1.0000000000013098e-05
HHS Region 9,4 wk ahead,Bin,percent,9.5,9.6,1.0000000000004287e-05
HHS Region 9,4 wk ahead,Bin,percent,9.6,9.7,1.000000000000138e-05
HHS Region 9,4 wk ahead,Bin,percent,9.7,9.8,1.0000000000000436e-05
HHS Region 9,4 wk ahead,Bin,percent,9.8,9.9,1.0000000000000136e-05
HHS Region 9,4 wk ahead,Bin,percent,9.9,10,1.0000000000000041e-05
HHS Region 9,4 wk ahead,Bin,percent,10,10.1,1.0000000000000013e-05
HHS Region 9,4 wk ahead,Bin,percent,10.1,10.2,1.0000000000000004e-05
HHS Region 9,4 wk ahead,Bin,percent,10.2,10.3,1.0000000000000003e-05
HHS Region 9,4 wk ahead,Bin,percent,10.3,10.4,1e-05
HHS Region 9,4 wk ahead,Bin,percent,10.4,10.5,1e-05
HHS Region 9,4 wk ahead,Bin,percent,10.5,10.6,1e-05
HHS Region 9,4 wk ahead,Bin,percent,10.6,10.7,1e-05
HHS Region 9,4 wk ahead,Bin,percent,10.7,10.8,1e-05
HHS Region 9,4 wk ahead,Bin,percent,10.8,10.9,1e-05
HHS Region 9,4 wk ahead,Bin,percent,10.9,11,1e-05
HHS Region 9,4 wk ahead,Bin,percent,11,11.1,1e-05
HHS Region 9,4 wk ahead,Bin,percent,11.1,11.2,1e-05
HHS Region 9,4 wk ahead,Bin,percent,11.2,11.3,1e-05
HHS Region 9,4 wk ahead,Bin,percent,11.3,11.4,1e-05
HHS Region 9,4 wk ahead,Bin,percent,11.4,11.5,1e-05
HHS Region 9,4 wk ahead,Bin,percent,11.5,11.6,1e-05
HHS Region 9,4 wk ahead,Bin,percent,11.6,11.7,1e-05
HHS Region 9,4 wk ahead,Bin,percent,11.7,11.8,1e-05
HHS Region 9,4 wk ahead,Bin,percent,11.8,11.9,1e-05
HHS Region 9,4 wk ahead,Bin,percent,11.9,12,1e-05
HHS Region 9,4 wk ahead,Bin,percent,12,12.1,1e-05
HHS Region 9,4 wk ahead,Bin,percent,12.1,12.2,1e-05
HHS Region 9,4 wk ahead,Bin,percent,12.2,12.3,1e-05
HHS Region 9,4 wk ahead,Bin,percent,12.3,12.4,1e-05
HHS Region 9,4 wk ahead,Bin,percent,12.4,12.5,1e-05
HHS Region 9,4 wk ahead,Bin,percent,12.5,12.6,1e-05
HHS Region 9,4 wk ahead,Bin,percent,12.6,12.7,1e-05
HHS Region 9,4 wk ahead,Bin,percent,12.7,12.8,1e-05
HHS Region 9,4 wk ahead,Bin,percent,12.8,12.9,1e-05
HHS Region 9,4 wk ahead,Bin,percent,12.9,13,1e-05
HHS Region 9,4 wk ahead,Bin,percent,13,100,1e-05
HHS Region 10,Season onset,Point,week,,,4.500000000000006
HHS Region 10,Season onset,Bin,week,40,41,0.029411764705882363
HHS Region 10,Season onset,Bin,week,41,42,0.029411764705882363
HHS Region 10,Season onset,Bin,week,42,43,0.029411764705882363
HHS Region 10,Season onset,Bin,week,43,44,0.029411764705882363
HHS Region 10,Season onset,Bin,week,44,45,0.029411764705882363
HHS Region 10,Season onset,Bin,week,45,46,0.029411764705882363
HHS Region 10,Season onset,Bin,week,46,47,0.029411764705882363
HHS Region 10,Season onset,Bin,week,47,48,0.029411764705882363
HHS Region 10,Season onset,Bin,week,48,49,0.029411764705882363
HHS Region 10,Season onset,Bin,week,49,50,0.029411764705882363
HHS Region 10,Season onset,Bin,week,50,51,0.029411764705882363
HHS Region 10,Season onset,Bin,week,51,52,0.029411764705882363
HHS Region 10,Season onset,Bin,week,52,53,0.029411764705882363
HHS Region 10,Season onset,Bin,week,1,2,0.029411764705882363
HHS Region 10,Season onset,Bin,week,2,3,0.029411764705882363
HHS Region 10,Season onset,Bin,week,3,4,0.029411764705882363
HHS Region 10,Season onset,Bin,week,4,5,0.029411764705882363
HHS Region 10,Season onset,Bin,week,5,6,0.029411764705882363
HHS Region 10,Season onset,Bin,week,6,7,0.029411764705882363
HHS Region 10,Season onset,Bin,week,7,8,0.029411764705882363
HHS Region 10,Season onset,Bin,week,8,9,0.029411764705882363
HHS Region 10,Season onset,Bin,week,9,10,0.029411764705882363
HHS Region 10,Season onset,Bin,week,10,11,0.029411764705882363
HHS Region 10,Season onset,Bin,week,11,12,0.029411764705882363
HHS Region 10,Season onset,Bin,week,12,13,0.029411764705882363
HHS Region 10,Season onset,Bin,week,13,14,0.029411764705882363
HHS Region 10,Season onset,Bin,week,14,15,0.029411764705882363
HHS Region 10,Season onset,Bin,week,15,16,0.029411764705882363
HHS Region 10,Season onset,Bin,week,16,17,0.029411764705882363
HHS Region 10,Season onset,Bin,week,17,18,0.029411764705882363
HHS Region 10,Season onset,Bin,week,18,19,0.029411764705882363
HHS Region 10,Season onset,Bin,week,19,20,0.029411764705882363
HHS Region 10,Season onset,Bin,week,20,21,0.029411764705882363
HHS Region 10,Season onset,Bin,week,none,none,0.029411764705882363
HHS Region 10,Season peak week,Point,week,,,4.4999999999999885
HHS Region 10,Season peak week,Bin,week,40,41,0.030303030303030307
HHS Region 10,Season peak week,Bin,week,41,42,0.030303030303030307
HHS Region 10,Season peak week,Bin,week,42,43,0.030303030303030307
HHS Region 10,Season peak week,Bin,week,43,44,0.030303030303030307
HHS Region 10,Season peak week,Bin,week,44,45,0.030303030303030307
HHS Region 10,Season peak week,Bin,week,45,46,0.030303030303030307
HHS Region 10,Season peak week,Bin,week,46,47,0.030303030303030307
HHS Region 10,Season peak week,Bin,week,47,48,0.030303030303030307
HHS Region 10,Season peak week,Bin,week,48,49,0.030303030303030307
HHS Region 10,Season peak week,Bin,week,49,50,0.030303030303030307
HHS Region 10,Season peak week,Bin,week,50,51,0.030303030303030307
HHS Region 10,Season peak week,Bin,week,51,52,0.030303030303030307
HHS Region 10,Season peak week,Bin,week,52,53,0.030303030303030307
HHS Region 10,Season peak week,Bin,week,1,2,0.030303030303030307
HHS Region 10,Season peak week,Bin,week,2,3,0.030303030303030307
HHS Region 10,Season peak week,Bin,week,3,4,0.030303030303030307
HHS Region 10,Season peak week,Bin,week,4,5,0.030303030303030307
HHS Region 10,Season peak week,Bin,week,5,6,0.030303030303030307
HHS Region 10,Season peak week,Bin,week,6,7,0.030303030303030307
HHS Region 10,Season peak week,Bin,week,7,8,0.030303030303030307
HHS Region 10,Season peak week,Bin,week,8,9,0.030303030303030307
HHS Region 10,Season peak week,Bin,week,9,10,0.030303030303030307
HHS Region 10,Season peak week,Bin,week,10,11,0.030303030303030307
HHS Region 10,Season peak week,Bin,week,11,12,0.030303030303030307
HHS Region 10,Season peak week,Bin,week,12,13,0.030303030303030307
HHS Region 10,Season peak week,Bin,week,13,14,0.030303030303030307
HHS Region 10,Season peak week,Bin,week,14,15,0.030303030303030307
HHS Region 10,Season peak week,Bin,week,15,16,0.030303030303030307
HHS Region 10,Season peak week,Bin,week,16,17,0.030303030303030307
HHS Region 10,Season peak week,Bin,week,17,18,0.030303030303030307
HHS Region 10,Season peak week,Bin,week,18,19,0.030303030303030307
HHS Region 10,Season peak week,Bin,week,19,20,0.030303030303030307
HHS Region 10,Season peak week,Bin,week,20,21,0.030303030303030307
HHS Region 10,Season peak percentage,Point,percent,,,6.5500000000000025
HHS Region 10,Season peak percentage,Bin,percent,0,0.1,0.0076335877862595426
HHS Region 10,Season peak percentage,Bin,percent,0.1,0.2,0.0076335877862595426
HHS Region 10,Season peak percentage,Bin,percent,0.2,0.3,0.0076335877862595426
HHS Region 10,Season peak percentage,Bin,percent,0.3,0.4,0.0076335877862595426
HHS Region 10,Season peak percentage,Bin,percent,0.4,0.5,0.0076335877862595426
HHS Region 10,Season peak percentage,Bin,percent,0.5,0.6,0.0076335877862595426
HHS Region 10,Season peak percentage,Bin,percent,0.6,0.7,0.0076335877862595426
HHS Region 10,Season peak percentage,Bin,percent,0.7,0.8,0.0076335877862595426
HHS Region 10,Season peak percentage,Bin,percent,0.8,0.9,0.0076335877862595426
HHS Region 10,Season peak percentage,Bin,percent,0.9,1,0.0076335877862595426
HHS Region 10,Season peak percentage,Bin,percent,1,1.1,0.0076335877862595426
HHS Region 10,Season peak percentage,Bin,percent,1.1,1.2,0.0076335877862595426
HHS Region 10,Season peak percentage,Bin,percent,1.2,1.3,0.0076335877862595426
HHS Region 10,Season peak percentage,Bin,percent,1.3,1.4,0.0076335877862595426
HHS Region 10,Season peak percentage,Bin,percent,1.4,1.5,0.0076335877862595426
HHS Region 10,Season peak percentage,Bin,percent,1.5,1.6,0.0076335877862595426
HHS Region 10,Season peak percentage,Bin,percent,1.6,1.7,0.0076335877862595426
HHS Region 10,Season peak percentage,Bin,percent,1.7,1.8,0.0076335877862595426
HHS Region 10,Season peak percentage,Bin,percent,1.8,1.9,0.0076335877862595426
HHS Region 10,Season peak percentage,Bin,percent,1.9,2,0.0076335877862595426
HHS Region 10,Season peak percentage,Bin,percent,2,2.1,0.0076335877862595426
HHS Region 10,Season peak percentage,Bin,percent,2.1,2.2,0.0076335877862595426
HHS Region 10,Season peak percentage,Bin,percent,2.2,2.3,0.0076335877862595426
HHS Region 10,Season peak percentage,Bin,percent,2.3,2.4,0.0076335877862595426
HHS Region 10,Season peak percentage,Bin,percent,2.4,2.5,0.0076335877862595426
HHS Region 10,Season peak percentage,Bin,percent,2.5,2.6,0.0076335877862595426
HHS Region 10,Season peak percentage,Bin,percent,2.6,2.7,0.0076335877862595426
HHS Region 10,Season peak percentage,Bin,percent,2.7,2.8,0.0076335877862595426
HHS Region 10,Season peak percentage,Bin,percent,2.8,2.9,0.0076335877862595426
HHS Region 10,Season peak percentage,Bin,percent,2.9,3,0.0076335877862595426
HHS Region 10,Season peak percentage,Bin,percent,3,3.1,0.0076335877862595426
HHS Region 10,Season peak percentage,Bin,percent,3.1,3.2,0.0076335877862595426
HHS Region 10,Season peak percentage,Bin,percent,3.2,3.3,0.0076335877862595426
HHS Region 10,Season peak percentage,Bin,percent,3.3,3.4,0.0076335877862595426
HHS Region 10,Season peak percentage,Bin,percent,3.4,3.5,0.0076335877862595426
HHS Region 10,Season peak percentage,Bin,percent,3.5,3.6,0.0076335877862595426
HHS Region 10,Season peak percentage,Bin,percent,3.6,3.7,0.0076335877862595426
HHS Region 10,Season peak percentage,Bin,percent,3.7,3.8,0.0076335877862595426
HHS Region 10,Season peak percentage,Bin,percent,3.8,3.9,0.0076335877862595426
HHS Region 10,Season peak percentage,Bin,percent,3.9,4,0.0076335877862595426
HHS Region 10,Season peak percentage,Bin,percent,4,4.1,0.0076335877862595426
HHS Region 10,Season peak percentage,Bin,percent,4.1,4.2,0.0076335877862595426
HHS Region 10,Season peak percentage,Bin,percent,4.2,4.3,0.0076335877862595426
HHS Region 10,Season peak percentage,Bin,percent,4.3,4.4,0.0076335877862595426
HHS Region 10,Season peak percentage,Bin,percent,4.4,4.5,0.0076335877862595426
HHS Region 10,Season peak percentage,Bin,percent,4.5,4.6,0.0076335877862595426
HHS Region 10,Season peak percentage,Bin,percent,4.6,4.7,0.0076335877862595426
HHS Region 10,Season peak percentage,Bin,percent,4.7,4.8,0.0076335877862595426
HHS Region 10,Season peak percentage,Bin,percent,4.8,4.9,0.0076335877862595426
HHS Region 10,Season peak percentage,Bin,percent,4.9,5,0.0076335877862595426
HHS Region 10,Season peak percentage,Bin,percent,5,5.1,0.0076335877862595426
HHS Region 10,Season peak percentage,Bin,percent,5.1,5.2,0.0076335877862595426
HHS Region 10,Season peak percentage,Bin,percent,5.2,5.3,0.0076335877862595426
HHS Region 10,Season peak percentage,Bin,percent,5.3,5.4,0.0076335877862595426
HHS Region 10,Season peak percentage,Bin,percent,5.4,5.5,0.0076335877862595426
HHS Region 10,Season peak percentage,Bin,percent,5.5,5.6,0.0076335877862595426
HHS Region 10,Season peak percentage,Bin,percent,5.6,5.7,0.0076335877862595426
HHS Region 10,Season peak percentage,Bin,percent,5.7,5.8,0.0076335877862595426
HHS Region 10,Season peak percentage,Bin,percent,5.8,5.9,0.0076335877862595426
HHS Region 10,Season peak percentage,Bin,percent,5.9,6,0.0076335877862595426
HHS Region 10,Season peak percentage,Bin,percent,6,6.1,0.0076335877862595426
HHS Region 10,Season peak percentage,Bin,percent,6.1,6.2,0.0076335877862595426
HHS Region 10,Season peak percentage,Bin,percent,6.2,6.3,0.0076335877862595426
HHS Region 10,Season peak percentage,Bin,percent,6.3,6.4,0.0076335877862595426
HHS Region 10,Season peak percentage,Bin,percent,6.4,6.5,0.0076335877862595426
HHS Region 10,Season peak percentage,Bin,percent,6.5,6.6,0.0076335877862595426
HHS Region 10,Season peak percentage,Bin,percent,6.6,6.7,0.0076335877862595426
HHS Region 10,Season peak percentage,Bin,percent,6.7,6.8,0.0076335877862595426
HHS Region 10,Season peak percentage,Bin,percent,6.8,6.9,0.0076335877862595426
HHS Region 10,Season peak percentage,Bin,percent,6.9,7,0.0076335877862595426
HHS Region 10,Season peak percentage,Bin,percent,7,7.1,0.0076335877862595426
HHS Region 10,Season peak percentage,Bin,percent,7.1,7.2,0.0076335877862595426
HHS Region 10,Season peak percentage,Bin,percent,7.2,7.3,0.0076335877862595426
HHS Region 10,Season peak percentage,Bin,percent,7.3,7.4,0.0076335877862595426
HHS Region 10,Season peak percentage,Bin,percent,7.4,7.5,0.0076335877862595426
HHS Region 10,Season peak percentage,Bin,percent,7.5,7.6,0.0076335877862595426
HHS Region 10,Season peak percentage,Bin,percent,7.6,7.7,0.0076335877862595426
HHS Region 10,Season peak percentage,Bin,percent,7.7,7.8,0.0076335877862595426
HHS Region 10,Season peak percentage,Bin,percent,7.8,7.9,0.0076335877862595426
HHS Region 10,Season peak percentage,Bin,percent,7.9,8,0.0076335877862595426
HHS Region 10,Season peak percentage,Bin,percent,8,8.1,0.0076335877862595426
HHS Region 10,Season peak percentage,Bin,percent,8.1,8.2,0.0076335877862595426
HHS Region 10,Season peak percentage,Bin,percent,8.2,8.3,0.0076335877862595426
HHS Region 10,Season peak percentage,Bin,percent,8.3,8.4,0.0076335877862595426
HHS Region 10,Season peak percentage,Bin,percent,8.4,8.5,0.0076335877862595426
HHS Region 10,Season peak percentage,Bin,percent,8.5,8.6,0.0076335877862595426
HHS Region 10,Season peak percentage,Bin,percent,8.6,8.7,0.0076335877862595426
HHS Region 10,Season peak percentage,Bin,percent,8.7,8.8,0.0076335877862595426
HHS Region 10,Season peak percentage,Bin,percent,8.8,8.9,0.0076335877862595426
HHS Region 10,Season peak percentage,Bin,percent,8.9,9,0.0076335877862595426
HHS Region 10,Season peak percentage,Bin,percent,9,9.1,0.0076335877862595426
HHS Region 10,Season peak percentage,Bin,percent,9.1,9.2,0.0076335877862595426
HHS Region 10,Season peak percentage,Bin,percent,9.2,9.3,0.0076335877862595426
HHS Region 10,Season peak percentage,Bin,percent,9.3,9.4,0.0076335877862595426
HHS Region 10,Season peak percentage,Bin,percent,9.4,9.5,0.0076335877862595426
HHS Region 10,Season peak percentage,Bin,percent,9.5,9.6,0.0076335877862595426
HHS Region 10,Season peak percentage,Bin,percent,9.6,9.7,0.0076335877862595426
HHS Region 10,Season peak percentage,Bin,percent,9.7,9.8,0.0076335877862595426
HHS Region 10,Season peak percentage,Bin,percent,9.8,9.9,0.0076335877862595426
HHS Region 10,Season peak percentage,Bin,percent,9.9,10,0.0076335877862595426
HHS Region 10,Season peak percentage,Bin,percent,10,10.1,0.0076335877862595426
HHS Region 10,Season peak percentage,Bin,percent,10.1,10.2,0.0076335877862595426
HHS Region 10,Season peak percentage,Bin,percent,10.2,10.3,0.0076335877862595426
HHS Region 10,Season peak percentage,Bin,percent,10.3,10.4,0.0076335877862595426
HHS Region 10,Season peak percentage,Bin,percent,10.4,10.5,0.0076335877862595426
HHS Region 10,Season peak percentage,Bin,percent,10.5,10.6,0.0076335877862595426
HHS Region 10,Season peak percentage,Bin,percent,10.6,10.7,0.0076335877862595426
HHS Region 10,Season peak percentage,Bin,percent,10.7,10.8,0.0076335877862595426
HHS Region 10,Season peak percentage,Bin,percent,10.8,10.9,0.0076335877862595426
HHS Region 10,Season peak percentage,Bin,percent,10.9,11,0.0076335877862595426
HHS Region 10,Season peak percentage,Bin,percent,11,11.1,0.0076335877862595426
HHS Region 10,Season peak percentage,Bin,percent,11.1,11.2,0.0076335877862595426
HHS Region 10,Season peak percentage,Bin,percent,11.2,11.3,0.0076335877862595426
HHS Region 10,Season peak percentage,Bin,percent,11.3,11.4,0.0076335877862595426
HHS Region 10,Season peak percentage,Bin,percent,11.4,11.5,0.0076335877862595426
HHS Region 10,Season peak percentage,Bin,percent,11.5,11.6,0.0076335877862595426
HHS Region 10,Season peak percentage,Bin,percent,11.6,11.7,0.0076335877862595426
HHS Region 10,Season peak percentage,Bin,percent,11.7,11.8,0.0076335877862595426
HHS Region 10,Season peak percentage,Bin,percent,11.8,11.9,0.0076335877862595426
HHS Region 10,Season peak percentage,Bin,percent,11.9,12,0.0076335877862595426
HHS Region 10,Season peak percentage,Bin,percent,12,12.1,0.0076335877862595426
HHS Region 10,Season peak percentage,Bin,percent,12.1,12.2,0.0076335877862595426
HHS Region 10,Season peak percentage,Bin,percent,12.2,12.3,0.0076335877862595426
HHS Region 10,Season peak percentage,Bin,percent,12.3,12.4,0.0076335877862595426
HHS Region 10,Season peak percentage,Bin,percent,12.4,12.5,0.0076335877862595426
HHS Region 10,Season peak percentage,Bin,percent,12.5,12.6,0.0076335877862595426
HHS Region 10,Season peak percentage,Bin,percent,12.6,12.7,0.0076335877862595426
HHS Region 10,Season peak percentage,Bin,percent,12.7,12.8,0.0076335877862595426
HHS Region 10,Season peak percentage,Bin,percent,12.8,12.9,0.0076335877862595426
HHS Region 10,Season peak percentage,Bin,percent,12.9,13,0.0076335877862595426
HHS Region 10,Season peak percentage,Bin,percent,13,100,0.0076335877862595426
HHS Region 10,1 wk ahead,Point,percent,,,1.1737883295355176
HHS Region 10,1 wk ahead,Bin,percent,0,0.1,0.024621356268470902
HHS Region 10,1 wk ahead,Bin,percent,0.1,0.2,0.02640424998423185
HHS Region 10,1 wk ahead,Bin,percent,0.2,0.3,0.028140684612022702
HHS Region 10,1 wk ahead,Bin,percent,0.3,0.4,0.02980534889138443
HHS Region 10,1 wk ahead,Bin,percent,0.4,0.5,0.03137272906529922
HHS Region 10,1 wk ahead,Bin,percent,0.5,0.6,0.032817747587908376
HHS Region 10,1 wk ahead,Bin,percent,0.6,0.7,0.03411642356237672
HHS Region 10,1 wk ahead,Bin,percent,0.7,0.8,0.03524653091586192
HHS Region 10,1 wk ahead,Bin,percent,0.8,0.9,0.036188229239458886
HHS Region 10,1 wk ahead,Bin,percent,0.9,1,0.036924642357910965
HHS Region 10,1 wk ahead,Bin,percent,1,1.1,0.037442361090886514
HHS Region 10,1 wk ahead,Bin,percent,1.1,1.2,0.0377318492914259
HHS Region 10,1 wk ahead,Bin,percent,1.2,1.3,0.03778773598662874
HHS Region 10,1 wk ahead,Bin,percent,1.3,1.4,0.037608981117084286
HHS Region 10,1 wk ahead,Bin,percent,1.4,1.5,0.037198907729590135
HHS Region 10,1 wk ahead,Bin,percent,1.5,1.6,0.03656509923100452
HHS Region 10,1 wk ahead,Bin,percent,1.6,1.7,0.035719166141623605
HHS Region 10,1 wk ahead,Bin,percent,1.7,1.8,0.034676392371020014
HHS Region 10,1 wk ahead,Bin,percent,1.8,1.9,0.033455276071213035
HHS Region 10,1 wk ahead,Bin,percent,1.9,2,0.032076984331909635
HHS Region 10,1 wk ahead,Bin,percent,2,2.1,0.030564744155656912
HHS Region 10,1 wk ahead,Bin,percent,2.1,2.2,0.02894319414040626
HHS Region 10,1 wk ahead,Bin,percent,2.2,2.3,0.027237722032586474
HHS Region 10,1 wk ahead,Bin,percent,2.3,2.4,0.02547381280301605
HHS Region 10,1 wk ahead,Bin,percent,2.4,2.5,0.02367643022337788
HHS Region 10,1 wk ahead,Bin,percent,2.5,2.6,0.021869452231142283
HHS Region 10,1 wk ahead,Bin,percent,2.6,2.7,0.02007517686735209
HHS Region 10,1 wk ahead,Bin,percent,2.7,2.8,0.018313911492954964
HHS Region 10,1 wk ahead,Bin,percent,2.8,2.9,0.016603653592655226
HHS Region 10,1 wk ahead,Bin,percent,2.9,3,0.014959867018643913
HHS Region 10,1 wk ahead,Bin,percent,3,3.1,0.013395353252073285
HHS Region 10,1 wk ahead,Bin,percent,3.1,3.2,0.011920213379276987
HHS Region 10,1 wk ahead,Bin,percent,3.2,3.3,0.010541893162375896
HHS Region 10,1 wk ahead,Bin,percent,3.3,3.4,0.009265300951079523
HHS Region 10,1 wk ahead,Bin,percent,3.4,3.5,0.008092986303265647
HHS Region 10,1 wk ahead,Bin,percent,3.5,3.6,0.0070253660742386785
HHS Region 10,1 wk ahead,Bin,percent,3.6,3.7,0.006060984369563914
HHS Region 10,1 wk ahead,Bin,percent,3.7,3.8,0.005196793065471637
HHS Region 10,1 wk ahead,Bin,percent,3.8,3.9,0.004428440484774756
HHS Region 10,1 wk ahead,Bin,percent,3.9,4,0.003750557155198592
HHS Region 10,1 wk ahead,Bin,percent,4,4.1,0.003157029240762682
HHS Region 10,1 wk ahead,Bin,percent,4.1,4.2,0.002641252094381988
HHS Region 10,1 wk ahead,Bin,percent,4.2,4.3,0.002196358307730742
HHS Region 10,1 wk ahead,Bin,percent,4.3,4.4,0.0018154165233909359
HHS Region 10,1 wk ahead,Bin,percent,4.4,4.5,0.0014915990340336035
HHS Region 10,1 wk ahead,Bin,percent,4.5,4.6,0.0012183177550777115
HHS Region 10,1 wk ahead,Bin,percent,4.6,4.7,0.0009893294745483134
HHS Region 10,1 wk ahead,Bin,percent,4.7,4.8,0.0007988123318716098
HHS Region 10,1 wk ahead,Bin,percent,4.8,4.9,0.0006414162506594487
HHS Region 10,1 wk ahead,Bin,percent,4.9,5,0.0005122905600333056
HHS Region 10,1 wk ahead,Bin,percent,5,5.1,0.00040709230830359247
HHS Region 10,1 wk ahead,Bin,percent,5.1,5.2,0.00032197883433644753
HHS Region 10,1 wk ahead,Bin,percent,5.2,5.3,0.0002535880534069857
HHS Region 10,1 wk ahead,Bin,percent,5.3,5.4,0.00019900967535784288
HHS Region 10,1 wk ahead,Bin,percent,5.4,5.5,0.00015575024217832242
HHS Region 10,1 wk ahead,Bin,percent,5.5,5.6,0.00012169448537848296
HHS Region 10,1 wk ahead,Bin,percent,5.6,5.7,9.506509189277842e-05
HHS Region 10,1 wk ahead,Bin,percent,5.7,5.8,7.438255641226437e-05
HHS Region 10,1 wk ahead,Bin,percent,5.8,5.9,5.842640793877143e-05
HHS Region 10,1 wk ahead,Bin,percent,5.9,6,4.619874324060179e-05
HHS Region 10,1 wk ahead,Bin,percent,6,6.1,3.689068881881661e-05
HHS Region 10,1 wk ahead,Bin,percent,6.1,6.2,2.985215049429697e-05
HHS Region 10,1 wk ahead,Bin,percent,6.2,6.3,2.456499661897664e-05
HHS Region 10,1 wk ahead,Bin,percent,6.3,6.4,2.061965517010921e-05
HHS Region 10,1 wk ahead,Bin,percent,6.4,6.5,1.769498255292222e-05
HHS Region 10,1 wk ahead,Bin,percent,6.5,6.6,1.5541177492108595e-05
HHS Region 10,1 wk ahead,Bin,percent,6.6,6.7,1.3965460982182129e-05
HHS Region 10,1 wk ahead,Bin,percent,6.7,6.8,1.2820216818123254e-05
HHS Region 10,1 wk ahead,Bin,percent,6.8,6.9,1.1993280934513334e-05
HHS Region 10,1 wk ahead,Bin,percent,6.9,7,1.1400076367516188e-05
HHS Region 10,1 wk ahead,Bin,percent,7,7.1,1.0977309532457496e-05
HHS Region 10,1 wk ahead,Bin,percent,7.1,7.2,1.0677968853012682e-05
HHS Region 10,1 wk ahead,Bin,percent,7.2,7.3,1.046739552179732e-05
HHS Region 10,1 wk ahead,Bin,percent,7.3,7.4,1.0320225969713755e-05
HHS Region 10,1 wk ahead,Bin,percent,7.4,7.5,1.0218034766688004e-05
HHS Region 10,1 wk ahead,Bin,percent,7.5,7.6,1.0147534010082355e-05
HHS Region 10,1 wk ahead,Bin,percent,7.6,7.7,1.0099210066816768e-05
HHS Region 10,1 wk ahead,Bin,percent,7.7,7.8,1.0066300458960642e-05
HHS Region 10,1 wk ahead,Bin,percent,7.8,7.9,1.0044032619764617e-05
HHS Region 10,1 wk ahead,Bin,percent,7.9,8,1.0029062282016164e-05
HHS Region 10,1 wk ahead,Bin,percent,8,8.1,1.0019062598383354e-05
HHS Region 10,1 wk ahead,Bin,percent,8.1,8.2,1.0012426009491445e-05
HHS Region 10,1 wk ahead,Bin,percent,8.2,8.3,1.000804967713273e-05
HHS Region 10,1 wk ahead,Bin,percent,8.3,8.4,1.0005182298676002e-05
HHS Region 10,1 wk ahead,Bin,percent,8.4,8.5,1.0003315611329844e-05
HHS Region 10,1 wk ahead,Bin,percent,8.5,8.6,1.0002108152326931e-05
HHS Region 10,1 wk ahead,Bin,percent,8.6,8.7,1.0001332102240576e-05
HHS Region 10,1 wk ahead,Bin,percent,8.7,8.8,1.0000836508439693e-05
HHS Region 10,1 wk ahead,Bin,percent,8.8,8.9,1.0000522035807027e-05
HHS Region 10,1 wk ahead,Bin,percent,8.9,9,1.0000323763179304e-05
HHS Region 10,1 wk ahead,Bin,percent,9,9.1,1.0000199550039e-05
HHS Region 10,1 wk ahead,Bin,percent,9.1,9.2,1.0000122228751428e-05
HHS Region 10,1 wk ahead,Bin,percent,9.2,9.3,1.0000074403288566e-05
HHS Region 10,1 wk ahead,Bin,percent,9.3,9.4,1.000004500990383e-05
HHS Region 10,1 wk ahead,Bin,percent,9.4,9.5,1.0000027059591503e-05
HHS Region 10,1 wk ahead,Bin,percent,9.5,9.6,1.0000016167079905e-05
HHS Region 10,1 wk ahead,Bin,percent,9.6,9.7,1.0000009599290415e-05
HHS Region 10,1 wk ahead,Bin,percent,9.7,9.8,1.000000566426906e-05
HHS Region 10,1 wk ahead,Bin,percent,9.8,9.9,1.0000003321588407e-05
HHS Region 10,1 wk ahead,Bin,percent,9.9,10,1.0000001935730777e-05
HHS Region 10,1 wk ahead,Bin,percent,10,10.1,1.0000001121092098e-05
HHS Region 10,1 wk ahead,Bin,percent,10.1,10.2,1.0000000645260123e-05
HHS Region 10,1 wk ahead,Bin,percent,10.2,10.3,1.0000000369084287e-05
HHS Region 10,1 wk ahead,Bin,percent,10.3,10.4,1.0000000209803868e-05
HHS Region 10,1 wk ahead,Bin,percent,10.4,10.5,1.0000000118521904e-05
HHS Region 10,1 wk ahead,Bin,percent,10.5,10.6,1.0000000066539716e-05
HHS Region 10,1 wk ahead,Bin,percent,10.6,10.7,1.0000000037124488e-05
HHS Region 10,1 wk ahead,Bin,percent,10.7,10.8,1.0000000020584352e-05
HHS Region 10,1 wk ahead,Bin,percent,10.8,10.9,1.000000001134256e-05
HHS Region 10,1 wk ahead,Bin,percent,10.9,11,1.0000000006211297e-05
HHS Region 10,1 wk ahead,Bin,percent,11,11.1,1.0000000003380264e-05
HHS Region 10,1 wk ahead,Bin,percent,11.1,11.2,1.0000000001828167e-05
HHS Region 10,1 wk ahead,Bin,percent,11.2,11.3,1.0000000000982603e-05
HHS Region 10,1 wk ahead,Bin,percent,11.3,11.4,1.0000000000524856e-05
HHS Region 10,1 wk ahead,Bin,percent,11.4,11.5,1.000000000027861e-05
HHS Region 10,1 wk ahead,Bin,percent,11.5,11.6,1.0000000000146978e-05
HHS Region 10,1 wk ahead,Bin,percent,11.6,11.7,1.0000000000077057e-05
HHS Region 10,1 wk ahead,Bin,percent,11.7,11.8,1.0000000000040147e-05
HHS Region 10,1 wk ahead,Bin,percent,11.8,11.9,1.0000000000020787e-05
HHS Region 10,1 wk ahead,Bin,percent,11.9,12,1.0000000000010697e-05
HHS Region 10,1 wk ahead,Bin,percent,12,12.1,1.0000000000005471e-05
HHS Region 10,1 wk ahead,Bin,percent,12.1,12.2,1.000000000000278e-05
HHS Region 10,1 wk ahead,Bin,percent,12.2,12.3,1.0000000000001404e-05
HHS Region 10,1 wk ahead,Bin,percent,12.3,12.4,1.0000000000000707e-05
HHS Region 10,1 wk ahead,Bin,percent,12.4,12.5,1.0000000000000353e-05
HHS Region 10,1 wk ahead,Bin,percent,12.5,12.6,1.0000000000000177e-05
HHS Region 10,1 wk ahead,Bin,percent,12.6,12.7,1.0000000000000087e-05
HHS Region 10,1 wk ahead,Bin,percent,12.7,12.8,1.0000000000000045e-05
HHS Region 10,1 wk ahead,Bin,percent,12.8,12.9,1.000000000000002e-05
HHS Region 10,1 wk ahead,Bin,percent,12.9,13,1.0000000000000013e-05
HHS Region 10,1 wk ahead,Bin,percent,13,100,1.0000000000000006e-05
HHS Region 10,2 wk ahead,Point,percent,,,1.2726806729170521
HHS Region 10,2 wk ahead,Bin,percent,0,0.1,0.02288562036927906
HHS Region 10,2 wk ahead,Bin,percent,0.1,0.2,0.02417947529261847
HHS Region 10,2 wk ahead,Bin,percent,0.2,0.3,0.0254318589757813
HHS Region 10,2 wk ahead,Bin,percent,0.3,0.4,0.026629085406913163
HHS Region 10,2 wk ahead,Bin,percent,0.4,0.5,0.02775755338209255
HHS Region 10,2 wk ahead,Bin,percent,0.5,0.6,0.028804000174916862
HHS Region 10,2 wk ahead,Bin,percent,0.6,0.7,0.029755758781548264
HHS Region 10,2 wk ahead,Bin,percent,0.7,0.8,0.030601011835640013
HHS Region 10,2 wk ahead,Bin,percent,0.8,0.9,0.031329035118108944
HHS Region 10,2 wk ahead,Bin,percent,0.9,1,0.03193042366869809
HHS Region 10,2 wk ahead,Bin,percent,1,1.1,0.03239729384519775
HHS Region 10,2 wk ahead,Bin,percent,1.1,1.2,0.032723455266095644
HHS Region 10,2 wk ahead,Bin,percent,1.2,1.3,0.032904547395809065
HHS Region 10,2 wk ahead,Bin,percent,1.3,1.4,0.032938136560052664
HHS Region 10,2 wk ahead,Bin,percent,1.4,1.5,0.0328237703740696
HHS Region 10,2 wk ahead,Bin,percent,1.5,1.6,0.032562987882097605
HHS Region 10,2 wk ahead,Bin,percent,1.6,1.7,0.032159285090382066
HHS Region 10,2 wk ahead,Bin,percent,1.7,1.8,0.03161803697276787
HHS Region 10,2 wk ahead,Bin,percent,1.8,1.9,0.030946378381253737
HHS Region 10,2 wk ahead,Bin,percent,1.9,2,0.03015304754985925
HHS Region 10,2 wk ahead,Bin,percent,2,2.1,0.02924819698947545
HHS Region 10,2 wk ahead,Bin,percent,2.1,2.2,0.02824317749189997
HHS Region 10,2 wk ahead,Bin,percent,2.2,2.3,0.02715030165991624
HHS Region 10,2 wk ahead,Bin,percent,2.3,2.4,0.02598259383448599
HHS Region 10,2 wk ahead,Bin,percent,2.4,2.5,0.02475353348865376
HHS Region 10,2 wk ahead,Bin,percent,2.5,2.6,0.023476799100965
HHS Region 10,2 wk ahead,Bin,percent,2.6,2.7,0.022166019220615032
HHS Region 10,2 wk ahead,Bin,percent,2.7,2.8,0.020834536913946145
HHS Region 10,2 wk ahead,Bin,percent,2.8,2.9,0.019495193067827227
HHS Region 10,2 wk ahead,Bin,percent,2.9,3,0.018160133157327167
HHS Region 10,2 wk ahead,Bin,percent,3,3.1,0.016840641105143342
HHS Region 10,2 wk ahead,Bin,percent,3.1,3.2,0.015547002813187634
HHS Region 10,2 wk ahead,Bin,percent,3.2,3.3,0.014288400877512476
HHS Region 10,2 wk ahead,Bin,percent,3.3,3.4,0.013072840949397523
HHS Region 10,2 wk ahead,Bin,percent,3.4,3.5,0.011907109217104856
HHS Region 10,2 wk ahead,Bin,percent,3.5,3.6,0.010796759588308929
HHS Region 10,2 wk ahead,Bin,percent,3.6,3.7,0.009746128379672384
HHS Region 10,2 wk ahead,Bin,percent,3.7,3.8,0.008758373687252572
HHS Region 10,2 wk ahead,Bin,percent,3.8,3.9,0.007835536131476101
HHS Region 10,2 wk ahead,Bin,percent,3.9,4,0.006978617347810763
HHS Region 10,2 wk ahead,Bin,percent,4,4.1,0.0061876724263841935
HHS Region 10,2 wk ahead,Bin,percent,4.1,4.2,0.0054619124817219325
HHS Region 10,2 wk ahead,Bin,percent,4.2,4.3,0.004799813643306695
HHS Region 10,2 wk ahead,Bin,percent,4.3,4.4,0.004199228980529954
HHS Region 10,2 wk ahead,Bin,percent,4.4,4.5,0.00365750019076344
HHS Region 10,2 wk ahead,Bin,percent,4.5,4.6,0.003171566264170019
HHS Region 10,2 wk ahead,Bin,percent,4.6,4.7,0.00273806677065813
HHS Region 10,2 wk ahead,Bin,percent,4.7,4.8,0.002353437871022576
HHS Region 10,2 wk ahead,Bin,percent,4.8,4.9,0.0020139996154802014
HHS Region 10,2 wk ahead,Bin,percent,4.9,5,0.0017160335406076169
HHS Region 10,2 wk ahead,Bin,percent,5,5.1,0.0014558499951561686
HHS Region 10,2 wk ahead,Bin,percent,5.1,5.2,0.0012298450046145516
HHS Region 10,2 wk ahead,Bin,percent,5.2,5.3,0.0010345468152800886
HHS Region 10,2 wk ahead,Bin,percent,5.3,5.4,0.0008666525357753
HHS Region 10,2 wk ahead,Bin,percent,5.4,5.5,0.0007230555151854308
HHS Region 10,2 wk ahead,Bin,percent,5.5,5.6,0.0006008642627127929
HHS Region 10,2 wk ahead,Bin,percent,5.6,5.7,0.0004974138265782072
HHS Region 10,2 wk ahead,Bin,percent,5.7,5.8,0.0004102706142289969
HHS Region 10,2 wk ahead,Bin,percent,5.8,5.9,0.00033723165738513343
HHS Region 10,2 wk ahead,Bin,percent,5.9,6,0.0002763193105240356
HHS Region 10,2 wk ahead,Bin,percent,6,6.1,0.00022577232690369572
HHS Region 10,2 wk ahead,Bin,percent,6.1,6.2,0.00018403418899579644
HHS Region 10,2 wk ahead,Bin,percent,6.2,6.3,0.00014973948679003365
HHS Region 10,2 wk ahead,Bin,percent,6.3,6.4,0.00012169904384692032
HHS Region 10,2 wk ahead,Bin,percent,6.4,6.5,9.888439252395056e-05
HHS Region 10,2 wk ahead,Bin,percent,6.5,6.6,8.041210097661597e-05
HHS Region 10,2 wk ahead,Bin,percent,6.6,6.7,6.5528358986733e-05
HHS Region 10,2 wk ahead,Bin,percent,6.7,6.8,5.359414019405943e-05
HHS Region 10,2 wk ahead,Bin,percent,6.8,6.9,4.4071176898669296e-05
HHS Region 10,2 wk ahead,Bin,percent,6.9,7,3.650891152820727e-05
HHS Region 10,2 wk ahead,Bin,percent,7,7.1,3.053252675866388e-05
HHS Region 10,2 wk ahead,Bin,percent,7.1,7.2,2.583210424278322e-05
HHS Region 10,2 wk ahead,Bin,percent,7.2,7.3,2.215291961815497e-05
HHS Region 10,2 wk ahead,Bin,percent,7.3,7.4,1.9286848302173845e-05
HHS Region 10,2 wk ahead,Bin,percent,7.4,7.5,1.7064831678523153e-05
HHS Region 10,2 wk ahead,Bin,percent,7.5,7.6,1.5350335651193895e-05
HHS Region 10,2 wk ahead,Bin,percent,7.6,7.7,1.4033722138264945e-05
HHS Region 10,2 wk ahead,Bin,percent,7.7,7.8,1.302744784838806e-05
HHS Region 10,2 wk ahead,Bin,percent,7.8,7.9,1.226200262202748e-05
HHS Region 10,2 wk ahead,Bin,percent,7.9,8,1.1682500797919479e-05
HHS Region 10,2 wk ahead,Bin,percent,8,8.1,1.124584265227781e-05
HHS Region 10,2 wk ahead,Bin,percent,8.1,8.2,1.0918368233326938e-05
HHS Region 10,2 wk ahead,Bin,percent,8.2,8.3,1.0673932269797164e-05
HHS Region 10,2 wk ahead,Bin,percent,8.3,8.4,1.0492335773152867e-05
HHS Region 10,2 wk ahead,Bin,percent,8.4,8.5,1.0358057087652922e-05
HHS Region 10,2 wk ahead,Bin,percent,8.5,8.6,1.0259232171893488e-05
HHS Region 10,2 wk ahead,Bin,percent,8.6,8.7,1.0186840604396944e-05
HHS Region 10,2 wk ahead,Bin,percent,8.7,8.8,1.0134060047814756e-05
HHS Region 10,2 wk ahead,Bin,percent,8.8,8.9,1.009575759232494e-05
HHS Region 10,2 wk ahead,Bin,percent,8.9,9,1.0068091485233766e-05
HHS Region 10,2 wk ahead,Bin,percent,9,9.1,1.0048201231927549e-05
HHS Region 10,2 wk ahead,Bin,percent,9.1,9.2,1.003396794005214e-05
HHS Region 10,2 wk ahead,Bin,percent,9.2,9.3,1.002383010874009e-05
HHS Region 10,2 wk ahead,Bin,percent,9.3,9.4,1.001664288373556e-05
HHS Region 10,2 wk ahead,Bin,percent,9.4,9.5,1.001157115938971e-05
HHS Region 10,2 wk ahead,Bin,percent,9.5,9.6,1.000800886391001e-05
HHS Region 10,2 wk ahead,Bin,percent,9.6,9.7,1.0005518368443672e-05
HHS Region 10,2 wk ahead,Bin,percent,9.7,9.8,1.0003785264350026e-05
HHS Region 10,2 wk ahead,Bin,percent,9.8,9.9,1.0002584803166245e-05
HHS Region 10,2 wk ahead,Bin,percent,9.9,10,1.0001757132375971e-05
HHS Region 10,2 wk ahead,Bin,percent,10,10.1,1.0001189124223746e-05
HHS Region 10,2 wk ahead,Bin,percent,10.1,10.2,1.0000801116567121e-05
HHS Region 10,2 wk ahead,Bin,percent,10.2,10.3,1.0000537291464454e-05
HHS Region 10,2 wk ahead,Bin,percent,10.3,10.4,1.0000358731828366e-05
HHS Region 10,2 wk ahead,Bin,percent,10.4,10.5,1.0000238438083364e-05
HHS Region 10,2 wk ahead,Bin,percent,10.5,10.6,1.0000157770962426e-05
HHS Region 10,2 wk ahead,Bin,percent,10.6,10.7,1.000010392601359e-05
HHS Region 10,2 wk ahead,Bin,percent,10.7,10.8,1.0000068150210938e-05
HHS Region 10,2 wk ahead,Bin,percent,10.8,10.9,1.0000044489331633e-05
HHS Region 10,2 wk ahead,Bin,percent,10.9,11,1.0000028912809835e-05
HHS Region 10,2 wk ahead,Bin,percent,11,11.1,1.0000018705549026e-05
HHS Region 10,2 wk ahead,Bin,percent,11.1,11.2,1.0000012047484078e-05
HHS Region 10,2 wk ahead,Bin,percent,11.2,11.3,1.0000007724457781e-05
HHS Region 10,2 wk ahead,Bin,percent,11.3,11.4,1.0000004930436709e-05
HHS Region 10,2 wk ahead,Bin,percent,11.4,11.5,1.0000003132914293e-05
HHS Region 10,2 wk ahead,Bin,percent,11.5,11.6,1.0000001981788852e-05
HHS Region 10,2 wk ahead,Bin,percent,11.6,11.7,1.000000124799254e-05
HHS Region 10,2 wk ahead,Bin,percent,11.7,11.8,1.0000000782370273e-05
HHS Region 10,2 wk ahead,Bin,percent,11.8,11.9,1.0000000488268193e-05
HHS Region 10,2 wk ahead,Bin,percent,11.9,12,1.0000000303354376e-05
HHS Region 10,2 wk ahead,Bin,percent,12,12.1,1.0000000187623762e-05
HHS Region 10,2 wk ahead,Bin,percent,12.1,12.2,1.0000000115523718e-05
HHS Region 10,2 wk ahead,Bin,percent,12.2,12.3,1.0000000070810917e-05
HHS Region 10,2 wk ahead,Bin,percent,12.3,12.4,1.0000000043209081e-05
HHS Region 10,2 wk ahead,Bin,percent,12.4,12.5,1.000000002624796e-05
HHS Region 10,2 wk ahead,Bin,percent,12.5,12.6,1.0000000015873103e-05
HHS Region 10,2 wk ahead,Bin,percent,12.6,12.7,1.0000000009555949e-05
HHS Region 10,2 wk ahead,Bin,percent,12.7,12.8,1.000000000572706e-05
HHS Region 10,2 wk ahead,Bin,percent,12.8,12.9,1.0000000003416923e-05
HHS Region 10,2 wk ahead,Bin,percent,12.9,13,1.0000000002029477e-05
HHS Region 10,2 wk ahead,Bin,percent,13,100,1.0000000001199997e-05
HHS Region 10,3 wk ahead,Point,percent,,,1.2721858968746294
HHS Region 10,3 wk ahead,Bin,percent,0,0.1,0.02285133907657589
HHS Region 10,3 wk ahead,Bin,percent,0.1,0.2,0.0239675250056446
HHS Region 10,3 wk ahead,Bin,percent,0.2,0.3,0.02504035357197637
HHS Region 10,3 wk ahead,Bin,percent,0.3,0.4,0.02605933636648989
HHS Region 10,3 wk ahead,Bin,percent,0.4,0.5,0.027014179617455704
HHS Region 10,3 wk ahead,Bin,percent,0.5,0.6,0.0278949556054724
HHS Region 10,3 wk ahead,Bin,percent,0.6,0.7,0.02869227344200003
HHS Region 10,3 wk ahead,Bin,percent,0.7,0.8,0.029397445132601164
HHS Region 10,3 wk ahead,Bin,percent,0.8,0.9,0.03000264283552665
HHS Region 10,3 wk ahead,Bin,percent,0.9,1,0.03050104334448913
HHS Region 10,3 wk ahead,Bin,percent,1,1.1,0.03088695607112805
HHS Region 10,3 wk ahead,Bin,percent,1.1,1.2,0.03115593117246717
HHS Region 10,3 wk ahead,Bin,percent,1.2,1.3,0.03130484495131218
HHS Region 10,3 wk ahead,Bin,percent,1.3,1.4,0.03133196023811926
HHS Region 10,3 wk ahead,Bin,percent,1.4,1.5,0.03123696012239267
HHS Region 10,3 wk ahead,Bin,percent,1.5,1.6,0.031020954117831886
HHS Region 10,3 wk ahead,Bin,percent,1.6,1.7,0.030686456593535413
HHS Region 10,3 wk ahead,Bin,percent,1.7,1.8,0.030237338057512244
HHS Region 10,3 wk ahead,Bin,percent,1.8,1.9,0.029678750612234926
HHS Region 10,3 wk ahead,Bin,percent,1.9,2,0.02901702958954428
HHS Region 10,3 wk ahead,Bin,percent,2,2.1,0.028259573990388438
HHS Region 10,3 wk ahead,Bin,percent,2.1,2.2,0.027414708883079824
HHS Region 10,3 wk ahead,Bin,percent,2.2,2.3,0.02649153333517878
HHS Region 10,3 wk ahead,Bin,percent,2.3,2.4,0.02549975775636731
HHS Region 10,3 wk ahead,Bin,percent,2.4,2.5,0.024449534705212658
HHS Region 10,3 wk ahead,Bin,percent,2.5,2.6,0.02335128725903352
HHS Region 10,3 wk ahead,Bin,percent,2.6,2.7,0.022215538965677725
HHS Region 10,3 wk ahead,Bin,percent,2.7,2.8,0.021052749196151847
HHS Region 10,3 wk ahead,Bin,percent,2.8,2.9,0.019873157409235127
HHS Region 10,3 wk ahead,Bin,percent,2.9,3,0.018686639438614625
HHS Region 10,3 wk ahead,Bin,percent,3,3.1,0.017502578437683658
HHS Region 10,3 wk ahead,Bin,percent,3.1,3.2,0.016329752586897055
HHS Region 10,3 wk ahead,Bin,percent,3.2,3.3,0.01517624110444915
HHS Region 10,3 wk ahead,Bin,percent,3.3,3.4,0.014049349524114343
HHS Region 10,3 wk ahead,Bin,percent,3.4,3.5,0.012955554634668938
HHS Region 10,3 wk ahead,Bin,percent,3.5,3.6,0.011900468932139916
HHS Region 10,3 wk ahead,Bin,percent,3.6,3.7,0.0108888239357037
HHS Region 10,3 wk ahead,Bin,percent,3.7,3.8,0.009924471274130878
HHS Region 10,3 wk ahead,Bin,percent,3.8,3.9,0.009010400072857512
HHS Region 10,3 wk ahead,Bin,percent,3.9,4,0.0081487688693531
HHS Region 10,3 wk ahead,Bin,percent,4,4.1,0.007340950060384469
HHS Region 10,3 wk ahead,Bin,percent,4.1,4.2,0.006587584739736846
HHS Region 10,3 wk ahead,Bin,percent,4.2,4.3,0.005888645716655149
HHS Region 10,3 wk ahead,Bin,percent,4.3,4.4,0.005243506508789993
HHS Region 10,3 wk ahead,Bin,percent,4.4,4.5,0.004651014171674193
HHS Region 10,3 wk ahead,Bin,percent,4.5,4.6,0.004109563950937492
HHS Region 10,3 wk ahead,Bin,percent,4.6,4.7,0.0036171739136523725
HHS Region 10,3 wk ahead,Bin,percent,4.7,4.8,0.003171557920822033
HHS Region 10,3 wk ahead,Bin,percent,4.8,4.9,0.0027701955333601642
HHS Region 10,3 wk ahead,Bin,percent,4.9,5,0.0024103976885657174
HHS Region 10,3 wk ahead,Bin,percent,5,5.1,0.0020893672333462702
HHS Region 10,3 wk ahead,Bin,percent,5.1,5.2,0.0018042536455690325
HHS Region 10,3 wk ahead,Bin,percent,5.2,5.3,0.0015522015084222572
HHS Region 10,3 wk ahead,Bin,percent,5.3,5.4,0.0013303925184238806
HHS Region 10,3 wk ahead,Bin,percent,5.4,5.5,0.0011360810010306221
HHS Region 10,3 wk ahead,Bin,percent,5.5,5.6,0.0009666230754268073
HHS Region 10,3 wk ahead,Bin,percent,5.6,5.7,0.000819499750125755
HHS Region 10,3 wk ahead,Bin,percent,5.7,5.8,0.0006923343428721883
HHS Region 10,3 wk ahead,Bin,percent,5.8,5.9,0.0005829047024680817
HHS Region 10,3 wk ahead,Bin,percent,5.9,6,0.0004891507679576839
HHS Region 10,3 wk ahead,Bin,percent,6,6.1,0.00040917803423223044
HHS Region 10,3 wk ahead,Bin,percent,6.1,6.2,0.00034125750522058767
HHS Region 10,3 wk ahead,Bin,percent,6.2,6.3,0.0002838227094371561
HHS Region 10,3 wk ahead,Bin,percent,6.3,6.4,0.0002354643309567545
HHS Region 10,3 wk ahead,Bin,percent,6.4,6.5,0.00019492297509456823
HHS Region 10,3 wk ahead,Bin,percent,6.5,6.6,0.00016108054529732468
HHS Region 10,3 wk ahead,Bin,percent,6.6,6.7,0.00013295065889964026
HHS Region 10,3 wk ahead,Bin,percent,6.7,6.8,0.00010966847708038844
HHS Region 10,3 wk ahead,Bin,percent,6.8,6.9,9.0480270843344e-05
HHS Region 10,3 wk ahead,Bin,percent,6.9,7,7.473299205362267e-05
HHS Region 10,3 wk ahead,Bin,percent,7,7.1,6.186406802237003e-05
HHS Region 10,3 wk ahead,Bin,percent,7.1,7.2,5.13915910183586e-05
HHS Region 10,3 wk ahead,Bin,percent,7.2,7.3,4.2905031227292064e-05
HHS Region 10,3 wk ahead,Bin,percent,7.3,7.4,3.6056563600201646e-05
HHS Region 10,3 wk ahead,Bin,percent,7.4,7.5,3.0553065985442733e-05
HHS Region 10,3 wk ahead,Bin,percent,7.5,7.6,2.6148817953083128e-05
HHS Region 10,3 wk ahead,Bin,percent,7.6,7.7,2.2638906643032903e-05
HHS Region 10,3 wk ahead,Bin,percent,7.7,7.8,1.98533275073962e-05
HHS Region 10,3 wk ahead,Bin,percent,7.8,7.9,1.7651753582317276e-05
HHS Region 10,3 wk ahead,Bin,percent,7.9,8,1.5918936460590793e-05
HHS Region 10,3 wk ahead,Bin,percent,8,8.1,1.4560694956173481e-05
HHS Region 10,3 wk ahead,Bin,percent,8.1,8.2,1.3500443060787719e-05
HHS Region 10,3 wk ahead,Bin,percent,8.2,8.3,1.2676206709321255e-05
HHS Region 10,3 wk ahead,Bin,percent,8.3,8.4,1.2038078641207886e-05
HHS Region 10,3 wk ahead,Bin,percent,8.4,8.5,1.154606185492784e-05
HHS Region 10,3 wk ahead,Bin,percent,8.5,8.6,1.1168254433384218e-05
HHS Region 10,3 wk ahead,Bin,percent,8.6,8.7,1.0879331549399465e-05
HHS Region 10,3 wk ahead,Bin,percent,8.7,8.8,1.065928397267846e-05
HHS Region 10,3 wk ahead,Bin,percent,8.8,8.9,1.0492376169992176e-05
HHS Region 10,3 wk ahead,Bin,percent,8.9,9,1.0366290941497169e-05
HHS Region 10,3 wk ahead,Bin,percent,9,9.1,1.0271431331006875e-05
HHS Region 10,3 wk ahead,Bin,percent,9.1,9.2,1.020035418534483e-05
HHS Region 10,3 wk ahead,Bin,percent,9.2,9.3,1.0147313146908236e-05
HHS Region 10,3 wk ahead,Bin,percent,9.3,9.4,1.0107891999060913e-05
HHS Region 10,3 wk ahead,Bin,percent,9.4,9.5,1.0078712121489253e-05
HHS Region 10,3 wk ahead,Bin,percent,9.5,9.6,1.005720034403186e-05
HHS Region 10,3 wk ahead,Bin,percent,9.6,9.7,1.0041405716944127e-05
HHS Region 10,3 wk ahead,Bin,percent,9.7,9.8,1.0029855656264992e-05
HHS Region 10,3 wk ahead,Bin,percent,9.8,9.9,1.002144359420285e-05
HHS Region 10,3 wk ahead,Bin,percent,9.9,10,1.0015341689301937e-05
HHS Region 10,3 wk ahead,Bin,percent,10,10.1,1.0010933354541088e-05
HHS Region 10,3 wk ahead,Bin,percent,10.1,10.2,1.0007761368874477e-05
HHS Region 10,3 wk ahead,Bin,percent,10.2,10.3,1.0005488173884773e-05
HHS Region 10,3 wk ahead,Bin,percent,10.3,10.4,1.0003865645693843e-05
HHS Region 10,3 wk ahead,Bin,percent,10.4,10.5,1.0002712194772432e-05
HHS Region 10,3 wk ahead,Bin,percent,10.5,10.6,1.0001895502440593e-05
HHS Region 10,3 wk ahead,Bin,percent,10.6,10.7,1.0001319570100073e-05
HHS Region 10,3 wk ahead,Bin,percent,10.7,10.8,1.0000915050852247e-05
HHS Region 10,3 wk ahead,Bin,percent,10.8,10.9,1.0000632066304033e-05
HHS Region 10,3 wk ahead,Bin,percent,10.9,11,1.0000434895277687e-05
HHS Region 10,3 wk ahead,Bin,percent,11,11.1,1.0000298065280076e-05
HHS Region 10,3 wk ahead,Bin,percent,11.1,11.2,1.0000203489841784e-05
HHS Region 10,3 wk ahead,Bin,percent,11.2,11.3,1.0000138381719514e-05
HHS Region 10,3 wk ahead,Bin,percent,11.3,11.4,1.000009373879286e-05
HHS Region 10,3 wk ahead,Bin,percent,11.4,11.5,1.0000063250597908e-05
HHS Region 10,3 wk ahead,Bin,percent,11.5,11.6,1.0000042512295815e-05
HHS Region 10,3 wk ahead,Bin,percent,11.6,11.7,1.0000028462243373e-05
HHS Region 10,3 wk ahead,Bin,percent,11.7,11.8,1.000001898140439e-05
HHS Region 10,3 wk ahead,Bin,percent,11.8,11.9,1.0000012609335513e-05
HHS Region 10,3 wk ahead,Bin,percent,11.9,12,1.0000008343738887e-05
HHS Region 10,3 wk ahead,Bin,percent,12,12.1,1.0000005499634828e-05
HHS Region 10,3 wk ahead,Bin,percent,12.1,12.2,1.0000003610868292e-05
HHS Region 10,3 wk ahead,Bin,percent,12.2,12.3,1.000000236153337e-05
HHS Region 10,3 wk ahead,Bin,percent,12.3,12.4,1.0000001538442153e-05
HHS Region 10,3 wk ahead,Bin,percent,12.4,12.5,1.0000000998327193e-05
HHS Region 10,3 wk ahead,Bin,percent,12.5,12.6,1.0000000645311306e-05
HHS Region 10,3 wk ahead,Bin,percent,12.6,12.7,1.0000000415499296e-05
HHS Region 10,3 wk ahead,Bin,percent,12.7,12.8,1.0000000266486957e-05
HHS Region 10,3 wk ahead,Bin,percent,12.8,12.9,1.0000000170249666e-05
HHS Region 10,3 wk ahead,Bin,percent,12.9,13,1.0000000108343092e-05
HHS Region 10,3 wk ahead,Bin,percent,13,100,1.0000000068678503e-05
HHS Region 10,4 wk ahead,Point,percent,,,1.46311953433121
HHS Region 10,4 wk ahead,Bin,percent,0,0.1,0.01988519565031406
HHS Region 10,4 wk ahead,Bin,percent,0.1,0.2,0.020961779449839683
HHS Region 10,4 wk ahead,Bin,percent,0.2,0.3,0.02201438396647569
HHS Region 10,4 wk ahead,Bin,percent,0.3,0.4,0.02303376346218609
HHS Region 10,4 wk ahead,Bin,percent,0.4,0.5,0.02401060638931714
HHS Region 10,4 wk ahead,Bin,percent,0.5,0.6,0.02493567417887008
HHS Region 10,4 wk ahead,Bin,percent,0.6,0.7,0.025799944790397943
HHS Region 10,4 wk ahead,Bin,percent,0.7,0.8,0.02659475795560533
HHS Region 10,4 wk ahead,Bin,percent,0.8,0.9,0.02731195887886886
HHS Region 10,4 wk ahead,Bin,percent,0.9,1,0.027944037080532644
HHS Region 10,4 wk ahead,Bin,percent,1,1.1,0.028484257088938036
HHS Region 10,4 wk ahead,Bin,percent,1.1,1.2,0.028926777807220243
HHS Region 10,4 wk ahead,Bin,percent,1.2,1.3,0.029266757599758587
HHS Region 10,4 wk ahead,Bin,percent,1.3,1.4,0.029500442455871342
HHS Region 10,4 wk ahead,Bin,percent,1.4,1.5,0.029625234986332606
HHS Region 10,4 wk ahead,Bin,percent,1.5,1.6,0.029639742479634863
HHS Region 10,4 wk ahead,Bin,percent,1.6,1.7,0.029543802774773864
HHS Region 10,4 wk ahead,Bin,percent,1.7,1.8,0.0293384872784862
HHS Region 10,4 wk ahead,Bin,percent,1.8,1.9,0.029026081048440976
HHS Region 10,4 wk ahead,Bin,percent,1.9,2,0.02861004046008104
HHS Region 10,4 wk ahead,Bin,percent,2,2.1,0.028094929553722826
HHS Region 10,4 wk ahead,Bin,percent,2.1,2.2,0.02748633670096083
HHS Region 10,4 wk ahead,Bin,percent,2.2,2.3,0.02679077371766393
HHS Region 10,4 wk ahead,Bin,percent,2.3,2.4,0.026015559969368808
HHS Region 10,4 wk ahead,Bin,percent,2.4,2.5,0.02516869435092861
HHS Region 10,4 wk ahead,Bin,percent,2.5,2.6,0.02425871826638336
HHS Region 10,4 wk ahead,Bin,percent,2.6,2.7,0.023294572881278487
HHS Region 10,4 wk ahead,Bin,percent,2.7,2.8,0.022285453965899742
HHS Region 10,4 wk ahead,Bin,percent,2.8,2.9,0.021240667595661688
HHS Region 10,4 wk ahead,Bin,percent,2.9,3,0.020169489829274752
HHS Region 10,4 wk ahead,Bin,percent,3,3.1,0.01908103325462732
HHS Region 10,4 wk ahead,Bin,percent,3.1,3.2,0.01798412298762388
HHS Region 10,4 wk ahead,Bin,percent,3.2,3.3,0.016887184343794985
HHS Region 10,4 wk ahead,Bin,percent,3.3,3.4,0.015798143991192445
HHS Region 10,4 wk ahead,Bin,percent,3.4,3.5,0.01472434595167105
HHS Region 10,4 wk ahead,Bin,percent,3.5,3.6,0.013672483362137814
HHS Region 10,4 wk ahead,Bin,percent,3.6,3.7,0.012648546453315809
HHS Region 10,4 wk ahead,Bin,percent,3.7,3.8,0.01165778676561344
HHS Region 10,4 wk ahead,Bin,percent,3.8,3.9,0.010704697212886338
HHS Region 10,4 wk ahead,Bin,percent,3.9,4,0.009793007236374643
HHS Region 10,4 wk ahead,Bin,percent,4,4.1,0.008925691971801389
HHS Region 10,4 wk ahead,Bin,percent,4.1,4.2,0.008104994089017784
HHS Region 10,4 wk ahead,Bin,percent,4.2,4.3,0.007332456759675736
HHS Region 10,4 wk ahead,Bin,percent,4.3,4.4,0.0066089660657448115
HHS Region 10,4 wk ahead,Bin,percent,4.4,4.5,0.005934801079515747
HHS Region 10,4 wk ahead,Bin,percent,4.5,4.6,0.005309689821212564
HHS Region 10,4 wk ahead,Bin,percent,4.6,4.7,0.0047328693288601325
HHS Region 10,4 wk ahead,Bin,percent,4.7,4.8,0.004203148150580452
HHS Region 10,4 wk ahead,Bin,percent,4.8,4.9,0.003718969684913543
HHS Region 10,4 wk ahead,Bin,percent,4.9,5,0.0032784749422953576
HHS Region 10,4 wk ahead,Bin,percent,5,5.1,0.0028795634723828324
HHS Region 10,4 wk ahead,Bin,percent,5.1,5.2,0.002519951389439748
HHS Region 10,4 wk ahead,Bin,percent,5.2,5.3,0.002197225623774189
HHS Region 10,4 wk ahead,Bin,percent,5.3,5.4,0.0019088937241352915
HHS Region 10,4 wk ahead,Bin,percent,5.4,5.5,0.0016524287277236446
HHS Region 10,4 wk ahead,Bin,percent,5.5,5.6,0.0014253087956837824
HHS Region 10,4 wk ahead,Bin,percent,5.6,5.7,0.0012250514783009856
HHS Region 10,4 wk ahead,Bin,percent,5.7,5.8,0.0010492426223618805
HHS Region 10,4 wk ahead,Bin,percent,5.8,5.9,0.0008955600610560512
HHS Region 10,4 wk ahead,Bin,percent,5.9,6,0.0007617923331902696
HHS Region 10,4 wk ahead,Bin,percent,6,6.1,0.0006458527630617419
HHS Region 10,4 wk ahead,Bin,percent,6.1,6.2,0.0005457892955880363
HHS Region 10,4 wk ahead,Bin,percent,6.2,6.3,0.00045979052437628535
HHS Region 10,4 wk ahead,Bin,percent,6.3,6.4,0.0003861883750102262
HHS Region 10,4 wk ahead,Bin,percent,6.4,6.5,0.00032345791399849915
HHS Region 10,4 wk ahead,Bin,percent,6.5,6.6,0.0002702147478636264
HHS Region 10,4 wk ahead,Bin,percent,6.6,6.7,0.00022521045918111557
HHS Region 10,4 wk ahead,Bin,percent,6.7,6.8,0.00018732649943566842
HHS Region 10,4 wk ahead,Bin,percent,6.8,6.9,0.00015556692469782354
HHS Region 10,4 wk ahead,Bin,percent,6.9,7,0.00012905032153463244
HHS Region 10,4 wk ahead,Bin,percent,7,7.1,0.0001070012292354444
HHS Region 10,4 wk ahead,Bin,percent,7.1,7.2,8.874132209239423e-05
HHS Region 10,4 wk ahead,Bin,percent,7.2,7.3,7.368057358837241e-05
HHS Region 10,4 wk ahead,Bin,percent,7.3,7.4,6.130858409990496e-05
HHS Region 10,4 wk ahead,Bin,percent,7.4,7.5,5.118621603465182e-05
HHS Region 10,4 wk ahead,Bin,percent,7.5,7.6,4.29376458542046e-05
HHS Region 10,4 wk ahead,Bin,percent,7.6,7.7,3.624291161179088e-05
HHS Region 10,4 wk ahead,Bin,percent,7.7,7.8,3.083100768678512e-05
HHS Region 10,4 wk ahead,Bin,percent,7.8,7.9,2.647355537609856e-05
HHS Region 10,4 wk ahead,Bin,percent,7.9,8,2.297905881800649e-05
HHS Region 10,4 wk ahead,Bin,percent,8,8.1,2.018774017830761e-05
HHS Region 10,4 wk ahead,Bin,percent,8.1,8.2,1.7966935842902908e-05
HHS Region 10,4 wk ahead,Bin,percent,8.2,8.3,1.6207026202016647e-05
HHS Region 10,4 wk ahead,Bin,percent,8.3,8.4,1.4817865115782516e-05
HHS Region 10,4 wk ahead,Bin,percent,8.4,8.5,1.3725670944221492e-05
HHS Region 10,4 wk ahead,Bin,percent,8.5,8.6,1.2870338737086438e-05
HHS Region 10,4 wk ahead,Bin,percent,8.6,8.7,1.2203132458227146e-05
HHS Region 10,4 wk ahead,Bin,percent,8.7,8.8,1.1684716638818292e-05
HHS Region 10,4 wk ahead,Bin,percent,8.8,8.9,1.1283488319924615e-05
HHS Region 10,4 wk ahead,Bin,percent,8.9,9,1.0974172298905182e-05
HHS Region 10,4 wk ahead,Bin,percent,9,9.1,1.0736645314264515e-05
HHS Region 10,4 wk ahead,Bin,percent,9.1,9.2,1.0554957704152228e-05
HHS Region 10,4 wk ahead,Bin,percent,9.2,9.3,1.0416524103630315e-05
HHS Region 10,4 wk ahead,Bin,percent,9.3,9.4,1.0311457785606313e-05
HHS Region 10,4 wk ahead,Bin,percent,9.4,9.5,1.0232026208901533e-05
HHS Region 10,4 wk ahead,Bin,percent,9.5,9.6,1.0172208147991439e-05
HHS Region 10,4 wk ahead,Bin,percent,9.6,9.7,1.012733539729719e-05
HHS Region 10,4 wk ahead,Bin,percent,9.7,9.8,1.0093804440768364e-05
HHS Region 10,4 wk ahead,Bin,percent,9.8,9.9,1.0068845641202797e-05
HHS Region 10,4 wk ahead,Bin,percent,9.9,10,1.0050339430629339e-05
HHS Region 10,4 wk ahead,Bin,percent,10,10.1,1.0036670678748596e-05
HHS Region 10,4 wk ahead,Bin,percent,10.1,10.2,1.0026613892444713e-05
HHS Region 10,4 wk ahead,Bin,percent,10.2,10.3,1.00192431712955e-05
HHS Region 10,4 wk ahead,Bin,percent,10.3,10.4,1.0013861929752319e-05
HHS Region 10,4 wk ahead,Bin,percent,10.4,10.5,1.0009948315293673e-05
HHS Region 10,4 wk ahead,Bin,percent,10.5,10.6,1.0007113022587236e-05
HHS Region 10,4 wk ahead,Bin,percent,10.6,10.7,1.0005066845176114e-05
HHS Region 10,4 wk ahead,Bin,percent,10.7,10.8,1.0003595836031104e-05
HHS Region 10,4 wk ahead,Bin,percent,10.8,10.9,1.0002542382702407e-05
HHS Region 10,4 wk ahead,Bin,percent,10.9,11,1.0001790856426716e-05
HHS Region 10,4 wk ahead,Bin,percent,11,11.1,1.0001256780443054e-05
HHS Region 10,4 wk ahead,Bin,percent,11.1,11.2,1.0000878692374742e-05
HHS Region 10,4 wk ahead,Bin,percent,11.2,11.3,1.0000612058735584e-05
HHS Region 10,4 wk ahead,Bin,percent,11.3,11.4,1.0000424744871125e-05
HHS Region 10,4 wk ahead,Bin,percent,11.4,11.5,1.0000293658100636e-05
HHS Region 10,4 wk ahead,Bin,percent,11.5,11.6,1.0000202271468296e-05
HHS Region 10,4 wk ahead,Bin,percent,11.6,11.7,1.000013880530607e-05
HHS Region 10,4 wk ahead,Bin,percent,11.7,11.8,1.0000094897835887e-05
HHS Region 10,4 wk ahead,Bin,percent,11.8,11.9,1.0000064637618745e-05
HHS Region 10,4 wk ahead,Bin,percent,11.9,12,1.0000043862480494e-05
HHS Region 10,4 wk ahead,Bin,percent,12,12.1,1.0000029653764008e-05
HHS Region 10,4 wk ahead,Bin,percent,12.1,12.2,1.00000199730903e-05
HHS Region 10,4 wk ahead,Bin,percent,12.2,12.3,1.0000013402613797e-05
HHS Region 10,4 wk ahead,Bin,percent,12.3,12.4,1.000000896009348e-05
HHS Region 10,4 wk ahead,Bin,percent,12.4,12.5,1.0000005967801615e-05
HHS Region 10,4 wk ahead,Bin,percent,12.5,12.6,1.0000003959998432e-05
HHS Region 10,4 wk ahead,Bin,percent,12.6,12.7,1.000000261790842e-05
HHS Region 10,4 wk ahead,Bin,percent,12.7,12.8,1.0000001724220028e-05
HHS Region 10,4 wk ahead,Bin,percent,12.8,12.9,1.0000001131383186e-05
HHS Region 10,4 wk ahead,Bin,percent,12.9,13,1.0000000739614734e-05
HHS Region 10,4 wk ahead,Bin,percent,13,100,1.0000000481703928e-05
